 40 
 1000 41 64 56 10 41 50 41 41 28 14 36 28 44 50 42 53 50 41 40 50 14 40 44 22 42 50 22 36 44 53 
 41 31 36 31 44 50 31 31 22 10 
 41 1000 31 84 44 80 75 58 70 22 53 14 66 10 40 41 14 22 58 80 14 36 50 78 20 22 88 50 70 30 44 
 82 70 72 72 53 56 64 10 31 40 
 64 31 1000 90 70 94 80 60 100 36 78 28 92 22 70 72 20 50 89 97 40 64 50 106 42 22 114 63 82 60 31 
 102 85 98 94 84 50 92 36 44 58 
 56 84 90 1000 64 30 10 30 84 63 58 72 62 82 106 98 92 102 94 40 97 70 40 81 67 70 70 36 22 100 60 
 50 31 72 50 100 41 75 75 53 50 
 10 44 70 64 1000 44 58 50 31 36 10 42 22 50 44 36 58 50 31 41 50 10 50 36 28 50 44 31 42 41 62 
 40 36 28 30 36 60 22 36 31 20 
 41 80 94 30 44 1000 31 42 58 60 36 70 36 80 88 80 90 91 70 10 90 53 50 53 60 72 40 31 14 84 72 
 20 10 44 22 78 56 50 70 50 40 
 50 75 80 10 58 31 1000 20 82 53 53 63 60 72 98 92 82 94 89 41 88 64 30 80 58 60 70 28 20 92 50 
 50 30 70 50 94 31 72 66 44 42 
 41 58 60 30 50 42 20 1000 80 36 50 44 60 53 86 80 63 78 81 50 72 53 10 80 42 41 75 20 28 78 31 
 58 36 70 53 84 14 70 50 28 31 
 41 70 100 84 31 58 82 80 1000 67 30 72 22 78 50 41 84 67 20 50 72 36 80 10 58 80 31 60 63 53 93 
 42 53 14 36 30 90 10 64 62 50 
 28 22 36 63 36 60 53 36 67 1000 42 10 56 20 53 50 30 42 60 63 36 31 28 72 10 14 78 30 50 44 30 
 66 50 64 58 60 36 58 14 10 22 
 14 53 78 58 10 36 53 50 30 42 1000 50 14 58 53 44 66 60 36 31 60 20 50 31 36 56 36 30 36 50 66 
 30 28 22 20 42 60 20 44 36 22 
 36 14 28 72 42 70 63 44 72 10 50 1000 64 10 50 50 20 36 63 72 28 36 36 78 14 10 86 40 60 41 31 
 75 60 70 67 60 42 64 10 20 31 
 28 66 92 62 22 36 60 60 22 56 14 64 1000 72 60 50 80 70 36 28 72 31 63 20 50 70 22 41 41 60 80 
 22 31 10 14 44 72 14 58 50 36 
 44 10 22 82 50 80 72 53 78 20 58 10 72 1000 50 50 10 31 67 82 22 42 44 84 22 14 94 50 70 40 36 
 85 70 78 75 63 50 70 14 30 41 
 50 40 70 106 44 88 98 86 50 53 53 50 60 50 1000 10 50 22 31 84 31 36 80 60 44 60 80 70 86 10 81 
 82 80 60 72 22 88 50 41 58 56 
 42 41 72 98 36 80 92 80 41 50 44 50 50 50 10 1000 53 28 22 75 36 28 75 50 41 60 70 64 78 14 80 
 72 72 50 63 14 84 40 40 53 50 
 53 14 20 92 58 90 82 63 84 30 66 20 80 10 50 53 1000 30 72 91 20 50 53 92 31 22 102 60 80 41 42 
 94 80 86 84 67 58 78 22 40 50 
 50 22 50 102 50 91 94 78 67 42 60 36 70 31 22 28 30 1000 50 90 10 40 70 76 36 44 92 67 84 14 66 
 90 81 72 80 42 78 63 28 50 53 
 41 58 89 94 31 70 89 81 20 60 36 63 36 67 31 22 72 50 1000 64 56 30 80 30 50 72 50 62 72 36 90 
 58 64 31 50 10 90 22 53 60 50 
 40 80 97 40 41 10 41 50 50 63 31 72 28 82 84 75 91 90 64 1000 90 50 56 44 60 75 30 36 22 81 78 
 10 14 36 14 72 64 42 70 53 41 
 50 14 40 97 50 90 88 72 72 36 60 28 72 22 31 36 20 10 56 90 1000 41 64 80 31 36 94 62 81 22 58 
 90 80 76 80 50 70 67 22 44 50 
 14 36 64 70 10 53 64 53 36 31 20 36 31 42 36 28 50 40 30 50 41 1000 50 42 22 44 53 36 50 31 60 
 50 44 36 40 31 60 28 28 30 22 
 40 50 50 40 50 50 30 10 80 28 50 36 63 44 80 75 53 70 80 56 64 50 1000 81 36 31 80 22 36 72 22 
 64 42 72 58 81 10 70 42 22 30 
 44 78 106 81 36 53 80 80 10 72 31 78 20 84 60 50 92 76 30 44 80 42 81 1000 64 86 22 60 60 63 97 
 36 50 10 31 40 91 14 70 66 53 
 22 20 42 67 28 60 58 42 58 10 36 14 50 22 44 41 31 36 50 60 31 22 36 64 1000 22 72 31 50 36 40 
 63 50 56 53 50 44 50 10 14 20 
 42 22 22 70 50 72 60 41 80 14 56 10 70 14 60 60 22 44 72 75 36 44 31 86 22 1000 92 41 60 50 22 
 80 63 78 72 70 36 72 20 22 36 
 50 88 114 70 44 40 70 75 31 78 36 86 22 94 80 70 102 92 50 30 94 53 80 22 72 92 1000 58 50 80 100 
 20 41 20 22 60 89 30 80 70 56 
 22 50 63 36 31 31 28 20 60 30 30 40 41 50 70 64 60 67 62 36 62 36 22 60 31 41 58 1000 20 64 42 
 42 22 50 36 66 31 50 41 20 14 
 36 70 82 22 42 14 20 28 63 50 36 60 41 70 86 78 80 84 72 22 81 50 36 60 50 60 50 20 1000 80 58 
 31 10 50 30 78 42 53 60 40 31 
 44 30 60 100 41 84 92 78 53 44 50 41 60 40 10 14 41 14 36 81 22 31 72 63 36 50 80 64 80 1000 72 
 80 75 60 70 28 80 50 31 50 50 
 53 44 31 60 62 72 50 31 93 30 66 31 80 36 81 80 42 66 90 78 58 60 22 97 40 22 100 42 58 72 1000 
 84 64 88 78 90 20 84 41 31 44 
 41 82 102 50 40 20 50 58 42 66 30 75 22 85 82 72 94 90 58 10 90 50 64 36 63 80 20 42 31 80 84 
 1000 22 28 10 66 72 36 72 58 44 
 31 70 85 31 36 10 30 36 53 50 28 60 31 70 80 72 80 81 64 14 80 44 42 50 50 63 41 22 10 75 64 
 22 1000 41 20 70 50 44 60 41 30 
 36 72 98 72 28 44 70 70 14 64 22 70 10 78 60 50 86 72 31 36 76 36 72 10 56 78 20 50 50 60 88 
 28 41 1000 22 41 81 10 64 58 44 
 31 72 94 50 30 22 50 53 36 58 20 67 14 75 72 63 84 80 50 14 80 40 58 31 53 72 22 36 30 70 78 
 10 20 22 1000 58 67 28 62 50 36 
 44 53 84 100 36 78 94 84 30 60 42 60 44 63 22 14 67 42 10 72 50 31 81 40 50 70 60 66 78 28 90 
 66 70 41 58 1000 91 31 50 60 53 
 50 56 50 41 60 56 31 14 90 36 60 42 72 50 88 84 58 78 90 64 70 60 10 91 44 36 89 31 42 80 20 
 72 50 81 67 91 1000 80 50 31 40 
 31 64 92 75 22 50 72 70 10 58 20 64 14 70 50 40 78 63 22 42 67 28 70 14 50 72 30 50 53 50 84 
 36 44 10 28 31 80 1000 56 53 41 
 31 10 36 75 36 70 66 50 64 14 44 10 58 14 41 40 22 28 53 70 22 28 42 70 10 20 80 41 60 31 41 
 72 60 64 62 50 50 56 1000 22 30 
 22 31 44 53 31 50 44 28 62 10 36 20 50 30 58 53 40 50 60 53 44 30 22 66 14 22 70 20 40 50 31 
 58 41 58 50 60 31 53 22 1000 14 
 10 40 58 50 20 40 42 31 50 22 22 31 36 41 56 50 50 53 50 41 50 22 30 53 20 36 56 14 31 50 44 
 44 30 44 36 53 40 41 30 14 1000 
