40 
 1000 50 90 80 94 63 80 20 90 10 41 100 70 70 28 75 22 58 44 30 22 36 100 80 60 78 85 50 70 84 86 
 66 84 44 102 53 88 50 120 92 64 
 50 1000 72 70 50 22 31 41 67 44 50 53 50 22 22 30 50 10 22 40 31 14 50 58 28 28 40 22 56 50 36 
 20 36 10 60 28 41 36 72 42 20 
 90 72 1000 14 50 92 86 70 10 80 50 60 22 64 72 92 70 78 53 60 70 75 84 14 100 72 100 94 20 31 80 
 84 67 80 50 44 94 41 80 75 56 
 80 70 14 1000 60 92 88 60 22 70 40 70 22 66 67 94 60 78 50 50 63 72 92 20 98 75 102 92 14 40 85 
 86 72 78 60 42 97 36 90 82 58 
 94 50 50 60 1000 60 44 78 41 86 72 10 41 30 67 53 84 50 50 70 72 62 36 40 70 31 58 70 50 20 36 
 50 22 60 10 42 50 50 31 28 31 
 63 22 92 92 60 1000 22 60 86 60 72 60 70 31 40 14 70 14 44 60 50 30 44 78 10 30 22 14 78 67 31 
 10 40 20 70 50 28 58 72 41 36 
 80 31 86 88 44 22 1000 72 78 75 80 41 66 22 53 10 81 22 50 70 62 44 22 72 31 14 14 36 75 56 10 
 14 22 36 53 50 10 60 50 20 31 
 20 41 70 60 78 60 72 1000 70 10 22 84 50 58 20 70 10 50 28 10 10 30 89 60 60 67 80 50 50 67 76 
 60 72 40 86 36 81 31 106 80 50 
 90 67 10 22 41 86 78 70 1000 80 53 50 20 56 70 84 72 72 50 60 70 72 75 10 94 64 92 89 22 22 72 
 78 58 76 40 41 86 40 70 66 50 
 10 44 80 70 86 60 75 10 80 1000 31 92 60 64 22 72 14 53 36 20 14 31 94 70 60 72 81 50 60 75 80 
 62 78 41 94 44 84 41 112 86 56 
 41 50 50 40 72 72 80 22 53 31 1000 80 36 60 36 80 20 60 30 14 28 44 91 44 75 70 90 66 31 56 80 
 70 72 53 78 31 90 22 102 81 50 
 100 53 60 70 10 60 41 84 50 92 80 1000 50 31 72 50 92 50 56 78 78 67 28 50 70 30 53 70 60 30 31 
 50 20 62 14 50 44 58 22 22 36 
 70 50 22 22 41 70 66 50 20 60 36 50 1000 44 50 72 53 56 31 41 50 53 70 10 78 53 80 72 10 22 63 
 64 50 58 44 22 75 20 72 60 36 
 70 22 64 66 30 31 22 58 56 64 60 31 44 1000 42 28 67 20 31 53 50 36 31 50 41 10 36 40 53 36 20 
 22 14 31 40 30 31 40 50 22 10 
 28 22 72 67 67 40 53 20 70 22 36 72 50 42 1000 50 30 31 20 22 10 10 72 60 41 50 60 31 53 60 58 
 41 56 20 76 30 62 31 92 64 36 
 75 30 92 94 53 14 10 70 84 72 80 50 72 28 50 1000 80 20 50 70 60 41 31 78 22 22 10 28 80 64 20 
 10 31 31 62 53 14 63 60 30 36 
 22 50 70 60 84 70 81 10 72 14 20 92 53 67 30 80 1000 60 36 14 20 40 98 63 70 76 90 60 50 72 85 
 70 80 50 92 42 91 36 114 89 58 
 58 10 78 78 50 14 22 50 72 53 60 50 56 20 31 20 60 1000 31 50 41 22 42 64 22 22 30 20 64 53 28 
 10 31 14 60 36 31 44 66 36 22 
 44 22 53 50 50 44 50 28 50 36 30 56 31 31 20 50 36 31 1000 22 22 22 62 41 50 41 60 42 36 41 50 
 41 44 28 58 10 60 14 78 53 22 
 30 40 60 50 70 60 70 10 60 20 14 78 41 53 22 70 14 50 22 1000 14 31 84 50 62 63 80 53 40 58 72 
 60 66 41 78 28 80 22 100 75 44 
 22 31 70 63 72 50 62 10 70 14 28 78 50 50 10 60 20 41 22 14 1000 20 80 60 50 58 70 41 50 62 67 
 50 64 30 80 31 72 30 98 72 42 
 36 14 75 72 62 30 44 30 72 31 44 67 53 36 10 41 40 22 22 31 20 1000 64 62 31 42 50 22 58 60 50 
 31 50 10 72 31 53 36 86 56 31 
 100 50 84 92 36 44 22 89 75 94 91 28 70 31 72 31 98 42 62 84 80 64 1000 72 53 22 30 58 80 53 14 
 36 20 56 42 60 20 70 30 10 41 
 80 58 14 20 40 78 72 60 10 70 44 50 10 50 60 78 63 64 41 50 60 62 72 1000 86 58 86 80 14 20 67 
 70 53 67 41 31 80 30 70 63 42 
 60 28 100 98 70 10 31 60 94 60 75 70 78 41 41 22 70 22 50 62 50 31 53 86 1000 40 28 10 84 75 41 
 20 50 22 80 56 36 64 81 50 44 
 78 28 72 75 31 30 14 67 64 72 70 30 53 10 50 22 76 22 41 63 58 42 22 58 40 1000 28 41 63 42 10 
 20 10 36 41 40 22 50 44 14 20 
 85 40 100 102 58 22 14 80 92 81 90 53 80 36 60 10 90 30 60 80 70 50 30 86 28 28 1000 36 88 70 22 
 20 36 41 66 63 10 72 60 31 44 
 50 22 94 92 70 14 36 50 89 50 66 70 72 40 31 28 60 20 42 53 41 22 58 80 10 41 36 1000 78 72 44 
 22 50 14 80 50 42 56 84 53 41 
 70 56 20 14 50 78 75 50 22 60 31 60 10 53 53 80 50 64 36 40 50 58 80 14 84 63 88 78 1000 31 72 
 72 60 64 53 28 84 22 81 70 44 
 84 50 31 40 20 67 56 67 22 75 56 30 22 36 60 64 72 53 41 58 62 60 53 20 75 42 70 72 31 1000 50 
 58 36 60 22 31 64 36 50 44 31 
 86 36 80 85 36 31 10 76 72 80 80 31 63 20 58 20 85 28 50 72 67 50 14 67 41 10 22 44 72 50 1000 
 22 14 42 44 50 14 60 41 10 30 
 66 20 84 86 50 10 14 60 78 62 70 50 64 22 41 10 70 10 41 60 50 31 36 70 20 20 20 22 72 58 22 
 1000 30 22 60 44 22 53 62 31 28 
 84 36 67 72 22 40 22 72 58 78 72 20 50 14 56 31 80 31 44 66 64 50 20 53 50 10 36 50 60 36 14 
 30 1000 44 31 41 28 50 36 10 22 
 44 10 80 78 60 20 36 40 76 41 53 62 58 31 20 31 50 14 28 41 30 10 56 67 22 36 41 14 64 60 42 
 22 44 1000 70 36 44 42 80 50 30 
 102 60 50 60 10 70 53 86 40 94 78 14 44 40 76 62 92 60 58 78 80 72 42 41 80 41 66 80 53 22 44 
 60 31 70 1000 50 58 56 30 36 41 
 53 28 44 42 42 50 50 36 41 44 31 50 22 30 30 53 42 36 10 28 31 31 60 31 56 40 63 50 28 31 50 
 44 41 36 50 1000 60 10 72 50 20 
 88 41 94 97 50 28 10 81 86 84 90 44 75 31 62 14 91 31 60 80 72 53 20 80 36 22 10 42 84 64 14 
 22 28 44 58 60 1000 70 50 22 41 
 50 36 41 36 50 58 60 31 40 41 22 58 20 40 31 63 36 44 14 22 30 36 70 30 64 50 72 56 22 36 60 
 53 50 42 56 10 70 1000 80 60 30 
 120 72 80 90 31 72 50 106 70 112 102 22 72 50 92 60 114 66 78 100 98 86 30 70 81 44 60 84 81 50 41 
 62 36 80 30 72 50 80 1000 31 56 
 92 42 75 82 28 41 20 80 66 86 81 22 60 22 64 30 89 36 53 75 72 56 10 63 50 14 31 53 70 44 10 
 31 10 50 36 50 22 60 31 1000 31 
 64 20 56 58 31 36 31 50 50 56 50 36 36 10 36 36 58 22 22 44 42 31 41 42 44 20 44 41 44 31 30 
 28 22 30 41 20 41 30 56 31 1000 