40 
 1000 64 40 70 78 90 82 50 14 70 10 86 76 108 70 90 94 60 97 30 112 66 92 70 81 41 86 22 80 102 106 
 50 58 10 20 94 20 72 44 75 50 
 64 1000 50 44 20 70 36 41 50 67 56 22 22 50 10 78 31 41 50 50 50 28 28 58 50 60 30 63 72 50 44 
 60 10 58 50 53 53 28 30 36 20 
 40 50 1000 80 53 50 81 14 31 31 41 70 70 78 50 50 80 72 64 10 89 36 72 30 44 10 58 22 41 70 80 
 14 50 30 44 58 20 72 20 42 30 
 70 44 80 1000 63 114 22 78 60 106 60 50 30 90 53 120 50 10 94 76 80 72 60 98 94 89 72 82 112 92 80 
 94 36 70 50 97 72 20 64 80 56 
 78 20 53 63 1000 58 50 41 64 60 72 22 36 31 10 66 31 60 31 58 36 20 20 50 36 63 10 72 63 30 28 
 60 30 70 67 36 64 44 36 22 28 
 90 70 50 114 58 1000 106 41 80 22 90 80 92 60 64 10 89 108 40 60 80 42 75 20 22 50 53 70 14 50 70 
 41 78 80 91 30 70 98 53 36 58 
 82 36 81 22 50 106 1000 75 70 102 72 31 14 72 42 114 30 28 80 80 60 64 41 94 84 91 58 90 108 75 60 
 93 31 80 63 86 80 10 62 70 53 
 50 41 14 78 41 41 75 1000 40 28 50 60 63 64 40 44 70 70 50 22 75 22 60 22 31 22 44 36 36 56 66 
 20 44 41 50 44 31 66 14 28 22 
 14 50 31 60 64 80 70 40 1000 62 10 72 63 94 56 81 80 50 84 22 98 53 78 60 70 36 72 22 72 89 92 
 44 44 10 14 81 14 60 31 62 36 
 70 67 31 106 60 22 102 28 62 1000 72 82 89 72 63 20 91 98 53 41 90 41 80 10 31 30 60 50 10 62 80 
 20 72 60 75 44 50 94 42 40 50 
 10 56 41 60 72 90 72 50 10 72 1000 78 67 102 64 91 86 50 94 31 106 63 84 70 80 44 80 28 81 97 100 
 53 50 14 10 91 22 63 41 72 44 
 86 22 70 50 22 80 31 60 72 82 78 1000 20 41 20 88 10 50 50 72 31 41 10 72 58 80 28 85 85 44 30 
 80 28 80 70 56 75 30 50 44 41 
 76 22 70 30 36 92 14 63 63 89 67 20 1000 60 28 100 22 31 66 70 50 50 30 80 70 80 44 80 94 63 50 
 81 20 72 58 72 70 10 50 56 41 
 108 50 78 90 31 60 72 64 94 72 102 41 60 1000 41 70 44 90 20 84 22 42 31 63 41 86 22 98 70 10 14 
 80 60 100 98 30 92 70 64 36 58 
 70 10 50 53 10 64 42 40 56 63 64 20 28 41 1000 72 30 50 41 53 42 22 22 53 42 60 20 66 66 40 36 
 60 20 64 58 44 58 36 31 28 22 
 90 78 50 120 66 10 114 44 81 20 91 88 100 70 72 1000 97 114 50 60 90 50 84 22 31 50 62 70 10 60 80 
 40 84 80 94 40 70 106 58 44 64 
 94 31 80 50 31 89 30 70 80 91 86 10 22 44 30 97 1000 53 56 81 30 50 14 81 67 90 36 94 94 50 31 
 90 36 89 78 64 84 31 60 53 50 
 60 41 72 10 60 108 28 70 50 98 50 50 31 90 50 114 53 1000 91 67 81 67 60 92 89 80 70 72 106 90 80 
 86 31 60 40 94 63 22 56 75 50 
 97 50 64 94 31 40 80 50 84 53 94 50 66 20 41 50 56 91 1000 72 41 31 42 44 22 70 22 86 50 10 31 
 64 60 89 91 10 80 75 53 22 50 
 30 50 10 76 58 60 80 22 22 41 31 72 70 84 53 60 81 67 72 1000 94 42 75 40 53 14 64 14 50 78 86 
 22 50 20 36 66 10 70 22 50 31 
 112 50 89 80 36 80 60 75 98 90 106 31 50 22 42 90 30 81 41 94 1000 53 22 80 60 97 31 108 90 31 10 
 94 58 106 100 50 100 60 72 50 64 
 66 28 36 72 20 42 64 22 53 41 63 41 50 42 22 50 50 67 31 42 53 1000 40 31 22 44 22 56 44 36 44 
 41 36 58 60 30 50 56 22 10 20 
 92 28 72 60 20 75 41 60 78 80 84 10 30 31 22 84 14 60 42 75 22 40 1000 70 53 82 22 88 82 36 20 
 80 36 86 78 50 80 40 53 41 44 
 70 58 30 98 50 20 94 22 60 10 70 72 80 63 53 22 81 92 44 40 80 31 70 1000 22 31 50 50 14 53 70 
 22 64 60 72 36 50 86 36 30 42 
 81 50 44 94 36 22 84 31 70 31 80 58 70 41 42 31 67 89 22 53 60 22 53 22 1000 50 31 66 30 31 50 
 42 58 72 80 14 62 78 40 14 41 
 41 60 10 89 63 50 91 22 36 30 44 80 80 86 60 50 90 80 70 14 97 44 82 31 50 1000 66 20 40 78 88 
 10 60 31 50 64 22 82 30 50 40 
 86 30 58 72 10 53 58 44 72 60 80 28 44 22 20 62 36 70 22 64 31 22 22 50 31 66 1000 78 60 20 22 
 63 40 78 76 28 70 53 42 20 36 
 22 63 22 82 72 70 90 36 22 50 28 85 80 98 66 70 94 72 86 14 108 56 88 50 66 20 78 1000 60 92 100 
 30 60 14 36 80 10 80 36 64 44 
 80 72 41 112 63 14 108 36 72 10 81 85 94 70 66 10 94 106 50 50 90 44 82 14 30 40 60 60 1000 60 80 
 30 78 70 85 41 60 100 50 41 56 
 102 50 70 92 30 50 75 56 89 62 97 44 63 10 40 60 50 90 10 78 31 36 36 53 31 78 20 92 60 1000 22 
 72 60 94 94 20 86 72 58 28 53 
 106 44 80 80 28 70 60 66 92 80 100 30 50 14 36 80 31 80 31 86 10 44 20 70 50 88 22 100 80 22 1000 
 85 53 98 94 41 92 60 64 41 56 
 50 60 14 94 60 41 93 20 44 20 53 80 81 80 60 40 90 86 64 22 94 41 80 22 42 10 63 30 30 72 85 
 1000 62 41 58 56 31 84 31 44 41 
 58 10 50 36 30 78 31 44 44 72 50 28 20 60 20 84 36 31 60 50 58 36 36 64 58 60 40 60 78 60 53 
 62 1000 53 42 63 50 22 31 44 22 
 10 58 30 70 70 80 80 41 10 60 14 80 72 100 64 80 89 60 89 20 106 58 86 60 72 31 78 14 70 94 98 
 41 53 1000 22 85 10 70 36 67 42 
 20 50 44 50 67 91 63 50 14 75 10 70 58 98 58 94 78 40 91 36 100 60 78 72 80 50 76 36 85 94 94 
 58 42 22 1000 90 28 53 40 70 41 
 94 53 58 97 36 30 86 44 81 44 91 56 72 30 44 40 64 94 10 66 50 30 50 36 14 64 28 80 41 20 41 
 56 63 85 90 1000 75 80 50 20 50 
 20 53 20 72 64 70 80 31 14 50 22 75 70 92 58 70 84 63 80 10 100 50 80 50 62 22 70 10 60 86 92 
 31 50 10 28 75 1000 70 28 58 36 
 72 28 72 20 44 98 10 66 60 94 63 30 10 70 36 106 31 22 75 70 60 56 40 86 78 82 53 80 100 72 60 
 84 22 70 53 80 70 1000 53 64 44 
 44 30 20 64 36 53 62 14 31 42 41 50 50 64 31 58 60 56 53 22 72 22 53 36 40 30 42 36 50 58 64 
 31 31 36 40 50 28 53 1000 31 10 
 75 36 42 80 22 36 70 28 62 40 72 44 56 36 28 44 53 75 22 50 50 10 41 30 14 50 20 64 41 28 41 
 44 44 67 70 20 58 64 31 1000 30 
 50 20 30 56 28 58 53 22 36 50 44 41 41 58 22 64 50 50 50 31 64 20 44 42 41 40 36 44 56 53 56 
 41 22 42 41 50 36 44 10 30 1000 