40 
 1000 84 31 72 22 53 36 10 56 14 66 70 22 31 41 22 28 78 50 31 44 28 53 44 72 22 31 53 60 20 42 
 30 50 14 50 53 86 58 60 64 31 
 84 1000 58 20 80 41 97 78 28 70 90 50 64 114 72 106 112 10 36 75 44 88 41 44 20 94 75 80 50 72 42 
 66 60 86 36 80 14 90 60 22 58 
 31 58 1000 50 41 22 60 30 31 20 78 62 10 62 50 50 58 50 30 44 31 50 41 14 42 50 20 36 30 14 20 
 10 22 40 22 64 62 72 58 36 28 
 72 20 50 1000 64 41 80 64 20 58 70 31 53 98 53 94 100 22 22 58 28 72 22 40 28 78 70 80 53 62 31 
 60 60 70 30 60 14 70 40 22 42 
 22 80 41 64 1000 60 20 14 53 22 44 53 31 36 20 40 41 75 44 10 36 10 42 50 72 14 50 72 70 36 41 
 44 62 10 50 31 78 36 41 63 22 
 53 41 22 41 60 1000 80 50 22 41 89 64 31 84 63 72 80 31 28 60 36 70 42 10 22 70 36 40 14 36 22 
 28 20 60 14 75 50 85 64 20 41 
 36 97 60 80 20 80 1000 31 72 41 40 64 50 30 28 44 41 94 63 22 53 10 58 70 91 14 66 88 90 53 60 
 62 81 22 70 31 94 30 50 82 41 
 10 78 30 64 14 50 31 1000 50 10 58 60 20 36 31 31 36 72 42 22 36 22 44 41 66 20 36 58 60 22 36 
 31 50 10 44 44 78 50 50 58 22 
 56 28 31 20 53 22 72 50 1000 42 72 42 36 86 50 78 84 22 10 50 20 62 22 20 20 67 50 60 36 44 14 
 41 41 58 10 60 31 70 44 10 31 
 14 70 20 58 22 41 41 10 42 1000 64 60 10 44 36 36 42 64 36 28 31 31 41 31 58 30 28 50 50 14 28 
 22 41 20 36 50 72 56 50 50 20 
 66 90 78 70 44 89 40 58 72 64 1000 41 70 70 28 81 80 90 63 36 53 41 50 80 91 50 92 112 102 78 67 
 84 100 53 75 14 80 10 30 81 50 
 70 50 62 31 53 64 64 60 42 60 41 1000 60 88 36 91 94 53 36 44 31 58 22 58 58 66 81 97 78 70 44 
 72 80 63 50 36 40 44 14 50 40 
 22 64 10 53 31 31 50 20 36 10 70 60 1000 53 42 42 50 56 31 36 30 41 40 22 50 40 22 42 40 10 22 
 14 31 30 28 56 66 64 53 42 22 
 31 114 62 98 36 84 30 36 86 44 70 88 53 1000 53 22 14 108 78 44 70 31 78 75 102 22 60 80 91 50 72 
 60 80 28 80 60 112 60 75 94 56 
 41 72 50 53 20 63 28 31 50 36 28 36 42 53 1000 60 60 70 40 10 30 22 31 53 70 31 64 84 75 50 41 
 56 72 30 50 14 67 22 22 60 22 
 22 106 50 94 40 72 44 31 78 36 81 91 42 22 60 1000 10 98 72 50 66 41 75 64 92 31 41 60 75 36 64 
 44 63 30 70 70 108 72 80 84 53 
 28 112 58 100 41 80 41 36 84 42 80 94 50 14 60 10 1000 106 78 50 72 40 80 72 100 30 50 70 84 44 70 
 53 72 31 78 70 114 70 81 92 58 
 78 10 50 22 75 31 94 72 22 64 90 53 56 108 70 98 106 1000 31 72 41 84 40 36 10 89 67 70 40 64 36 
 58 50 80 28 80 22 90 60 14 53 
 50 36 30 22 44 28 63 42 10 36 63 36 31 78 40 72 78 31 1000 41 10 53 14 22 30 58 50 63 42 41 10 
 40 44 50 14 50 36 60 36 20 22 
 31 75 44 58 10 60 22 22 50 28 36 44 36 44 10 50 50 72 41 1000 31 14 36 50 70 22 56 78 72 42 40 
 50 66 20 50 22 72 28 31 60 20 
 44 44 31 28 36 36 53 36 20 31 53 31 30 70 30 66 72 41 10 31 1000 44 10 28 40 50 50 67 50 40 14 
 41 50 42 22 41 42 50 28 30 14 
 28 88 50 72 10 70 10 22 62 31 41 58 41 31 22 41 40 84 53 14 44 1000 50 60 81 10 58 80 80 44 50 
 53 72 14 60 30 86 31 44 72 31 
 53 41 41 22 42 42 58 44 22 41 50 22 40 78 31 75 80 40 14 36 10 50 1000 36 41 56 60 75 56 50 22 
 50 58 50 28 40 36 50 22 31 22 
 44 44 14 40 50 10 70 41 20 31 80 58 22 75 53 64 72 36 22 50 28 60 36 1000 28 60 31 41 22 28 14 
 22 22 50 10 67 50 75 56 22 31 
 72 20 42 28 72 22 91 66 20 58 91 58 50 102 70 92 100 10 30 70 40 81 41 28 1000 84 58 60 30 56 31 
 50 41 75 22 80 31 90 63 10 50 
 22 94 50 78 14 70 14 20 67 30 50 66 40 22 31 31 30 89 58 22 50 10 56 60 84 1000 53 75 80 41 53 
 50 70 10 63 40 92 41 53 75 36 
 31 75 20 70 50 36 66 36 50 28 92 81 22 60 64 41 50 67 50 56 50 58 60 31 58 53 1000 22 36 14 40 
 10 22 44 41 78 81 84 75 53 44 
 53 80 36 80 72 40 88 58 60 50 112 97 42 80 84 60 70 70 63 78 67 80 75 41 60 75 22 1000 31 36 53 
 28 20 66 50 98 90 106 94 60 64 
 60 50 30 53 70 14 90 60 36 50 102 78 40 91 75 75 84 40 42 72 50 80 56 22 30 80 36 31 1000 41 36 
 31 14 70 28 89 60 97 78 31 53 
 20 72 14 62 36 36 53 22 44 14 78 70 10 50 50 36 44 64 41 42 40 44 50 28 56 41 14 36 41 1000 31 
 10 30 31 36 64 75 70 62 50 31 
 42 42 20 31 41 22 60 36 14 28 67 44 22 72 41 64 70 36 10 40 14 50 22 14 31 53 40 53 36 31 1000 
 30 36 44 10 53 44 63 42 22 20 
 30 66 10 60 44 28 62 31 41 22 84 72 14 60 56 44 53 58 40 50 41 53 50 22 50 50 10 28 31 10 30 
 1000 20 41 31 70 72 78 67 44 36 
 50 60 22 60 62 20 81 50 41 41 100 80 31 80 72 63 72 50 44 66 50 72 58 22 41 70 22 20 14 30 36 
 20 1000 60 31 86 70 94 78 40 50 
 14 86 40 70 10 60 22 10 58 20 53 63 30 28 30 30 31 80 50 20 42 14 50 50 75 10 44 66 70 31 44 
 41 60 1000 53 41 84 44 50 66 28 
 50 36 22 30 50 14 70 44 10 36 75 50 28 80 50 70 78 28 14 50 22 60 28 10 22 63 41 50 28 36 10 
 31 31 53 1000 63 41 72 50 14 30 
 53 80 64 60 31 75 31 44 60 50 14 36 56 60 14 70 70 80 50 22 41 30 40 67 80 40 78 98 89 64 53 
 70 86 41 63 1000 72 10 22 70 36 
 86 14 62 14 78 50 94 78 31 72 80 40 66 112 67 108 114 22 36 72 42 86 36 50 31 92 81 90 60 75 44 
 72 70 84 41 72 1000 81 50 30 56 
 58 90 72 70 36 85 30 50 70 56 10 44 64 60 22 72 70 90 60 28 50 31 50 75 90 41 84 106 97 70 63 
 78 94 44 72 10 81 1000 31 80 44 
 60 60 58 40 41 64 50 50 44 50 30 14 53 75 22 80 81 60 36 31 28 44 22 56 63 53 75 94 78 62 42 
 67 78 50 50 22 50 31 1000 53 31 
 64 22 36 22 63 20 82 58 10 50 81 50 42 94 60 84 92 14 20 60 30 72 31 22 10 75 53 60 31 50 22 
 44 40 66 14 70 30 80 53 1000 41 
 31 58 28 42 22 41 41 22 31 20 50 40 22 56 22 53 58 53 22 20 14 31 22 31 50 36 44 64 53 31 20 
 36 50 28 30 36 56 44 31 41 1000 