 80 
 1000 80 53 72 58 70 60 60 36 36 22 41 66 80 42 40 50 10 44 58 41 50 56 108 28 56 53 97 72 84 14 
 91 22 50 60 20 60 10 92 36 14 88 72 28 14 30 44 44 80 50 30 50 97 40 31 75 50 94 78 81 62 78 
 80 22 102 94 64 41 30 50 40 31 72 90 81 70 64 50 42 31 41 
 80 1000 31 80 50 66 20 114 50 72 90 75 44 50 64 41 70 80 41 36 40 108 64 70 60 50 84 50 31 20 90 
 14 60 58 22 80 106 90 70 58 72 50 14 66 70 88 50 66 10 100 81 31 31 84 97 22 30 60 75 30 22 62 
 20 93 60 41 72 102 50 36 94 53 36 10 10 22 42 56 53 72 44 
 53 31 1000 80 50 70 14 100 20 58 60 44 50 63 53 22 63 50 10 10 14 92 60 88 30 22 75 72 44 31 60 
 40 31 28 22 50 94 62 81 44 50 66 20 50 41 70 41 36 36 86 50 20 44 53 78 22 10 75 80 50 10 70 
 42 72 80 64 70 84 28 30 78 36 22 41 30 36 20 50 22 41 31 
 72 80 80 1000 31 14 72 50 80 36 94 103 36 36 31 60 22 80 80 90 70 50 20 50 81 100 22 53 50 98 86 
 94 72 100 62 88 40 78 30 41 58 44 84 44 75 50 40 100 72 41 97 60 111 106 58 93 70 41 10 56 81 22 
 64 64 50 58 10 53 60 50 44 50 100 86 89 58 100 30 90 93 50 
 58 50 50 31 1000 20 41 66 53 30 78 80 10 22 20 31 22 64 50 60 41 62 14 50 58 70 36 41 22 67 72 
 64 50 72 31 70 58 66 36 22 44 31 53 31 56 50 14 75 42 53 78 30 80 86 60 62 40 36 30 31 50 22 
 36 60 44 40 22 60 36 20 50 28 70 56 58 28 70 10 62 72 22 
 70 67 70 14 20 1000 60 60 72 36 92 97 22 22 28 50 22 78 70 80 60 60 14 41 75 90 30 41 36 84 84 
 80 66 91 50 86 50 78 22 36 56 31 72 42 72 53 31 93 58 50 94 50 97 102 62 81 60 30 10 42 70 10 
 50 66 40 44 10 60 53 40 50 44 90 72 75 44 90 22 81 88 41 
 60 20 14 72 41 60 1000 98 31 56 70 58 40 50 50 22 58 60 22 22 20 92 53 75 41 36 72 58 31 28 70 
 31 40 42 10 60 92 70 70 42 53 53 14 50 50 72 36 50 22 84 62 14 42 66 80 22 10 62 70 36 10 60 
 28 75 66 50 62 86 31 22 78 36 30 30 22 22 31 44 36 53 28 
 60 114 100 50 67 60 98 1000 88 42 80 101 75 81 50 78 44 70 94 108 86 10 53 100 84 110 31 100 88 126 70 
 128 75 106 92 80 10 60 80 56 53 91 112 50 72 31 64 103 108 14 90 84 140 100 30 120 92 90 60 97 106 70 
 102 40 100 103 50 20 72 78 22 64 122 122 120 94 116 58 97 91 70 
 36 50 20 80 53 72 31 89 1000 50 40 28 58 72 50 22 60 31 10 22 14 80 60 100 10 22 70 84 56 50 41 
 60 14 20 36 30 84 44 88 40 36 78 40 41 22 58 41 22 53 75 31 28 63 36 64 41 22 86 81 64 30 75 
 58 56 92 78 70 72 20 36 66 30 36 60 50 50 28 50 10 22 31 
 36 72 58 36 30 36 56 42 50 1000 58 70 40 50 10 36 14 44 53 66 44 36 22 75 50 72 20 70 50 84 50 
 86 40 70 50 53 36 42 58 14 22 60 70 10 41 20 22 70 66 28 62 42 98 72 30 78 50 63 42 60 64 44 
 62 31 72 70 28 31 31 36 22 22 80 80 78 53 75 20 60 60 28 
 22 90 60 94 78 92 70 80 40 58 1000 28 86 100 64 53 72 14 50 60 50 70 78 128 30 53 75 116 88 90 10 
 100 31 44 72 10 80 20 112 56 36 108 80 50 22 50 64 36 91 70 14 62 100 22 50 80 60 114 100 97 70 98 
 93 40 122 110 86 60 44 66 60 50 72 100 90 84 62 70 41 22 58 
 41 76 44 104 80 98 58 101 28 70 28 1000 86 100 72 50 81 31 36 41 42 91 84 128 22 30 90 112 84 70 36 
 81 31 20 64 22 100 44 116 62 50 106 62 60 30 70 66 10 80 90 14 56 80 10 72 60 50 114 106 92 53 102 
 86 62 120 106 93 81 44 64 80 53 50 84 72 78 40 75 22 10 58 
 67 44 50 36 10 22 40 76 58 40 86 86 1000 14 30 36 31 72 53 60 44 72 22 42 64 72 44 31 14 62 80 
 58 56 75 30 78 66 75 31 31 53 22 50 41 64 60 22 80 36 62 84 31 75 92 70 60 41 28 31 22 50 20 
 28 70 36 30 28 70 42 22 60 36 70 50 53 22 70 20 66 78 28 
 80 50 63 36 22 22 50 82 72 50 100 100 14 1000 41 50 40 86 66 72 58 80 30 28 78 84 50 20 20 70 94 
 62 70 88 41 92 72 88 20 44 66 10 60 53 78 70 36 94 41 70 98 44 81 106 80 70 53 14 28 22 60 14 
 31 81 22 22 31 80 56 36 70 50 80 53 60 30 81 31 80 92 42 
 42 64 53 31 20 28 50 50 50 10 64 72 30 41 1000 31 10 50 50 62 41 44 14 66 50 70 22 60 41 78 56 
 78 41 70 42 58 42 50 50 10 28 50 64 14 44 30 14 70 58 36 66 36 92 75 40 72 44 53 36 50 58 36 
 53 41 63 60 22 41 30 28 31 20 75 72 70 44 72 10 60 62 22 
 40 41 22 60 31 50 22 78 22 36 53 50 36 50 31 1000 41 41 20 31 10 70 40 78 28 40 53 64 36 50 50 
 53 22 41 20 44 72 50 66 22 31 56 36 28 31 50 20 44 40 64 50 10 64 56 58 42 14 64 60 44 28 53 
 41 53 70 58 50 64 10 14 56 14 44 50 44 31 41 30 31 42 10 
 50 70 63 22 22 22 58 44 60 14 72 82 31 40 10 41 1000 58 60 72 50 41 10 62 60 80 14 60 44 86 64 
 84 50 80 50 66 36 56 44 20 36 50 72 22 53 31 22 80 64 31 75 44 100 84 41 80 53 50 28 53 66 31 
 58 44 60 60 14 40 40 36 30 30 84 78 78 50 81 14 70 72 31 
 10 80 50 80 64 78 60 70 31 44 14 31 72 86 50 41 58 1000 41 53 40 60 64 114 22 50 63 102 75 81 10 
 90 20 42 60 10 70 14 98 42 22 94 70 36 10 40 50 36 80 60 20 50 94 30 41 72 50 100 86 84 60 84 
 81 31 108 97 72 50 31 53 50 36 66 90 80 72 58 56 36 22 44 
 44 41 10 80 50 70 22 94 10 53 50 36 53 67 50 20 60 41 1000 14 10 86 60 94 20 20 72 78 50 41 50 
 50 22 22 28 40 88 53 84 41 42 72 30 44 31 64 40 28 44 80 41 22 53 44 70 31 14 80 80 56 20 72 
 50 64 86 70 70 78 22 31 72 31 28 50 40 42 22 50 14 31 30 
 58 36 10 90 60 80 22 108 22 67 60 41 60 72 63 31 72 53 14 1000 22 100 70 97 31 14 84 80 53 30 62 
 41 36 22 31 50 102 66 91 53 56 75 22 58 44 78 50 31 42 94 50 30 41 50 84 20 20 84 90 58 14 80 
 50 78 88 72 80 92 36 40 86 44 14 44 31 44 10 60 20 40 41 
 41 40 14 70 41 60 20 86 14 44 50 42 44 58 41 10 50 40 10 22 1000 78 50 86 22 30 62 70 42 44 50 
 50 20 31 22 41 80 50 75 31 36 64 31 36 30 56 30 36 41 72 44 14 58 50 64 36 10 72 70 50 22 62 
 44 58 78 64 60 70 14 22 64 22 36 50 41 36 31 40 22 36 20 
 50 108 92 50 63 60 92 10 80 36 70 92 72 80 44 70 41 60 86 100 78 1000 50 100 75 102 30 100 84 120 60 
 122 66 97 86 70 14 50 80 50 44 90 106 42 62 22 58 94 102 10 80 78 134 90 20 112 84 90 60 94 98 70 
 97 30 100 100 50 10 64 72 14 56 114 116 114 88 108 53 88 81 64 
 56 64 60 20 14 14 53 53 60 22 78 85 22 30 14 40 10 64 60 70 50 50 1000 53 62 80 22 50 36 80 70 
 78 53 80 44 72 44 64 36 22 42 40 66 28 58 41 20 81 56 41 80 41 94 88 50 75 50 41 22 44 62 22 
 50 53 50 50 10 50 41 31 40 31 81 70 72 42 80 10 70 75 30 
 108 70 89 50 50 41 76 100 100 76 128 128 42 28 67 78 63 114 94 98 86 100 53 1000 106 110 70 20 44 90 
 122 
 80 98 116 66 120 90 116 20 72 94 22 81 80 106 94 64 122 60 90 126 72 100 134 103 91 80 14 40 41 84 31 
 50 106 10 30 50 100 84 64 91 78 103 70 80 53 106 58 108 120 70 
 28 60 30 82 58 76 41 85 10 50 30 22 64 78 50 28 60 22 20 31 22 76 63 106 1000 28 70 92 64 60 31 
 70 10 22 44 20 81 36 94 41 31 84 50 40 14 53 44 20 62 72 22 36 72 28 58 50 31 92 84 72 40 80 
 66 50 98 86 72 66 22 42 62 31 44 70 60 58 36 53 14 14 36 
 56 50 22 100 70 90 36 111 22 72 53 30 72 85 70 40 80 50 20 14 30 102 80 111 28 1000 91 94 66 41 58 
 53 36 10 44 44 106 64 103 60 58 88 36 62 42 80 60 20 56 97 41 41 50 40 86 31 31 97 100 72 28 91 
 64 78 102 86 90 94 41 50 88 50 20 58 44 58 10 70 14 31 50 
 53 84 76 22 36 30 72 31 70 20 76 90 44 50 22 53 14 63 72 85 63 30 22 70 70 92 1000 70 58 100 66 
 98 60 90 64 72 22 58 50 31 41 60 86 30 60 28 36 90 78 20 81 58 114 91 36 94 66 60 31 66 80 40 
 72 42 70 72 20 31 50 50 22 41 97 92 92 64 93 28 80 80 44 
 98 50 72 53 41 41 58 101 84 70 116 113 31 20 60 64 60 102 78 80 70 100 50 20 92 94 70 1000 28 70 111 
 60 86 100 50 108 91 106 28 62 84 10 62 72 94 90 53 106 41 90 114 56 80 120 100 72 64 14 44 22 66 31 
 31 100 10 10 50 100 72 50 90 66 84 50 60 36 88 50 92 106 58 
 72 31 44 50 22 36 31 89 56 50 89 84 14 20 41 36 44 76 50 53 42 85 36 44 64 67 58 28 1000 50 84 
 44 58 72 22 80 80 81 40 40 60 22 40 50 66 70 30 78 22 75 86 28 62 92 80 50 36 31 44 10 41 31 
 14 80 36 22 42 81 44 22 72 41 60 36 41 10 62 31 64 78 31 
 85 20 31 98 67 85 28 127 50 84 90 70 63 70 78 50 86 82 41 30 44 120 80 90 60 41 100 70 50 1000 91 
 14 62 50 36 80 120 93 90 70 80 70 14 78 72 100 64 60 30 112 80 42 14 80 108 10 36 80 94 50 22 81 
 40 102 80 60 89 114 58 50 106 64 22 22 10 41 31 72 50 70 56 
 14 90 60 86 72 84 70 70 41 50 10 36 80 94 56 50 64 10 50 63 50 60 70 122 31 58 67 111 85 92 1000 
 100 30 50 70 14 70 10 106 50 28 102 80 42 20 41 58 42 90 60 22 60 103 31 40 81 60 108 92 94 70 92 
 91 30 116 107 78 50 41 62 50 44 75 100 90 81 66 64 44 28 53 
 92 14 40 94 64 80 31 128 60 86 100 82 58 63 78 53 84 90 50 41 50 122 78 80 70 53 98 60 44 14 100 
 1000 70 63 36 90 120 100 81 72 84 60 20 80 80 102 64 72 22 114 90 44 20 91 110 22 41 70 88 41 30 75 
 31 106 70 50 86 116 62 50 108 66 36 10 10 36 44 70 60 80 58 
 22 60 31 72 50 67 40 76 14 40 31 31 56 70 41 22 50 20 22 36 20 67 53 98 10 36 60 86 58 63 30 
 70 1000 31 41 22 72 31 86 31 22 78 50 30 10 44 36 30 60 63 28 31 75 36 50 53 30 84 75 66 41 72 
 62 42 92 80 62 58 14 36 53 22 50 70 60 53 42 44 22 22 28 
 50 58 28 100 72 92 42 107 20 70 44 20 76 89 70 41 80 42 22 22 31 98 80 116 22 10 90 100 72 50 50 
 63 31 1000 50 36 103 56 106 60 53 94 44 60 36 75 60 10 64 94 31 44 60 30 80 41 36 102 101 78 36 93 
 70 72 108 92 90 88 40 53 84 50 30 66 53 64 20 70 10 22 50 
 60 22 22 63 31 50 10 92 36 50 72 64 30 41 42 20 50 60 28 31 22 86 44 67 44 44 64 50 22 36 70 
 36 41 50 1000 62 84 70 60 36 50 44 22 44 50 66 28 56 20 78 66 10 50 72 75 31 14 53 60 28 20 50 
 22 72 58 42 53 80 30 14 72 31 40 31 28 14 41 36 42 58 22 
 20 80 50 89 70 86 60 80 30 53 10 22 78 92 58 44 67 10 40 50 41 70 72 120 20 44 72 108 80 80 14 
 90 22 36 63 1000 80 22 106 50 31 100 70 44 14 50 56 28 81 70 10 53 91 20 50 70 50 106 94 88 60 92 
 84 41 114 102 80 60 36 58 60 42 62 90 80 75 53 64 31 14 50 
 60 106 94 40 58 50 92 10 85 36 80 100 67 72 42 72 36 70 89 102 80 14 44 90 82 107 22 92 80 120 70 
 120 72 104 84 80 1000 60 70 50 50 81 106 44 70 30 56 100 100 10 90 78 134 100 31 114 86 80 50 88 100 60 
 94 41 90 94 41 22 66 70 20 58 116 114 112 86 110 50 93 90 64 
 10 90 63 78 67 78 70 60 44 42 20 44 76 89 50 50 56 14 53 67 50 50 64 116 36 64 58 107 82 94 10 
 101 31 56 70 22 60 1000 100 44 22 97 81 36 22 31 53 50 90 50 31 60 106 41 30 84 60 102 84 91 72 86 
 90 20 110 103 70 40 40 60 41 41 80 100 91 80 72 58 50 36 50 
 92 70 82 30 36 22 70 80 89 58 113 116 31 20 50 67 44 98 85 92 76 80 36 20 94 104 50 28 40 90 106 
 82 86 107 60 106 70 100 1000 56 78 22 80 64 92 75 50 111 60 70 114 62 100 122 84 90 72 14 20 41 80 14 
 50 88 22 36 31 81 72 53 72 64 100 72 80 50 101 42 97 108 58 
 36 58 44 41 22 36 42 56 40 14 56 63 31 44 10 22 20 42 41 53 31 50 22 72 41 60 31 63 40 70 50 
 72 31 60 36 50 50 44 56 1000 22 53 56 10 36 31 10 60 53 42 58 28 84 66 41 64 36 58 44 50 50 42 
 50 40 66 60 31 44 20 22 36 10 66 66 64 41 62 14 50 53 14 
 14 72 50 58 44 56 53 53 36 22 36 50 53 67 28 31 36 22 42 56 36 44 42 94 31 58 41 85 60 80 28 
 85 22 53 50 31 50 22 78 22 1000 75 66 14 20 22 31 50 70 41 41 41 94 50 28 72 44 80 64 70 58 64 
 70 22 88 81 50 36 22 40 31 20 70 81 75 60 64 36 44 40 30 
 89 50 67 44 31 31 53 92 78 60 108 106 22 10 50 56 50 94 72 76 64 90 40 22 84 89 60 10 22 70 102 
 60 78 94 44 100 82 98 22 53 76 1000 60 62 86 80 44 100 40 80 106 50 80 112 90 70 58 10 36 20 62 22 
 30 91 14 14 41 90 64 42 80 58 81 50 60 31 84 41 86 98 50 
 72 14 20 85 53 72 14 113 40 70 80 63 50 60 64 36 72 70 30 22 31 106 67 82 50 36 86 63 40 14 80 
 20 50 44 22 70 106 82 80 56 67 60 1000 64 60 86 50 53 22 98 70 28 28 72 94 10 22 70 81 41 10 70 
 31 88 72 53 75 100 44 36 92 50 22 22 10 30 28 58 41 60 42 
 28 67 50 44 31 42 50 50 41 10 50 60 41 53 14 28 22 36 44 58 36 42 28 80 40 63 30 72 50 78 42 
 80 30 60 44 44 44 36 64 10 14 63 64 1000 31 22 20 60 62 36 53 36 92 62 31 70 42 66 50 60 56 50 
 60 30 75 70 36 36 22 31 28 14 72 75 72 50 66 22 50 50 22 
 14 70 41 76 56 72 50 72 22 41 22 30 64 78 44 31 53 10 31 44 30 63 58 106 14 42 60 94 67 72 20 
 80 10 36 50 14 70 22 92 36 20 86 60 31 1000 41 42 31 70 60 22 41 84 31 44 62 40 92 80 75 50 78 
 72 36 100 88 66 53 22 44 50 28 58 80 70 62 50 50 28 20 36 
 30 89 70 50 50 53 72 31 58 20 50 70 60 70 30 50 31 40 64 78 56 22 41 94 53 80 28 90 70 100 41 
 102 44 76 67 50 30 31 76 31 22 80 86 22 41 1000 41 72 84 20 60 58 114 70 10 92 64 81 58 80 78 62 
 81 14 91 90 44 14 42 53 10 36 92 97 94 72 86 40 66 60 44 
 44 50 41 40 14 31 36 64 41 22 64 67 22 36 14 20 22 50 40 50 30 58 20 64 44 60 36 53 30 64 58 
 64 36 60 28 56 56 53 50 10 31 44 50 20 42 41 1000 62 44 50 64 22 78 72 50 58 31 50 41 40 44 36 
 41 50 58 50 30 53 22 14 44 14 62 58 56 31 60 10 50 58 10 
 44 67 36 101 76 94 50 104 22 70 36 10 80 94 70 44 80 36 28 31 36 94 82 122 20 20 90 106 78 60 42 
 72 30 10 56 28 101 50 111 60 50 100 53 60 31 72 63 1000 72 91 22 50 70 20 75 50 42 108 103 84 44 97 
 78 66 114 98 91 84 41 58 81 50 40 75 62 70 30 72 14 14 53 
 80 10 36 72 42 58 22 108 53 67 92 80 36 41 58 40 64 80 44 42 41 102 56 60 63 56 78 41 22 30 90 
 22 60 64 20 82 100 90 60 53 70 40 22 63 70 85 44 72 1000 94 84 30 41 88 94 31 31 50 66 20 28 53 
 10 91 50 31 64 97 50 31 88 50 44 14 20 14 50 50 58 75 41 
 50 100 86 41 53 50 84 14 76 28 70 90 63 70 36 64 31 60 80 94 72 10 41 90 72 98 20 90 76 113 60 
 114 63 94 78 70 10 50 70 42 41 80 98 36 60 20 50 92 94 1000 80 70 126 90 22 106 78 80 50 84 92 60 
 88 31 90 91 40 14 58 64 10 50 108 108 106 80 102 44 84 80 56 
 30 82 50 98 78 94 63 90 31 63 14 14 84 98 67 50 76 20 41 50 44 80 80 127 22 41 82 114 86 80 22 
 90 28 31 67 10 90 31 114 58 41 106 70 53 22 60 64 22 85 80 1000 58 90 10 60 70 53 112 102 94 60 100 
 88 50 120 108 88 70 42 64 70 50 60 91 80 80 50 72 30 10 56 
 50 31 20 60 30 50 14 84 28 42 63 56 31 44 36 10 44 50 22 30 14 78 41 72 36 41 58 56 28 42 60 
 44 31 44 10 53 78 60 63 28 41 50 28 36 41 58 22 50 30 70 58 1000 56 64 66 36 10 58 60 36 22 50 
 31 62 64 50 50 72 20 10 64 22 41 41 36 22 40 31 36 50 14 
 98 31 44 111 80 98 42 141 63 98 101 80 76 82 92 64 100 94 53 41 58 134 94 100 72 50 114 80 63 14 104 
 20 76 60 50 92 134 107 101 84 94 80 28 92 85 114 78 70 41 127 90 56 1000 90 122 22 50 90 106 60 36 94 
 50 116 90 70 102 128 72 64 120 78 30 30 22 53 40 86 60 80 70 
 40 85 53 107 86 102 67 100 36 72 22 10 92 106 76 56 85 30 44 50 50 90 89 134 28 40 92 120 92 80 31 
 92 36 30 72 20 100 41 122 67 50 113 72 63 31 70 72 20 89 90 10 64 90 1000 70 70 58 120 111 100 62 108 
 94 60 126 114 97 80 50 70 80 58 60 94 81 86 50 80 31 14 64 
 31 98 78 58 60 63 80 30 64 30 50 72 70 80 40 58 41 41 70 84 64 20 50 104 58 86 36 100 80 108 40 
 111 50 80 76 50 31 30 85 41 28 90 94 31 44 10 50 76 94 22 60 67 122 70 1000 100 72 91 66 90 86 72 
 91 10 100 100 53 10 50 62 14 44 98 106 102 81 92 50 72 62 53 
 76 22 22 94 63 82 22 120 41 78 80 60 60 70 72 42 80 72 31 20 36 113 76 92 50 31 94 72 50 10 82 
 22 53 41 31 70 114 85 90 64 72 70 10 70 63 92 58 50 31 106 70 36 22 70 100 1000 28 80 91 50 14 80 
 41 94 81 62 84 106 50 44 98 56 14 28 14 40 22 66 40 60 50 
 50 30 10 70 40 60 10 92 22 50 60 50 41 53 44 14 53 50 14 20 10 84 50 80 31 31 67 64 36 36 60 
 41 30 36 14 50 86 60 72 36 44 58 22 42 40 64 31 42 31 78 53 10 50 58 72 28 1000 66 70 42 14 60 
 36 66 72 56 60 78 22 20 70 28 31 40 31 28 30 41 28 44 22 
 94 60 76 41 36 30 63 90 86 63 114 114 28 14 53 64 50 100 80 85 72 90 41 14 92 98 60 14 31 80 108 
 70 84 102 53 106 80 102 14 58 80 10 70 67 92 82 50 108 50 80 113 58 90 120 92 80 67 1000 31 30 72 20 
 40 94 10 22 40 90 70 50 80 64 91 60 70 41 93 44 94 106 56 
 78 76 80 10 30 10 70 60 82 42 100 107 31 28 36 60 28 86 80 90 70 60 22 40 85 100 31 44 44 94 92 
 89 76 101 60 94 50 84 20 44 64 36 82 50 80 58 41 104 67 50 102 60 107 111 67 92 70 31 1000 50 80 14 
 58 72 41 50 14 62 62 50 53 53 100 80 84 53 100 31 91 97 50 
 82 30 50 56 31 42 36 98 64 60 98 92 22 22 50 44 53 85 56 58 50 94 44 41 72 72 67 22 10 50 94 
 41 67 78 28 89 89 92 41 50 70 20 41 60 76 80 40 84 20 85 94 36 60 100 90 50 42 30 50 1000 44 36 
 10 90 31 14 50 91 53 31 81 50 63 31 40 14 66 41 70 86 41 
 63 22 10 82 50 70 10 106 30 64 70 53 50 60 58 28 67 60 20 14 22 98 63 85 40 28 80 67 41 22 70 
 30 41 36 20 60 100 72 80 50 58 63 10 56 50 78 44 44 28 92 60 22 36 63 86 14 14 72 80 44 1000 70 
 36 80 75 58 72 92 36 31 84 42 20 31 20 31 22 53 31 50 36 
 78 63 70 22 22 10 60 70 76 44 98 102 20 14 36 53 31 84 72 80 63 70 22 31 80 92 40 31 31 82 92 
 76 72 94 50 92 60 86 14 42 64 22 70 50 78 63 36 98 53 60 100 50 94 108 72 80 60 20 14 36 70 1000 
 44 75 30 36 20 70 58 41 60 50 90 66 72 41 90 28 84 94 44 
 80 20 42 64 36 50 28 102 58 63 94 86 28 31 53 41 58 82 50 50 44 98 50 50 67 64 72 31 14 40 92 
 31 63 70 22 85 94 90 50 50 70 30 31 60 72 82 41 78 10 89 89 31 50 94 92 41 36 40 58 10 36 44 
 1000 90 41 22 56 94 50 30 84 50 53 22 30 10 58 44 64 80 40 
 22 94 72 64 60 67 76 40 56 31 40 63 70 82 41 53 44 31 64 78 58 30 53 107 50 78 42 101 80 102 30 
 107 42 72 72 41 41 20 89 40 22 92 89 30 36 14 50 67 92 31 50 63 116 60 10 94 67 94 72 90 80 76 
 90 1000 103 100 58 20 44 60 22 41 92 103 97 80 84 50 64 53 50 
 102 60 80 50 44 40 67 100 92 72 122 120 36 22 63 70 60 108 86 89 78 100 50 10 98 102 70 10 36 80 116 
 70 92 108 58 114 90 111 22 67 89 14 72 76 100 92 58 114 50 90 120 64 90 127 101 82 72 10 41 31 76 30 
 41 104 1000 20 50 100 78 56 90 72 94 60 70 44 97 53 100 112 64 
 94 41 64 58 40 44 50 104 78 70 111 106 30 22 60 58 60 98 70 72 64 101 50 30 86 86 72 10 22 60 107 
 50 80 92 42 102 94 104 36 60 82 14 53 70 89 90 50 98 31 92 108 50 70 114 100 63 56 22 50 14 58 36 
 22 100 20 1000 53 100 66 44 90 63 75 40 50 28 80 50 84 100 53 
 64 72 70 10 22 10 63 50 70 28 86 94 28 31 22 50 14 72 70 80 60 50 10 50 72 90 20 50 42 89 78 
 86 63 90 53 80 41 70 31 31 50 41 76 36 67 44 30 92 64 40 89 50 102 98 53 85 60 40 14 50 72 20 
 56 58 50 53 1000 50 50 41 41 41 91 78 80 50 90 20 80 84 40 
 41 102 84 53 60 60 86 20 72 31 60 82 70 80 41 64 40 50 78 92 70 10 50 101 67 94 31 100 82 114 50 
 116 58 89 80 60 22 40 82 44 36 90 100 36 53 14 53 85 98 14 70 72 128 80 10 106 78 90 63 92 92 70 
 94 20 100 100 50 1000 56 66 10 50 106 110 108 84 100 50 80 72 58 
 30 50 28 60 36 53 31 72 20 31 44 44 42 56 30 10 40 31 22 36 14 64 41 84 22 41 50 72 44 58 41 
 63 14 40 30 36 67 40 72 20 22 64 44 22 22 42 22 41 50 58 42 20 72 50 50 50 22 70 63 53 36 58 
 50 44 78 67 50 56 1000 22 50 10 50 60 53 41 44 31 30 36 14 
 50 36 30 50 20 40 22 78 36 36 67 64 22 36 28 14 36 53 31 40 22 72 31 64 42 50 50 50 22 50 63 
 50 36 53 14 58 70 60 53 22 40 42 36 31 44 53 14 58 31 64 64 10 64 70 63 44 20 50 50 31 31 41 
 30 60 56 44 41 67 22 1000 58 20 50 44 42 20 50 22 44 56 10 
 40 94 78 44 50 50 78 22 67 22 60 80 60 70 31 56 30 50 72 86 64 14 40 92 63 89 22 90 72 106 50 
 108 53 85 72 60 20 41 72 36 31 80 92 28 50 10 44 82 89 10 70 64 120 80 14 98 70 80 53 82 84 60 
 85 22 90 90 41 10 50 58 1000 42 100 102 100 75 94 41 75 70 50 
 31 53 36 50 28 44 36 64 30 22 50 53 36 50 20 14 30 36 31 44 22 56 31 78 31 50 41 67 41 64 44 
 67 22 50 31 42 58 41 64 10 20 58 50 14 28 36 14 50 50 50 50 22 78 58 44 56 28 64 53 50 42 50 
 50 41 72 63 41 50 10 20 42 1000 58 62 58 40 53 22 40 44 10 
 72 36 22 101 70 90 30 122 36 80 72 50 70 80 76 44 85 67 28 14 36 114 82 104 44 20 98 85 60 22 76 
 36 50 30 40 63 116 80 100 67 70 82 22 72 58 92 63 40 44 108 60 41 30 60 98 14 31 92 100 63 20 90 
 53 92 94 76 92 106 50 50 100 58 1000 42 28 50 10 72 31 50 53 
 90 10 41 86 56 72 30 122 60 80 100 85 50 53 72 50 78 90 50 44 50 116 70 70 70 58 92 50 36 22 100 
 10 70 67 31 90 114 100 72 67 82 50 22 76 80 98 58 76 14 108 92 41 30 94 107 28 40 60 80 31 31 67 
 22 104 60 40 78 111 60 44 102 63 42 1000 14 28 50 64 62 81 53 
 82 10 30 89 58 76 22 120 50 78 90 72 53 60 70 44 78 80 40 31 41 114 72 80 60 44 92 60 41 10 90 
 10 60 53 28 80 113 92 80 64 76 60 10 72 70 94 56 63 20 106 80 36 22 82 102 14 31 70 85 40 20 72 
 30 98 70 50 80 108 53 42 100 58 28 14 1000 31 36 64 50 70 50 
 70 22 36 58 28 44 22 94 50 53 85 78 22 30 44 31 50 72 42 44 36 89 42 53 58 58 64 36 10 41 82 
 36 53 64 14 76 86 80 50 41 60 31 30 50 63 72 31 70 14 80 80 22 53 86 82 40 28 41 53 14 31 41 
 10 80 44 28 50 85 41 20 76 40 50 28 31 1000 53 36 56 72 30 
 64 42 20 100 70 90 31 116 28 76 63 40 70 82 72 41 82 58 22 10 31 108 80 107 36 10 94 89 63 31 67 
 44 42 20 41 53 111 72 101 63 64 85 28 67 50 86 60 30 50 102 50 40 40 50 92 22 30 94 100 67 22 90 
 58 84 98 80 90 100 44 50 94 53 10 50 36 53 1000 70 22 41 50 
 50 56 50 30 10 22 44 58 50 20 70 76 20 31 10 30 14 56 50 60 40 53 10 58 53 70 28 50 31 72 64 
 70 44 70 36 64 50 58 42 14 36 41 58 22 50 40 10 72 50 44 72 31 86 80 50 67 41 44 31 41 53 28 
 44 50 53 50 20 50 31 22 41 22 72 64 64 36 70 1000 60 66 20 
 42 53 22 90 63 82 36 98 10 60 41 22 67 80 60 31 70 36 14 20 22 89 70 108 14 14 80 92 64 50 44 
 60 22 10 42 31 94 50 98 50 44 86 41 50 28 67 50 14 58 85 30 36 60 31 72 40 28 94 92 70 31 85 
 64 64 100 84 80 80 30 44 76 40 31 63 50 56 22 60 1000 20 41 
 31 72 41 94 72 89 53 92 22 60 22 10 78 92 63 42 72 22 31 40 36 82 76 120 14 31 80 106 78 70 28 
 80 22 22 58 14 90 36 108 53 40 98 60 50 20 60 58 14 76 80 10 50 80 14 63 60 44 106 98 86 50 94 
 80 53 113 100 85 72 36 56 70 44 50 82 70 72 41 67 20 1000 50 
 41 44 31 50 22 41 28 70 31 28 58 58 28 42 22 10 31 44 30 41 20 64 30 70 36 50 44 58 31 56 53 
 58 28 50 22 50 64 50 58 14 30 50 42 22 36 44 10 53 41 56 56 14 70 64 53 50 22 56 50 41 36 44 
 40 50 64 53 40 58 14 10 50 10 53 53 50 30 50 20 41 50 1000 
