16
1000 22 20 62 10 30 31 41 14 20 14 20 10 22 22 58 28 
22 1000 41 64 31 28 36 42 10 36 36 22 28 20 14 64 41 
20 41 1000 60 10 36 31 41 31 28 14 28 22 41 36 50 20 
62 64 60 1000 60 36 31 22 58 81 70 44 72 80 50 14 40 
10 31 10 60 1000 31 30 40 22 22 10 22 14 31 28 53 22 
30 28 36 36 31 1000 10 14 22 50 41 10 40 44 14 36 22 
31 36 31 31 30 10 1000 10 28 50 40 14 41 50 22 28 14 
41 42 41 22 40 14 10 1000 36 60 50 22 50 58 28 22 22 
14 10 31 58 22 22 28 36 1000 31 28 14 22 22 10 56 31 
20 36 28 81 22 50 50 60 31 1000 14 40 10 22 41 75 44 
14 36 14 70 10 41 40 50 28 14 1000 31 10 30 36 62 31 
20 22 28 44 22 10 14 22 14 40 31 1000 30 36 10 42 20 
10 28 22 72 14 40 41 50 22 10 10 30 1000 20 31 67 36 
22 20 41 80 31 44 50 58 22 22 30 36 20 1000 31 78 50 
22 14 36 50 28 14 22 28 10 41 36 10 31 31 1000 50 30 
58 64 50 14 53 36 28 22 56 75 62 42 67 78 50 1000 31 
28 41 20 40 22 22 14 22 31 44 31 20 36 50 30 31 1000 
