 40 
 1000 70 60 28 100 98 70 10 31 60 94 60 75 70 78 41 41 22 70 22 50 62 50 31 53 86 40 28 10 84 75 
 41 20 50 44 22 80 56 36 64 70 
 70 1000 106 58 70 80 20 60 40 92 60 98 89 10 60 36 78 50 100 53 64 86 84 72 22 60 31 50 72 70 40 
 30 50 22 42 66 22 58 41 67 113 
 60 106 1000 50 90 80 94 63 80 20 90 10 41 100 70 70 28 75 22 58 44 30 22 36 100 80 78 85 50 70 84 
 86 66 84 64 44 102 53 88 50 10 
 28 58 50 1000 72 70 50 22 31 41 67 44 50 53 50 22 22 30 50 10 22 40 31 14 50 58 28 40 22 56 50 
 36 20 36 20 10 60 28 41 36 58 
 100 70 90 72 1000 14 50 92 86 70 10 80 50 60 22 64 72 92 70 78 53 60 70 75 84 14 72 100 94 20 31 
 80 84 67 56 80 50 44 94 41 90 
 98 80 80 70 14 1000 60 92 88 60 22 70 40 70 22 66 67 94 60 78 50 50 63 72 92 20 75 102 92 14 40 
 85 86 72 58 78 60 42 97 36 80 
 70 20 94 50 50 60 1000 60 44 78 41 86 72 10 41 30 67 53 84 50 50 70 72 62 36 40 31 58 70 50 20 
 36 50 22 31 60 10 42 50 50 100 
 10 60 63 22 92 92 60 1000 22 60 86 60 72 60 70 31 40 14 70 14 44 60 50 30 44 78 30 22 14 78 67 
 31 10 40 36 20 70 50 28 58 72 
 31 40 80 31 86 88 44 22 1000 72 78 75 80 41 66 22 53 10 81 22 50 70 62 44 22 72 14 14 36 75 56 
 10 14 22 31 36 53 50 10 60 89 
 60 92 20 41 70 60 78 60 72 1000 70 10 22 84 50 58 20 70 10 50 28 10 10 30 89 60 67 80 50 50 67 
 76 60 72 50 40 86 36 81 31 22 
 94 60 90 67 10 22 41 86 78 70 1000 80 53 50 20 56 70 84 72 72 50 60 70 72 75 10 64 92 89 22 22 
 72 78 58 50 76 40 41 86 40 92 
 60 98 10 44 80 70 86 60 75 10 80 1000 31 92 60 64 22 72 14 53 36 20 14 31 94 70 72 81 50 60 75 
 80 62 78 56 41 94 44 84 41 14 
 75 89 41 50 50 40 72 72 80 22 53 31 1000 80 36 60 36 80 20 60 30 14 28 44 91 44 70 90 66 31 56 
 80 70 72 50 53 78 31 90 22 40 
 70 10 100 53 60 70 10 60 41 84 50 92 80 1000 50 31 72 50 92 50 56 78 78 67 28 50 30 53 70 60 30 
 31 50 20 36 62 14 50 44 58 106 
 78 60 70 50 22 22 41 70 66 50 20 60 36 50 1000 44 50 72 53 56 31 41 50 53 70 10 53 80 72 10 22 
 63 64 50 36 58 44 22 75 20 72 
 41 36 70 22 64 66 30 31 22 58 56 64 60 31 44 1000 42 28 67 20 31 53 50 36 31 50 10 36 40 53 36 
 20 22 14 10 31 40 30 31 40 78 
 41 78 28 22 72 67 67 40 53 20 70 22 36 72 50 42 1000 50 30 31 20 22 10 10 72 60 50 60 31 53 60 
 58 41 56 36 20 76 30 62 31 36 
 22 50 75 30 92 94 53 14 10 70 84 72 80 50 72 28 50 1000 80 20 50 70 60 41 31 78 22 10 28 80 64 
 20 10 31 36 31 62 53 14 63 85 
 70 100 22 50 70 60 84 70 81 10 72 14 20 92 53 67 30 80 1000 60 36 14 20 40 98 63 76 90 60 50 72 
 85 70 80 58 50 92 42 91 36 20 
 22 53 58 10 78 78 50 14 22 50 72 53 60 50 56 20 31 20 60 1000 31 50 41 22 42 64 22 30 20 64 53 
 28 10 31 22 14 60 36 31 44 67 
 50 64 44 22 53 50 50 44 50 28 50 36 30 56 31 31 20 50 36 31 1000 22 22 22 62 41 41 60 42 36 41 
 50 41 44 22 28 58 10 60 14 50 
 62 86 30 40 60 50 70 60 70 10 60 20 14 78 41 53 22 70 14 50 22 1000 14 31 84 50 63 80 53 40 58 
 72 60 66 44 41 78 28 80 22 31 
 50 84 22 31 70 63 72 50 62 10 70 14 28 78 50 50 10 60 20 41 22 14 1000 20 80 60 58 70 41 50 62 
 67 50 64 42 30 80 31 72 30 28 
 31 72 36 14 75 72 62 30 44 30 72 31 44 67 53 36 10 41 40 22 22 31 20 1000 64 62 42 50 22 58 60 
 50 31 50 31 10 72 31 53 36 44 
 53 22 100 50 84 92 36 44 22 89 75 94 91 28 70 31 72 31 98 42 62 84 80 64 1000 72 22 30 58 80 53 
 14 36 20 41 56 42 60 20 70 108 
 86 60 80 58 14 20 40 78 72 60 10 70 44 50 10 50 60 78 63 64 41 50 60 62 72 1000 58 86 80 14 20 
 67 70 53 42 67 41 31 80 30 82 
 40 31 78 28 72 75 31 30 14 67 64 72 70 30 53 10 50 22 76 22 41 63 58 42 22 58 1000 28 41 63 42 
 10 20 10 20 36 41 40 22 50 86 
 28 50 85 40 100 102 58 22 14 80 92 81 90 53 80 36 60 10 90 30 60 80 70 50 30 86 28 1000 36 88 70 
 22 20 36 44 41 66 63 10 72 94 
 10 72 50 22 94 92 70 14 36 50 89 50 66 70 72 40 31 28 60 20 42 53 41 22 58 80 41 36 1000 78 72 
 44 22 50 41 14 80 50 42 56 60 
 84 70 70 56 20 14 50 78 75 50 22 60 31 60 10 53 53 80 50 64 36 40 50 58 80 14 63 88 78 1000 31 
 72 72 60 44 64 53 28 84 22 70 
 75 40 84 50 31 40 20 67 56 67 22 75 56 30 22 36 60 64 72 53 41 58 62 60 53 20 42 70 72 31 1000 
 50 58 36 31 60 22 31 64 36 89 
 41 30 86 36 80 85 36 31 10 76 72 80 80 31 63 20 58 20 85 28 50 72 67 50 14 67 10 22 44 72 50 
 1000 22 14 30 42 44 50 14 60 94 
 20 50 66 20 84 86 50 10 14 60 78 62 70 50 64 22 41 10 70 10 41 60 50 31 36 70 20 20 22 72 58 
 22 1000 30 28 22 60 44 22 53 76 
 50 22 84 36 67 72 22 40 22 72 58 78 72 20 50 14 56 31 80 31 44 66 64 50 20 53 10 36 50 60 36 
 14 30 1000 22 44 31 41 28 50 92 
 44 42 64 20 56 58 31 36 31 50 50 56 50 36 36 10 36 36 58 22 22 44 42 31 41 42 20 44 41 44 31 
 30 28 22 1000 30 41 20 41 30 70 
 22 66 44 10 80 78 60 20 36 40 76 41 53 62 58 31 20 31 50 14 28 41 30 10 56 67 36 41 14 64 60 
 42 22 44 30 1000 70 36 44 42 53 
 80 22 102 60 50 60 10 70 53 86 40 94 78 14 44 40 76 62 92 60 58 78 80 72 42 41 41 66 80 53 22 
 44 60 31 41 70 1000 50 58 56 108 
 56 58 53 28 44 42 42 50 50 36 41 44 31 50 22 30 30 53 42 36 10 28 31 31 60 31 40 63 50 28 31 
 50 44 41 20 36 50 1000 60 10 58 
 36 41 88 41 94 97 50 28 10 81 86 84 90 44 75 31 62 14 91 31 60 80 72 53 20 80 22 10 42 84 64 
 14 22 28 41 44 58 60 1000 70 98 
 64 67 50 36 41 36 50 58 60 31 40 41 22 58 20 40 31 63 36 44 14 22 30 36 70 30 50 72 56 22 36 
 60 53 50 30 42 56 10 70 1000 53 
 70 113 10 58 90 80 100 72 89 22 92 14 40 106 72 78 36 85 20 67 50 31 28 44 108 82 86 94 60 70 89 
 94 76 92 70 53 108 58 98 53 1000 
