 40 
 1000 31 80 64 90 10 50 58 94 62 30 50 56 90 72 58 80 50 84 114 70 60 102 31 86 98 112 98 84 98 50 
 70 90 108 106 120 90 28 50 81 127 
 31 1000 50 36 60 22 44 40 72 50 36 22 31 60 41 28 50 22 53 88 44 53 81 28 62 80 86 72 58 67 50 
 41 84 84 80 92 81 14 30 70 100 
 80 50 1000 20 36 72 60 41 44 53 70 44 30 44 20 22 31 31 14 50 22 63 53 60 36 58 41 30 22 20 70 
 40 86 50 40 44 78 53 40 64 53 
 64 36 20 1000 50 56 41 22 40 36 50 40 10 56 28 10 42 14 31 53 10 44 50 41 30 50 50 36 22 40 50 
 44 70 50 44 56 64 36 20 50 64 
 90 60 36 50 1000 80 88 72 80 86 92 41 58 10 22 44 10 53 22 82 56 94 89 82 72 94 70 63 58 30 97 
 22 120 85 72 70 112 70 66 98 80 
 10 22 72 56 80 1000 50 53 88 60 31 40 50 80 63 50 70 42 75 108 64 60 97 30 80 94 106 92 78 89 50 
 60 90 102 100 112 90 22 44 80 120 
 50 44 60 41 88 50 1000 20 50 14 22 64 31 94 66 44 80 36 72 72 40 10 56 20 44 50 75 63 50 80 10 
 78 41 64 66 85 40 31 22 31 89 
 58 40 41 22 72 53 20 1000 36 14 36 53 14 78 50 28 64 22 53 56 20 22 44 28 28 41 58 44 31 60 30 
 64 50 50 50 66 44 31 10 31 72 
 94 72 44 40 80 88 50 36 1000 36 70 80 41 88 63 50 75 50 58 22 30 44 10 64 10 14 30 22 22 56 58 
 82 50 14 20 40 41 66 44 30 41 
 62 50 53 36 86 60 14 14 36 1000 36 66 28 92 64 42 78 36 67 58 31 10 42 31 31 36 62 50 40 72 22 
 78 36 50 53 72 31 40 22 20 76 
 30 36 70 50 92 31 22 36 70 36 1000 58 41 94 70 50 82 40 80 92 53 31 78 10 64 72 94 80 67 90 20 
 75 60 84 86 102 60 22 31 53 108 
 50 22 44 40 41 40 64 53 80 66 58 1000 41 40 28 30 31 31 42 91 50 72 90 50 70 90 85 72 60 56 70 
 20 102 90 82 88 97 36 44 84 98 
 56 31 30 10 58 50 31 14 41 28 41 41 1000 64 36 14 50 10 41 58 14 36 50 31 31 50 56 42 28 50 41 
 50 64 53 50 64 58 28 10 44 70 
 90 60 44 56 10 80 94 78 88 92 94 40 64 1000 28 50 14 58 31 91 64 100 97 85 80 102 80 72 66 40 102 
 20 126 94 81 80 120 72 72 106 90 
 72 41 20 28 22 63 66 50 63 64 70 28 36 28 1000 22 14 31 14 70 36 72 72 60 53 75 60 50 41 28 75 
 20 98 70 60 63 92 50 44 78 72 
 58 28 22 10 44 50 44 28 50 42 50 30 14 50 22 1000 36 10 30 62 20 50 60 40 40 60 58 44 31 41 53 
 36 78 60 53 64 72 31 22 58 72 
 80 50 31 42 10 70 80 64 75 78 82 31 50 14 14 36 1000 44 20 80 50 86 84 72 67 89 70 60 53 31 88 
 14 112 81 70 70 106 60 58 92 80 
 50 22 31 14 53 42 36 22 50 36 40 31 10 58 31 10 44 1000 40 66 22 42 60 30 41 60 64 50 36 50 44 
 42 72 63 58 70 66 22 14 53 78 
 84 53 14 31 22 75 72 53 58 67 80 42 41 31 14 30 20 40 1000 60 36 75 67 70 50 72 50 41 36 14 81 
 31 100 63 50 50 92 60 50 78 60 
 114 88 50 53 82 108 72 56 22 58 92 91 58 91 70 62 80 66 60 1000 44 66 20 84 28 30 14 20 31 53 80 
 90 70 10 10 22 60 86 64 50 20 
 70 44 22 10 56 64 40 20 30 31 53 50 14 64 36 20 50 22 36 44 1000 41 40 44 20 41 42 28 14 41 50 
 53 64 41 36 50 56 42 22 42 56 
 60 53 63 44 94 60 10 22 44 10 31 72 36 100 72 50 86 42 75 66 41 1000 50 30 41 42 72 60 50 82 14 
 84 31 58 63 82 30 41 28 22 85 
 102 81 53 50 89 97 56 44 10 42 78 90 50 97 72 60 84 60 67 20 40 50 1000 72 20 10 31 28 31 64 64 
 91 50 10 22 41 40 75 53 31 40 
 31 28 60 41 82 30 20 28 64 31 10 50 31 85 60 40 72 30 70 84 44 30 72 1000 56 67 86 72 58 80 22 
 67 60 78 78 94 60 14 22 50 100 
 86 62 36 30 72 80 44 28 10 31 64 70 31 80 53 40 67 41 50 28 20 41 20 56 1000 22 31 20 14 50 53 
 72 53 22 22 41 44 58 36 31 44 
 98 80 58 50 94 94 50 41 14 36 72 90 50 102 75 60 89 60 72 30 41 42 10 67 22 1000 41 36 36 70 56 
 94 40 20 31 50 30 72 50 22 50 
 112 86 41 50 70 106 75 58 30 62 94 85 56 80 60 58 70 64 50 14 42 72 31 86 31 41 1000 14 28 41 84 
 80 80 22 10 10 70 84 64 60 14 
 98 72 30 36 63 92 63 44 22 50 80 72 42 72 50 44 60 50 41 20 28 60 28 72 20 36 14 1000 14 36 72 
 70 72 22 10 22 63 70 50 50 28 
 84 58 22 22 58 78 50 31 22 40 67 60 28 66 41 31 53 36 36 31 14 50 31 58 14 36 28 14 1000 36 60 
 60 66 30 22 36 58 56 36 44 42 
 98 67 20 40 30 89 80 60 56 72 90 56 50 40 28 41 31 50 14 53 41 82 64 80 50 70 41 36 36 1000 90 
 44 102 58 44 40 94 72 60 80 50 
 50 50 70 50 97 50 10 30 58 22 20 70 41 102 75 53 88 44 81 80 50 14 64 22 53 56 84 72 60 90 1000 
 86 40 72 75 94 41 36 31 36 98 
 70 41 40 44 22 60 78 64 82 78 75 20 50 20 20 36 14 42 31 90 53 84 91 67 72 94 80 70 60 44 86 
 1000 114 90 80 81 108 53 56 94 92 
 90 84 86 70 120 90 41 50 50 36 60 102 64 126 98 78 112 72 100 70 64 31 50 60 53 40 80 72 66 102 40 
 114 1000 60 70 90 10 72 58 22 90 
 108 84 50 50 85 102 64 50 14 50 84 90 53 94 70 60 81 63 63 10 41 58 10 78 22 20 22 22 30 58 72 
 90 60 1000 14 31 50 80 58 41 30 
 106 80 40 44 72 100 66 50 20 53 86 82 50 81 60 53 70 58 50 10 36 63 22 78 22 31 10 10 22 44 75 
 80 70 14 1000 20 60 78 56 50 22 
 120 92 44 56 70 112 85 66 40 72 102 88 64 80 63 64 70 70 50 22 50 82 41 94 41 50 10 22 36 40 94 
 81 90 31 20 1000 80 92 72 70 10 
 90 81 78 64 112 90 40 44 41 31 60 97 58 120 92 72 106 66 92 60 56 30 40 60 44 30 70 63 58 94 41 
 108 10 50 60 80 1000 70 53 14 80 
 28 14 53 36 70 22 31 31 66 40 22 36 28 72 50 31 60 22 60 86 42 41 75 14 58 72 84 70 56 72 36 
 53 72 80 78 92 70 1000 22 60 98 
 50 30 40 20 66 44 22 10 44 22 31 44 10 72 44 22 58 14 50 64 22 28 53 22 36 50 64 50 36 60 31 
 56 58 58 56 72 53 22 1000 41 78 
 81 70 64 50 98 80 31 31 30 20 53 84 44 106 78 58 92 53 78 50 42 22 31 50 31 22 60 50 44 80 36 
 94 22 41 50 70 14 60 41 1000 70 
 127 100 53 64 80 120 89 72 41 76 108 98 70 90 72 72 80 78 60 20 56 85 40 100 44 50 14 28 42 50 98 
 92 90 30 22 10 80 98 78 70 1000 
