 40 
 1000 31 53 20 50 60 22 70 72 42 62 56 28 72 63 40 53 70 62 44 44 42 60 78 63 40 10 50 36 31 50 
 75 50 50 84 58 36 20 58 44 92 
 31 1000 64 14 50 64 10 44 50 40 31 31 31 41 70 14 41 44 50 31 14 20 31 50 42 42 30 41 64 28 20 
 44 28 30 58 40 41 42 44 58 64 
 53 64 1000 64 20 14 56 70 114 94 84 60 80 94 10 78 40 108 41 41 66 53 94 80 106 22 44 100 80 36 80 
 91 92 50 80 50 88 72 106 10 90 
 20 14 64 1000 53 66 10 58 53 31 44 44 20 53 72 20 50 50 60 40 28 31 40 64 44 44 22 36 50 31 31 
 58 31 41 72 50 30 28 42 56 78 
 50 50 20 53 1000 14 44 50 98 84 66 41 72 75 22 64 20 92 22 22 50 36 78 60 92 10 40 88 82 22 64 
 72 78 31 60 30 82 70 94 22 70 
 60 64 14 66 14 1000 58 60 112 97 80 53 85 88 10 78 31 106 30 36 64 50 92 70 106 22 50 102 90 36 78 
 84 92 44 70 41 94 80 108 22 80 
 22 10 56 10 44 58 1000 50 58 41 41 36 30 50 64 22 40 53 50 30 22 22 41 56 50 36 20 44 56 22 30 
 53 36 31 64 41 40 36 50 50 70 
 70 44 70 58 50 60 50 1000 72 81 31 14 75 36 70 50 30 62 31 31 31 28 50 10 70 50 64 80 106 44 40 
 28 60 22 14 20 84 86 80 70 22 
 72 50 114 53 98 112 58 72 1000 41 41 66 50 40 120 36 86 10 94 78 50 64 22 70 10 92 75 31 90 78 36 
 50 22 72 80 80 50 70 22 108 80 
 42 40 94 31 84 97 41 81 41 1000 58 70 14 64 102 31 80 44 90 70 50 60 42 84 31 75 50 10 50 62 44 
 72 28 70 94 80 10 31 20 86 98 
 62 31 84 44 66 80 41 31 41 58 1000 28 56 10 88 28 50 31 56 44 20 31 20 30 40 62 60 53 94 50 14 
 14 31 36 40 42 64 72 50 81 41 
 56 31 60 44 41 53 36 14 66 70 28 1000 62 36 63 40 22 58 28 20 20 14 44 22 62 40 50 70 92 31 31 
 31 50 10 28 14 72 72 70 60 36 
 28 31 80 20 72 85 30 75 50 14 56 62 1000 64 89 28 70 50 80 60 44 50 44 80 40 63 36 22 41 50 42 
 70 31 60 88 70 10 20 31 72 94 
 72 41 94 53 75 88 50 36 40 64 10 36 64 1000 97 36 58 30 64 53 30 41 22 31 41 72 70 58 102 60 22 
 10 36 44 41 50 70 80 53 91 40 
 63 70 10 72 22 10 64 70 120 102 88 63 89 97 1000 84 41 114 40 44 72 58 100 80 112 28 53 108 90 42 86 
 94 98 53 80 50 97 82 114 20 90 
 40 14 78 20 64 78 22 50 36 31 28 40 28 36 84 1000 53 31 62 44 20 31 20 53 28 56 41 30 66 42 14 
 42 14 41 63 50 36 44 31 72 67 
 53 41 40 50 20 31 40 30 86 80 50 22 70 58 41 53 1000 78 10 10 36 22 64 40 80 22 44 82 88 22 50 
 53 66 14 41 10 80 72 84 41 50 
 70 44 108 50 92 106 53 62 10 44 31 58 50 30 114 31 78 1000 86 70 42 56 14 60 14 86 72 36 91 72 28 
 40 20 64 70 72 53 70 28 102 70 
 62 50 41 60 22 30 50 31 94 90 56 28 80 64 40 62 10 86 1000 20 44 31 72 41 88 28 53 91 97 31 58 
 58 75 22 40 14 90 81 93 44 50 
 44 31 41 40 22 36 30 31 78 70 44 20 60 53 44 44 10 70 20 1000 28 14 56 41 72 20 36 72 80 14 42 
 50 58 10 44 14 70 63 75 40 53 
 44 14 66 28 50 64 22 31 50 50 20 20 44 30 72 20 36 42 44 28 1000 14 28 36 44 44 41 50 78 31 14 
 31 31 22 44 31 53 56 50 62 50 
 42 20 53 31 36 50 22 28 64 60 31 14 50 41 58 31 22 56 31 14 14 1000 42 36 58 31 36 60 78 20 28 
 40 44 10 42 20 60 58 62 50 50 
 60 31 94 40 78 92 41 50 22 42 20 44 44 22 100 20 64 14 72 56 28 42 1000 50 20 72 60 36 85 58 14 
 31 14 50 60 58 50 63 31 89 60 
 78 50 80 64 60 70 56 10 70 84 30 22 80 31 80 53 40 60 41 41 36 36 50 1000 70 60 72 82 112 53 41 
 22 60 31 10 30 89 92 80 80 14 
 63 42 106 44 92 106 50 70 10 31 40 62 40 41 112 28 80 14 88 72 44 58 20 70 1000 84 66 22 80 70 31 
 50 14 66 80 75 41 60 14 100 80 
 40 42 22 44 10 22 36 50 92 75 62 40 63 72 28 56 22 86 28 20 44 31 72 60 84 1000 30 80 72 14 58 
 70 70 30 62 31 72 60 86 20 72 
 10 30 44 22 40 50 20 64 75 50 60 50 36 70 53 41 44 72 53 36 41 36 60 72 66 30 1000 56 44 22 50 
 72 53 42 78 50 44 30 64 36 86 
 50 41 100 36 88 102 44 80 31 10 53 70 22 58 108 30 82 36 91 72 50 60 36 82 22 80 56 1000 60 66 41 
 66 22 70 91 80 20 41 10 92 94 
 36 64 80 50 82 90 56 106 90 50 94 92 41 102 90 66 88 91 97 80 78 78 85 112 80 72 44 60 1000 66 80 
 108 72 86 120 94 40 22 70 70 127 
 31 28 36 31 22 36 22 44 78 62 50 31 50 60 42 42 22 72 31 14 31 20 58 53 70 14 22 66 66 1000 44 
 60 56 22 58 28 60 50 72 31 67 
 50 20 80 31 64 78 30 40 36 44 14 31 42 22 86 14 50 28 58 42 14 28 14 41 31 58 50 41 80 44 1000 
 28 20 36 50 44 50 58 40 75 53 
 75 44 91 58 72 84 53 28 50 72 14 31 70 10 94 42 53 40 58 50 31 40 31 22 50 70 72 66 108 60 28 
 1000 44 41 31 44 78 86 62 90 30 
 50 28 92 31 78 92 36 60 22 28 31 50 31 36 98 14 66 20 75 58 31 44 14 60 14 70 53 22 72 56 20 
 44 1000 53 70 62 36 50 20 86 72 
 50 30 50 41 31 44 31 22 72 70 36 10 60 44 53 41 14 64 22 10 22 10 50 31 66 30 42 70 86 22 36 
 41 53 1000 36 10 70 67 72 50 44 
 84 58 80 72 60 70 64 14 80 94 40 28 88 41 80 63 41 70 40 44 44 42 60 10 80 62 78 91 120 58 50 
 31 70 36 1000 31 97 100 90 81 10 
 58 40 50 50 30 41 41 20 80 80 42 14 70 50 50 50 10 72 14 14 31 20 58 30 75 31 50 80 94 28 44 
 44 62 10 31 1000 80 76 81 50 41 
 36 41 88 30 82 94 40 84 50 10 64 72 10 70 97 36 80 53 90 70 53 60 50 89 41 72 44 20 40 60 50 
 78 36 70 97 80 1000 22 30 80 102 
 20 42 72 28 70 80 36 86 70 31 72 72 20 80 82 44 72 70 81 63 56 58 63 92 60 60 30 41 22 50 58 
 86 50 67 100 76 22 1000 50 63 106 
 58 44 106 42 94 108 50 80 22 20 50 70 31 53 114 31 84 28 93 75 50 62 31 80 14 86 64 10 70 72 40 
 62 20 72 90 81 30 50 1000 98 92 
 44 58 10 56 22 22 50 70 108 86 81 60 72 91 20 72 41 102 44 40 62 50 89 80 100 20 36 92 70 31 75 
 90 86 50 81 50 80 63 98 1000 92 
 92 64 90 78 70 80 70 22 80 98 41 36 94 40 90 67 50 70 50 53 50 50 60 14 80 72 86 94 127 67 53 
 30 72 44 10 41 102 106 92 92 1000 
