 40 
 1000 58 42 50 44 14 70 28 22 31 40 42 64 20 50 50 50 53 36 22 20 41 30 50 31 36 44 31 28 36 44 
 50 30 40 64 41 50 41 36 58 56 
 58 1000 20 60 75 63 20 70 36 89 50 63 10 75 22 44 80 72 30 72 50 91 36 40 60 22 31 72 86 66 102 
 106 50 86 22 92 90 22 94 28 114 
 42 20 1000 60 70 44 28 50 22 72 31 60 22 58 10 28 60 53 10 53 31 72 30 44 40 10 14 63 70 60 86 
 92 30 75 22 80 70 22 78 20 98 
 50 60 60 1000 22 64 80 78 44 72 80 10 70 67 70 84 98 100 62 72 64 89 31 22 78 50 72 30 60 20 80 
 70 72 41 80 50 100 40 70 80 80 
 44 75 70 22 1000 58 94 72 50 58 82 14 84 56 80 90 94 97 70 64 63 78 41 42 75 60 80 14 44 10 63 
 50 72 20 91 30 92 53 53 90 60 
 14 63 44 64 58 1000 72 14 30 28 31 56 66 14 50 44 36 41 36 10 14 30 41 63 20 41 42 44 31 50 42 
 53 22 50 64 50 36 50 36 56 58 
 70 20 28 80 94 72 1000 75 50 100 50 82 10 86 22 40 80 70 36 80 58 97 53 60 62 36 31 89 98 84 114 
 120 53 102 10 108 91 41 106 20 127 
 28 70 50 78 72 14 75 1000 41 31 28 70 72 20 53 42 22 30 41 10 20 22 53 75 14 50 44 58 40 64 44 
 60 22 63 66 60 22 60 41 58 63 
 22 36 22 44 50 30 50 41 1000 53 36 41 42 41 31 41 58 56 20 40 22 60 14 36 36 14 30 41 50 40 66 
 70 28 53 44 58 63 20 58 41 78 
 31 89 72 72 58 28 100 31 53 1000 58 63 94 14 78 72 50 60 64 22 42 22 60 80 44 67 70 44 14 53 14 
 30 50 42 92 36 41 72 10 84 31 
 40 50 31 80 82 31 50 28 36 58 1000 76 50 44 30 14 30 22 22 36 20 50 50 70 14 36 20 70 62 72 72 
 84 10 80 41 80 41 50 66 31 89 
 42 63 60 10 14 56 82 70 41 63 76 1000 72 58 70 82 92 94 60 64 58 80 30 28 72 50 70 20 50 10 70 
 60 67 31 80 41 92 41 60 80 70 
 64 10 22 70 84 66 10 72 42 94 50 72 1000 80 20 41 80 70 31 75 53 94 44 50 60 28 30 80 92 75 108 
 112 50 94 14 100 90 31 100 22 120 
 20 75 58 67 56 14 86 20 41 14 44 58 80 1000 64 58 41 50 50 10 28 22 50 70 31 53 56 42 20 50 28 
 41 36 44 78 41 36 60 22 70 44 
 50 22 10 70 80 50 22 53 31 78 30 70 20 64 1000 22 60 50 14 58 36 75 40 53 41 20 10 72 78 70 92 
 100 31 84 14 89 70 31 84 10 106 
 50 44 28 84 90 44 40 42 41 72 14 82 41 58 22 1000 41 30 22 50 31 64 53 72 28 36 14 80 75 80 86 
 97 22 90 30 91 53 50 80 20 102 
 50 80 60 98 94 36 80 22 58 50 30 92 80 41 60 41 1000 14 50 31 36 31 72 94 22 62 50 80 60 86 60 
 80 31 84 70 81 14 75 60 60 80 
 53 72 53 100 97 41 70 30 56 60 22 94 70 50 50 30 14 1000 44 40 36 44 70 92 22 58 41 84 70 89 72 
 90 28 91 60 90 28 72 70 50 92 
 36 30 10 62 70 36 36 41 20 64 22 60 31 50 14 22 50 44 1000 44 22 63 31 50 30 14 10 60 64 60 78 
 86 20 72 28 76 60 28 70 22 92 
 22 72 53 72 64 10 80 10 40 22 36 64 75 10 58 50 31 40 44 1000 22 20 50 72 22 50 50 50 30 56 36 
 50 28 53 72 50 28 60 31 64 53 
 20 50 31 64 63 14 58 20 22 42 20 58 53 28 36 31 36 36 22 22 1000 41 36 58 14 30 28 50 44 53 56 
 66 10 60 50 60 41 41 50 42 72 
 41 91 72 89 78 30 97 22 60 22 50 80 94 22 75 64 31 44 63 20 41 1000 70 91 36 70 66 64 36 72 30 
 50 44 64 88 58 20 80 31 80 50 
 30 36 30 31 41 41 53 53 14 60 50 30 44 50 40 53 72 70 31 50 36 70 1000 22 50 20 41 36 53 31 72 
 72 42 50 50 56 75 14 63 50 80 
 50 40 44 22 42 63 60 75 36 80 70 28 50 70 53 72 94 92 50 72 58 91 22 1000 72 36 58 44 70 36 90 
 85 64 58 60 66 97 22 80 63 94 
 31 60 40 78 75 20 62 14 36 44 14 72 60 31 41 28 22 22 30 22 14 36 50 72 1000 41 31 62 50 67 58 
 72 10 70 53 70 30 53 53 44 76 
 36 22 10 50 60 41 36 50 14 67 36 50 28 53 20 36 62 58 14 50 30 70 20 36 41 1000 22 53 64 50 80 
 84 31 67 31 72 70 14 72 30 92 
 44 31 14 72 80 42 31 44 30 70 20 70 30 56 10 14 50 41 10 50 28 66 41 58 31 22 1000 70 72 70 84 
 94 22 82 22 85 60 36 78 14 100 
 31 72 63 30 14 44 89 58 41 44 70 20 80 42 72 80 80 84 60 50 50 64 36 44 62 53 70 1000 31 10 50 
 41 60 14 84 22 78 50 41 82 50 
 28 86 70 60 44 31 98 40 50 14 62 50 92 20 78 75 60 70 64 30 44 36 53 70 50 64 72 31 1000 41 20 
 22 53 28 92 22 53 67 10 86 28 
 36 66 60 20 10 50 84 64 40 53 72 10 75 50 70 80 86 89 60 56 53 72 31 36 67 50 70 10 41 1000 60 
 50 63 22 81 31 84 44 50 80 60 
 44 102 86 80 63 42 114 44 66 14 72 70 108 28 92 86 60 72 78 36 56 30 72 90 58 80 84 50 20 60 1000 
 22 64 44 106 36 50 85 10 98 20 
 50 106 92 70 50 53 120 60 70 30 84 60 112 41 100 97 80 90 86 50 66 50 72 85 72 84 94 41 22 50 22 
 1000 75 30 114 20 70 86 20 108 10 
 30 50 30 72 72 22 53 22 28 50 10 67 50 36 31 22 31 28 20 28 10 44 42 64 10 31 22 60 53 63 64 
 75 1000 70 44 70 40 44 58 36 80 
 40 86 75 41 20 50 102 63 53 42 80 31 94 44 84 90 84 91 72 53 60 64 50 58 70 67 82 14 28 22 44 
 30 70 1000 97 10 80 64 36 94 40 
 64 22 22 80 91 64 10 66 44 92 41 80 14 78 14 30 70 60 28 72 50 88 50 60 53 31 22 84 92 81 106 
 114 44 97 1000 102 82 40 98 10 120 
 41 92 80 50 30 50 108 60 58 36 80 41 100 41 89 91 81 90 76 50 60 58 56 66 70 72 85 22 22 31 36 
 20 70 10 102 1000 75 70 28 98 30 
 50 90 70 100 92 36 91 22 63 41 41 92 90 36 70 53 14 28 60 28 41 20 75 97 30 70 60 78 53 84 50 
 70 40 80 82 75 1000 82 50 72 70 
 41 22 22 40 53 50 41 60 20 72 50 41 31 60 31 50 75 72 28 60 41 80 14 22 53 14 36 50 67 44 85 
 86 44 64 40 70 82 1000 76 41 94 
 36 94 78 70 53 36 106 41 58 10 66 60 100 22 84 80 60 70 70 31 50 31 63 80 53 72 78 41 10 50 10 
 20 58 36 98 28 50 76 1000 92 22 
 58 28 20 80 90 56 20 58 41 84 31 80 22 70 10 20 60 50 22 64 42 80 50 63 44 30 14 82 86 80 98 
 108 36 94 10 98 72 41 92 1000 114 
 56 114 98 80 60 58 127 63 78 31 89 70 120 44 106 102 80 92 92 53 72 50 80 94 76 92 100 50 28 60 20 
 10 80 40 120 30 70 94 22 114 1000 
