 80 
 1000 81 60 72 126 138 44 44 20 72 84 102 90 44 128 82 50 28 103 40 50 67 92 80 40 50 111 120 138 53 70 
 120 100 125 63 110 31 58 119 116 20 66 60 138 42 80 72 150 123 66 152 85 14 31 76 30 133 107 75 94 78 
 63 
 85 120 31 60 100 100 89 130 134 90 40 135 70 122 31 84 50 72 143 
 82 1000 140 144 110 151 84 120 88 41 160 70 31 40 120 116 64 72 53 44 132 136 166 97 100 42 176 155 198 
 30 22 
 100 28 144 128 158 50 31 132 120 63 94 140 140 119 128 134 140 147 140 150 148 70 70 142 94 196 168 50 
 14 155 44 
 50 160 110 141 36 150 156 169 120 136 120 153 14 178 90 10 41 150 205 
 60 140 1000 72 180 178 94 22 66 132 70 160 150 100 178 120 107 85 163 100 22 75 80 128 78 110 110 147 
 140 110 130 
 174 160 164 80 128 90 110 162 162 80 114 10 183 50 108 89 198 158 20 197 94 70 72 85 72 130 111 135 150 
 60 123 
 145 141 30 20 160 119 92 150 186 116 22 172 130 132 53 140 100 50 140 
 72 144 72 1000 133 114 63 80 56 116 20 130 138 112 126 63 85 72 142 100 50 10 22 80 44 102 41 78 70 120 
 124 
 130 151 100 20 58 98 126 102 107 84 70 63 124 31 44 22 142 92 91 138 22 86 102 14 50 63 40 113 158 22 
 107 
 122 72 70 53 147 50 20 80 135 50 60 106 130 60 94 150 120 28 72 
 127 110 180 133 1000 56 86 170 114 72 151 40 80 120 14 70 78 98 60 102 160 123 150 53 102 89 140 84 144 
 116 91 
 10 90 58 113 101 116 125 44 31 114 67 174 36 133 90 111 30 66 192 41 120 128 144 120 108 151 130 63 120 
 154 76 
 60 94 156 169 80 100 130 97 10 90 158 64 100 123 156 120 129 157 155 
 139 152 178 114 56 1000 94 174 120 111 130 89 125 150 42 58 100 113 111 130 156 106 124 60 102 120 103 
 41 100 150 131 
 64 138 14 98 63 140 160 20 31 132 72 170 22 128 70 92 41 22 194 30 94 144 163 100 111 110 94 101 163 
 136 110 
 103 50 160 162 129 66 102 50 50 64 158 10 140 80 169 161 160 142 110 
 44 84 94 63 86 94 1000 84 28 53 82 70 75 63 84 40 22 20 80 44 75 53 84 36 20 42 92 80 114 66 64 
 80 88 81 44 75 50 75 75 72 40 22 88 94 50 44 50 106 80 106 108 64 50 70 58 22 112 84 50 98 80 44 
 60 82 70 85 84 66 72 92 92 53 72 91 70 94 75 92 72 80 120 
 44 120 22 80 170 174 84 1000 56 116 81 146 132 80 168 116 94 72 147 81 31 80 91 120 72 94 120 148 150 
 90 110 
 164 140 160 81 132 70 90 158 156 63 106 28 178 50 107 91 190 156 22 192 100 50 50 90 64 141 120 119 130 
 72 107 
 129 144 14 36 141 122 100 153 176 117 20 169 110 140 31 120 80 62 151 
 20 89 67 56 114 120 28 56 1000 70 72 94 90 56 112 63 41 20 100 44 50 50 78 64 20 50 94 100 119 64 72 
 108 100 107 44 90 42 70 102 100 28 50 63 122 31 60 53 134 104 78 136 66 31 50 58 10 116 88 70 102 67 60 
 80 100 42 60 100 80 72 110 120 70 44 116 75 103 50 94 64 62 125 
 72 41 133 117 72 111 53 117 70 1000 134 36 22 50 80 78 31 50 31 36 120 106 137 58 72 22 144 116 162 44 
 20 
 63 36 104 97 120 50 53 92 80 53 56 130 100 100 92 102 101 107 138 110 116 66 78 111 70 164 136 10 53 
 131 10 
 14 122 103 130 31 112 124 130 82 98 110 113 30 140 94 50 58 130 170 
 84 161 70 20 152 130 82 82 72 136 1000 150 157 128 145 81 103 89 162 116 50 30 10 100 63 120 41 92 70 
 136 142 
 150 170 116 40 70 114 142 120 125 100 90 60 142 42 62 41 161 108 90 155 36 98 114 31 67 60 44 132 174 
 10 125 
 142 84 75 50 166 64 28 92 153 67 63 122 147 66 102 166 134 20 70 
 102 70 161 130 40 89 70 147 94 36 150 1000 40 86 50 75 53 75 22 70 144 120 150 53 90 56 147 106 160 80 
 53 
 30 50 86 110 116 84 89 72 58 86 60 157 72 120 94 110 70 92 169 80 123 100 112 120 91 164 138 28 80 150 
 42 
 22 114 133 154 41 111 132 120 50 97 138 94 63 138 128 80 94 150 170 
 90 31 151 139 80 126 76 133 90 22 158 40 1000 58 90 98 53 70 22 50 140 128 159 78 94 40 166 136 184 50 
 22 
 70 14 120 119 140 63 56 107 94 70 78 150 111 120 114 124 110 124 153 120 138 81 89 133 91 186 158 28 40 
 153 31 
 22 142 120 150 10 134 146 150 90 120 130 129 28 162 106 41 64 151 192 
 44 40 100 113 120 150 63 80 56 50 128 86 58 1000 125 101 50 44 78 20 94 106 134 90 72 31 150 142 174 10 
 36 
 111 62 140 100 138 14 14 130 120 28 80 101 142 86 107 108 147 140 100 154 122 31 31 114 64 172 144 58 
 50 122 44 
 64 145 70 103 67 129 128 154 129 116 81 150 31 155 50 41 10 116 180 
 128 120 178 126 14 42 84 169 113 80 145 50 90 126 1000 63 80 100 72 107 158 116 142 50 100 94 130 72 
 131 123 100 
 22 100 44 107 90 120 132 31 20 116 64 172 22 130 82 104 22 53 190 30 111 130 147 113 106 140 120 70 130 
 147 82 
 70 81 154 166 91 90 121 84 10 80 156 50 110 111 158 130 135 151 143 
 82 116 120 63 70 58 40 116 63 78 82 76 98 101 63 1000 53 60 94 82 98 53 80 22 44 75 72 41 86 103 94 
 70 112 44 44 42 90 113 42 44 80 22 112 64 70 20 41 80 41 136 78 50 90 110 50 53 89 63 70 130 84 72 
 78 44 102 106 106 36 60 53 72 22 100 53 102 64 113 124 111 88 94 
 50 64 107 85 78 100 22 94 41 31 104 53 53 50 80 53 1000 22 60 30 91 75 106 40 41 22 114 94 134 50 42 
 70 66 90 66 94 41 60 80 72 36 31 104 94 70 64 72 102 90 116 107 86 50 67 80 40 134 106 30 78 100 22 
 40 97 80 101 62 86 94 106 86 72 85 100 50 114 78 72 60 100 141 
 28 72 85 72 98 114 20 72 20 50 89 76 70 44 100 60 22 1000 80 28 70 64 94 53 28 31 106 100 130 50 53 
 92 81 100 56 94 31 58 94 89 20 41 82 111 50 63 64 122 100 94 124 78 31 50 70 22 128 100 50 86 85 40 
 60 101 58 80 80 85 84 111 106 72 63 110 58 111 58 78 53 81 136 
 104 53 164 143 60 111 80 148 100 31 162 22 22 78 72 94 60 80 1000 67 150 133 164 72 100 53 164 126 180 
 70 42 
 50 30 108 123 136 80 78 94 80 84 75 161 94 130 111 125 90 114 169 100 138 97 108 135 100 182 155 30 60 
 160 41 
 20 134 134 160 20 130 147 140 70 116 141 116 50 158 124 63 84 160 188 
 40 44 100 100 102 130 44 82 44 36 116 70 50 20 107 82 30 28 67 1000 90 92 122 70 56 14 134 123 158 22 
 30 
 94 60 120 84 119 14 31 110 100 20 60 100 122 75 88 92 129 120 103 135 106 31 42 98 50 156 128 42 58 111 
 28 
 50 126 70 100 60 110 112 135 111 97 80 130 31 138 58 50 30 106 164 
 50 133 22 50 161 156 76 31 50 120 50 145 140 94 158 98 92 70 151 90 1000 53 60 108 58 100 90 125 120 
 103 120 
 155 150 142 58 106 81 107 140 142 70 94 14 162 28 86 67 178 136 41 176 72 63 72 63 53 110 90 120 144 41 
 110 
 130 119 28 10 150 97 70 128 166 94 14 150 120 110 56 134 98 31 120 
 67 136 76 10 123 106 53 80 50 107 30 120 130 106 117 53 76 64 133 92 53 1000 31 70 36 94 44 72 72 112 
 116 
 120 141 92 10 53 92 120 94 97 78 60 67 116 30 36 14 133 84 94 130 20 80 98 10 42 66 41 103 150 31 97 
 113 66 70 58 138 44 22 75 125 42 60 98 122 60 91 142 114 36 76 
 92 166 80 22 151 125 85 92 78 139 10 151 161 134 143 80 107 94 164 122 60 31 1000 100 66 124 31 86 60 
 142 146 
 150 172 111 41 64 120 148 115 122 106 90 70 138 50 60 40 156 102 100 151 31 106 122 30 72 50 36 134 180 
 20 128 
 144 78 85 60 169 58 22 84 152 62 72 116 152 58 111 172 141 30 60 
 80 98 128 80 53 60 36 120 64 58 100 53 78 90 50 22 40 53 72 70 108 70 100 1000 50 60 94 58 108 90 75 
 50 92 50 60 64 80 100 41 36 72 14 122 58 80 41 60 70 50 140 72 70 84 103 70 56 111 85 50 111 101 53 
 56 64 106 116 84 58 80 72 58 44 106 60 84 86 111 106 100 104 116 
 40 100 78 44 102 102 20 72 20 72 63 90 94 72 100 44 41 28 100 56 58 36 67 50 1000 58 78 80 102 78 80 
 98 107 88 28 70 58 86 86 84 44 36 72 106 31 40 36 120 85 92 120 50 50 70 42 10 100 72 70 114 60 63 
 80 80 58 67 103 60 56 90 108 50 56 97 86 85 70 106 80 60 108 
 50 42 111 102 89 120 42 94 50 22 120 56 40 31 94 76 22 31 53 14 100 94 125 60 58 1000 134 116 156 30 22 
 80 50 110 86 116 28 40 100 90 31 53 110 111 81 86 92 116 110 116 123 106 44 56 100 53 154 126 28 56 116 
 14 
 36 119 81 110 50 108 114 128 98 94 90 120 28 136 72 50 41 112 162 
 111 176 110 41 140 104 92 120 94 144 41 148 166 150 130 72 114 106 165 134 90 44 31 94 78 134 1000 63 
 30 156 156 
 140 180 91 50 41 136 164 100 110 122 89 100 121 72 53 42 141 82 130 132 28 124 142 36 86 22 10 138 190 
 50 136 
 147 53 111 90 174 40 22 58 140 50 100 94 162 28 135 183 158 60 31 
 120 156 147 78 85 41 80 148 100 116 92 106 136 143 72 41 94 100 127 123 125 72 86 58 80 117 63 1000 60 
 144 133 
 89 150 30 67 22 130 154 41 53 120 63 138 60 98 41 58 80 20 164 70 56 130 150 64 90 70 53 108 169 98 111 
 114 10 134 130 142 28 64 14 82 31 129 31 142 40 150 164 152 106 70 
 139 198 140 70 145 100 114 150 120 162 70 161 184 174 133 86 134 130 180 158 120 72 60 108 102 156 30 
 60 1000 180 176 
 148 198 90 75 44 160 188 100 113 146 106 130 120 100 70 67 140 80 160 130 53 150 169 62 111 14 31 156 
 212 80 154 
 164 50 140 120 192 50 50 50 141 64 130 90 184 22 163 206 182 90 10 
 53 30 110 120 117 150 67 90 64 44 136 80 50 10 123 104 50 50 70 22 104 113 142 90 78 30 156 145 180 
 1000 28 
 106 53 140 106 141 22 10 130 120 36 81 111 140 94 110 114 145 140 110 152 128 41 41 120 70 178 150 53 
 41 130 41 
 58 147 80 113 58 132 134 156 125 119 91 150 22 160 60 31 14 124 186 
 70 22 130 125 92 131 64 111 72 20 143 53 22 36 100 94 42 53 42 30 120 116 147 76 80 22 156 134 176 28 
 1000 
 81 30 123 108 136 41 36 111 100 50 72 130 120 103 106 114 121 125 131 130 128 60 67 122 75 176 148 30 
 36 138 22 
 31 138 100 130 31 128 136 147 101 114 110 132 10 156 84 31 42 134 183 
 120 100 174 131 10 64 80 164 108 63 151 30 70 111 22 70 70 92 50 94 156 121 150 50 98 80 141 89 148 107 
 82 
 1000 80 64 110 104 108 116 50 36 106 63 168 44 129 90 110 40 72 186 50 120 120 136 120 102 154 131 53 
 110 151 67 
 50 98 150 165 70 101 130 102 20 90 152 70 91 126 148 110 120 154 158 
 100 28 160 152 90 139 89 141 101 36 170 50 14 63 101 113 67 82 30 60 150 143 174 92 107 50 180 150 198 
 53 30 
 80 1000 133 133 154 70 58 120 107 80 92 160 122 131 128 138 120 138 160 130 152 90 94 146 103 200 172 
 42 31 166 44 
 36 156 130 160 10 148 160 164 100 134 140 142 31 176 112 36 67 162 206 
 126 145 164 100 58 14 82 161 107 104 116 86 120 140 44 44 90 101 108 120 142 92 111 50 89 110 92 30 90 
 140 123 
 64 134 1000 84 50 130 150 14 28 120 60 156 30 114 56 78 50 10 180 41 80 132 151 86 97 100 81 94 157 122 
 101 
 98 40 146 148 125 53 89 41 53 50 144 10 132 70 157 154 150 128 100 
 63 128 80 20 114 98 44 82 44 98 40 110 120 100 107 44 67 56 123 84 58 10 41 60 28 86 50 67 76 106 108 
 111 134 84 1000 50 86 114 86 88 72 50 72 108 31 28 10 124 78 97 122 22 75 94 14 36 72 44 94 142 41 88 
 103 63 70 64 129 41 28 72 116 36 62 92 114 60 90 134 108 44 80 
 110 158 130 58 101 63 76 133 90 120 70 116 141 139 90 42 94 94 136 120 107 53 64 64 70 116 41 22 44 143 
 136 
 104 155 50 50 1000 125 150 60 70 113 64 120 80 81 31 41 100 41 147 91 36 120 140 44 80 50 31 112 172 78 
 114 
 120 14 120 111 148 10 42 22 100 22 112 53 144 22 140 166 147 86 53 
 31 50 90 98 116 141 50 70 42 50 114 84 63 14 120 90 41 31 80 14 82 92 120 80 58 28 136 131 161 22 41 
 108 70 130 86 126 1000 28 121 113 14 70 90 135 72 94 94 142 130 91 148 108 20 28 100 50 158 130 56 63 
 108 42 
 64 132 60 91 72 116 114 142 125 103 70 140 40 142 44 53 22 102 166 
 58 31 111 127 126 160 76 90 70 53 142 89 56 14 133 114 60 58 78 31 107 120 148 100 86 40 164 155 188 10 
 36 
 117 58 150 114 152 28 1000 140 130 42 91 113 150 100 119 122 154 150 110 161 136 44 40 128 78 186 158 
 63 40 136 50 
 67 157 82 116 64 141 142 166 135 128 94 160 28 169 60 30 10 130 194 
 120 133 162 102 44 20 76 158 102 92 120 72 107 130 31 42 80 94 94 110 141 94 117 41 86 100 100 41 101 
 130 111 
 50 120 14 86 60 121 140 1000 14 113 53 154 22 112 58 80 41 22 178 36 84 125 144 89 94 110 90 82 145 124 
 90 
 85 50 144 148 111 60 94 53 41 53 142 22 120 80 150 142 140 130 111 
 116 121 162 107 31 31 72 156 100 80 126 58 94 121 20 44 72 89 80 101 142 98 123 36 84 90 110 53 114 120 
 100 
 36 107 28 89 70 114 130 14 1000 107 50 156 22 114 63 85 36 36 176 36 91 119 138 94 92 120 100 70 132 
 129 80 
 72 63 142 150 98 70 101 67 30 60 140 36 110 92 146 130 130 133 123 
 20 63 80 84 114 133 40 63 28 53 100 86 70 28 116 80 36 20 85 20 70 78 106 72 44 31 122 120 147 36 50 
 106 80 121 72 114 14 42 114 107 1000 60 80 129 58 82 80 138 120 85 143 94 14 31 86 36 144 116 58 75 94 
 44 
 66 121 50 80 80 104 100 131 122 92 60 130 50 129 42 66 36 89 152 
 67 94 114 70 67 72 22 106 50 56 90 60 78 80 64 22 31 41 76 60 94 60 90 14 36 53 89 63 106 82 72 
 63 92 60 50 64 70 92 53 50 60 1000 108 72 66 36 50 84 60 126 86 63 72 91 60 42 108 80 50 108 90 50 
 58 66 92 102 86 56 72 75 72 42 92 70 80 84 97 102 90 92 114 
 60 141 10 63 174 170 89 28 63 131 60 158 150 101 172 113 104 82 162 100 14 67 70 122 72 110 100 138 130 
 111 130 
 170 160 156 72 120 90 114 155 156 80 108 1000 176 42 100 80 192 150 30 190 85 70 75 76 66 120 101 132 
 151 50 121 
 142 133 31 10 160 111 82 142 180 108 20 164 130 123 58 142 103 40 130 
 138 140 183 125 36 22 94 178 122 100 143 72 111 143 22 64 94 111 94 123 162 116 139 58 106 111 121 60 
 120 141 120 
 44 123 30 108 80 136 151 22 22 130 72 176 1000 134 80 102 20 40 198 14 106 141 160 111 114 130 111 90 
 150 146 100 
 90 70 164 170 113 82 116 70 28 75 162 31 130 100 168 150 152 152 130 
 42 120 50 31 134 128 50 50 31 100 42 121 121 86 130 70 70 50 130 76 28 30 50 80 31 82 72 98 101 94 104 
 130 133 114 31 82 72 100 113 114 58 67 42 134 1000 58 41 150 108 66 148 50 56 72 40 30 94 70 100 133 36 
 90 
 110 94 40 36 130 72 50 103 138 67 31 122 106 90 63 124 92 31 104 
 80 128 108 44 90 70 44 107 60 92 63 94 114 107 82 20 64 63 111 89 86 36 60 41 40 86 53 41 70 111 106 
 90 128 56 28 31 94 120 58 63 82 36 100 80 58 1000 22 98 50 124 94 30 90 110 31 50 72 44 86 142 66 84 
 94 40 94 92 122 22 40 50 92 10 89 64 114 50 110 136 116 72 78 
 72 134 89 22 111 92 50 92 53 102 41 111 125 108 104 41 72 64 126 92 67 14 40 60 36 92 42 58 67 114 114 
 110 138 78 10 41 94 122 80 85 80 50 80 102 41 22 1000 120 70 107 116 14 84 103 10 44 64 36 98 148 44 94 
 107 53 80 72 133 31 22 62 113 28 72 84 120 50 100 141 116 50 72 
 150 140 198 143 30 41 106 191 134 101 161 70 110 148 22 80 102 122 90 130 178 134 158 70 120 117 141 80 
 140 145 121 
 40 120 50 125 100 143 155 41 36 138 84 192 20 150 98 120 1000 60 210 14 125 152 169 129 126 150 131 92 
 150 164 104 
 90 90 176 186 110 101 135 90 20 94 176 50 130 120 180 150 157 169 150 
 123 148 158 92 67 22 80 156 104 107 108 92 125 140 53 41 90 100 114 120 136 84 102 50 85 111 82 20 80 
 141 126 
 72 138 10 78 41 130 151 22 36 120 60 150 40 108 50 70 60 1000 174 50 72 130 150 78 94 90 72 97 160 114 
 103 
 102 30 142 142 130 44 80 31 63 42 138 14 134 60 154 156 150 120 90 
 67 140 20 92 192 194 106 22 78 139 90 170 155 100 191 136 116 94 170 104 41 94 100 141 92 117 130 165 
 160 110 133 
 186 162 180 98 148 92 110 178 176 85 127 30 198 67 125 107 212 174 1000 212 113 72 70 104 84 150 131 
 141 150 80 129 
 151 160 36 40 163 138 111 169 198 133 36 188 130 151 50 140 100 70 160 
 152 150 197 138 41 30 108 192 136 110 156 80 120 155 30 78 107 125 101 136 176 130 152 72 120 123 133 
 70 130 152 130 
 50 131 41 122 92 148 162 36 36 143 86 191 14 148 94 116 14 50 212 1000 120 155 174 124 128 140 122 100 
 160 160 111 
 100 80 178 184 120 94 129 80 31 89 176 40 140 110 182 160 164 166 140 
 85 148 94 22 120 94 64 100 67 116 36 123 138 122 111 50 86 78 139 106 72 20 31 70 50 106 28 56 53 128 
 128 
 120 152 80 22 36 108 136 85 92 94 63 85 107 50 30 14 126 72 114 120 1000 97 116 10 58 50 22 111 162 42 
 108 
 120 50 90 75 147 28 10 58 121 31 80 86 134 40 111 155 130 50 58 
 14 70 70 86 128 145 50 50 31 67 98 100 82 31 130 90 50 31 98 31 63 80 106 85 50 44 125 130 152 41 60 
 120 90 133 76 121 20 44 126 120 14 72 70 143 56 90 85 152 131 72 156 98 1000 20 89 41 146 120 72 81 92 
 58 
 80 130 40 72 91 110 102 140 136 100 50 141 60 135 28 72 36 86 156 
 31 70 72 102 144 164 70 50 50 78 114 113 89 31 147 110 67 50 108 42 72 98 122 104 70 56 143 150 170 41 
 67 
 136 94 152 94 141 28 40 145 139 31 92 76 161 72 110 104 170 151 70 174 117 20 1000 107 60 164 138 84 80 
 106 70 
 92 150 44 80 98 130 120 160 152 120 58 160 62 154 20 70 30 98 174 
 76 142 85 14 121 100 58 90 58 111 31 121 134 114 114 50 80 70 136 98 63 10 30 70 42 100 36 64 63 120 
 122 
 120 147 86 14 44 100 128 89 94 86 60 76 111 40 31 10 130 78 104 125 10 89 107 1000 50 58 31 107 156 36 
 102 
 116 58 80 67 142 36 14 66 122 36 70 92 128 50 101 148 122 42 67 
 30 94 72 50 108 111 22 64 10 70 67 92 92 64 106 53 40 22 100 50 53 42 72 56 10 53 86 90 111 70 76 
 102 104 98 36 80 50 78 94 92 36 42 67 114 30 50 44 127 94 84 128 58 41 60 50 1000 108 80 70 108 63 60 
 80 90 50 63 101 70 64 100 114 60 50 106 80 94 60 100 72 60 116 
 134 197 130 63 152 110 113 141 116 164 60 165 186 172 141 89 134 128 183 156 110 67 50 111 100 155 22 
 70 14 178 176 
 155 200 100 72 50 158 186 110 121 144 108 120 130 94 72 64 150 90 150 140 50 147 165 58 108 1000 28 158 
 210 70 156 
 166 60 133 110 194 53 44 60 150 67 121 100 182 30 157 204 180 80 10 
 107 169 111 40 130 94 84 120 89 136 44 139 158 144 120 63 106 100 156 128 90 41 36 85 72 127 10 53 31 
 150 148 
 131 172 82 44 31 130 158 90 100 116 80 101 111 70 44 36 131 72 131 123 22 120 139 31 80 28 1000 130 182 
 53 128 
 138 44 110 92 166 30 20 50 130 41 100 84 154 22 132 176 152 63 36 
 76 50 136 114 63 101 50 120 70 10 133 28 28 58 70 70 30 50 30 42 121 104 136 50 70 28 138 108 156 53 30 
 53 42 94 94 113 56 63 82 70 58 50 133 90 100 86 98 92 98 143 100 111 72 84 107 70 158 130 1000 63 130 
 14 
 10 114 106 130 36 106 120 122 72 92 113 103 40 134 100 60 67 130 164 
 94 14 151 158 120 164 98 130 102 53 174 80 40 50 130 130 78 86 60 58 145 150 180 111 114 56 191 170 212 
 41 36 
 110 31 158 142 172 63 40 145 133 76 108 152 151 134 142 148 150 161 150 160 162 82 80 156 108 212 183 
 63 1000 169 58 
 60 174 120 154 41 164 170 183 130 150 132 166 28 192 100 10 50 164 219 
 78 156 60 22 155 136 80 72 67 133 10 150 155 122 148 85 101 85 161 111 41 31 20 101 60 117 50 98 80 130 
 139 
 152 167 122 41 78 108 136 125 130 94 90 50 147 36 67 44 165 114 80 161 42 92 106 36 63 70 53 131 170 
 1000 122 
 140 92 66 40 163 70 36 100 156 72 53 128 142 75 94 160 128 10 80 
 63 44 123 107 76 110 44 107 60 10 126 42 31 44 82 72 22 40 41 28 110 98 130 53 63 14 136 111 155 41 22 
 67 44 101 89 114 42 50 90 80 44 50 121 100 90 84 94 104 104 130 111 108 58 70 102 60 156 128 14 58 123 
 1000 
 22 116 94 120 41 106 116 125 85 92 101 110 31 134 86 53 53 120 162 
 85 50 145 123 60 104 60 130 80 14 143 22 22 64 70 78 40 60 20 50 131 114 145 56 80 36 147 114 164 58 31 
 50 36 98 104 120 64 67 85 72 67 58 143 90 110 94 107 90 102 152 100 120 80 92 117 80 166 138 10 60 141 
 22 
 1000 120 116 140 28 114 129 128 70 100 123 107 41 142 108 60 72 140 172 
 120 161 143 72 94 50 82 145 100 122 84 114 142 145 82 44 98 101 134 126 120 67 78 64 80 120 53 10 50 
 148 138 
 98 156 40 63 14 133 158 50 63 121 67 134 70 94 40 53 90 30 161 80 50 130 150 58 90 60 44 114 174 92 116 
 120 1000 133 124 148 22 56 10 91 30 125 41 146 30 150 168 154 100 60 
 31 110 30 70 156 161 70 14 42 104 76 134 121 70 155 102 80 58 136 70 28 70 85 106 58 82 111 136 141 80 
 100 
 150 130 147 70 121 60 82 144 142 50 92 31 164 40 94 80 176 143 36 178 90 40 44 80 50 133 110 107 121 67 
 94 
 117 133 1000 36 130 111 90 142 162 103 14 155 100 130 28 111 72 58 143 
 60 143 20 53 170 162 85 36 60 130 50 155 150 104 166 106 101 80 161 100 10 58 60 116 67 110 90 130 120 
 114 130 
 165 160 148 64 111 92 117 148 150 80 102 10 170 36 92 72 186 142 40 184 76 72 80 67 63 110 92 131 155 
 40 120 
 141 125 36 1000 160 102 72 133 174 100 22 156 130 113 64 144 106 30 120 
 100 36 161 148 80 130 85 143 100 31 167 41 10 67 92 106 63 80 20 60 150 139 170 84 104 50 174 142 192 
 58 31 
 70 10 125 130 148 72 64 111 98 80 86 160 114 131 122 134 110 130 164 121 147 92 98 143 101 194 166 36 
 41 164 41 
 28 148 131 160 1000 142 155 156 90 128 140 133 36 170 115 44 72 161 200 
 100 150 120 50 100 67 67 123 80 113 64 111 134 130 90 36 86 85 130 111 98 44 58 58 60 108 40 28 50 134 
 128 
 101 148 53 41 10 117 143 60 70 104 56 111 82 72 22 31 101 44 139 94 28 111 131 36 70 53 30 106 164 70 
 106 
 114 22 111 102 142 1000 36 31 100 14 103 58 136 28 130 158 138 78 58 
 89 156 92 20 130 102 72 100 72 125 28 133 147 128 121 60 94 84 148 113 70 22 22 80 56 114 22 64 50 134 
 136 
 130 161 89 28 42 114 142 94 101 100 72 82 117 50 40 22 136 80 111 130 10 102 120 14 64 44 20 120 170 36 
 116 
 130 56 90 72 156 36 1000 64 131 41 80 94 142 41 113 162 136 44 53 
 130 170 152 80 98 50 92 155 110 130 92 120 150 155 85 53 107 111 141 136 130 76 84 72 90 130 58 14 50 
 158 147 
 102 164 41 72 22 143 167 53 67 131 76 143 70 104 50 63 90 31 170 80 58 140 160 67 100 60 50 122 183 100 
 125 
 128 10 143 134 156 31 64 1000 94 40 134 40 155 31 160 177 164 108 60 
 134 120 186 136 10 50 92 176 120 82 155 50 90 130 10 72 86 106 70 111 166 126 152 58 108 98 140 82 143 
 126 101 
 20 100 53 117 100 125 136 41 30 122 72 180 28 138 92 114 20 63 198 31 121 136 152 123 114 151 130 72 
 130 158 85 
 70 92 162 174 90 100 131 94 1000 90 164 58 110 121 164 130 138 160 152 
 90 136 116 50 90 64 53 117 70 98 67 98 120 117 80 22 72 72 116 98 94 42 63 44 50 94 50 31 64 120 114 
 90 134 50 36 22 104 130 53 60 92 42 108 76 67 10 28 94 42 134 89 31 100 120 36 60 67 41 92 150 72 92 
 100 30 104 100 128 14 41 40 90 1000 98 56 122 42 120 144 125 78 72 
 40 121 22 60 158 158 72 20 44 111 63 139 130 82 156 100 85 63 143 80 14 60 72 106 56 90 100 130 130 92 
 110 
 152 140 144 63 114 70 94 142 141 60 92 20 162 31 89 72 176 138 36 176 80 50 58 70 50 121 100 114 133 53 
 101 
 123 126 14 22 140 104 80 136 164 98 1000 152 110 120 42 122 84 44 131 
 136 155 172 106 64 10 92 170 117 114 122 94 130 150 50 53 100 111 116 130 150 98 116 60 98 120 94 31 90 
 150 133 
 70 143 10 92 53 140 160 22 36 131 70 164 31 122 64 84 50 14 188 40 86 143 162 92 107 100 85 104 167 128 
 111 
 107 41 156 156 134 58 94 40 58 56 152 1000 141 70 166 163 160 134 100 
 70 14 130 130 101 141 70 110 76 30 147 63 28 31 110 102 50 58 50 31 121 122 152 85 86 28 162 143 184 22 
 10 
 92 31 133 114 144 40 28 121 110 50 80 130 130 107 114 120 131 136 131 140 134 60 63 128 80 183 155 40 
 28 143 31 
 41 147 100 131 36 136 142 156 111 122 110 143 1000 164 81 22 36 138 191 
 123 178 133 60 123 80 94 140 104 141 67 138 162 156 111 64 114 111 158 138 111 60 58 86 85 136 28 40 22 
 161 156 
 126 176 70 60 22 143 170 80 92 130 84 123 100 90 50 50 120 60 152 110 40 136 155 50 94 30 22 134 192 76 
 134 
 142 30 130 114 170 28 41 31 121 42 120 70 164 1000 150 186 164 85 31 
 31 90 53 94 156 170 76 31 50 94 102 128 107 50 158 114 78 58 125 58 56 92 111 111 70 72 136 151 164 60 
 85 
 148 114 158 90 140 44 60 152 147 42 98 58 170 63 110 100 180 155 50 183 111 28 20 101 60 158 133 100 
 100 94 86 
 108 150 28 64 117 130 114 160 164 120 42 167 82 151 1000 90 50 86 167 
 85 10 141 150 120 162 92 120 94 50 166 80 41 41 130 125 72 78 63 50 136 142 172 107 106 50 183 165 206 
 31 31 
 110 36 155 134 166 53 30 143 131 67 102 143 150 125 136 141 150 158 140 160 155 72 70 148 100 205 176 
 60 10 161 53 
 60 170 111 145 44 158 162 178 130 144 123 164 22 186 90 1000 40 155 212 
 50 41 101 120 130 160 72 80 64 58 134 94 64 10 136 111 60 53 84 30 98 114 141 100 80 41 158 152 183 14 
 42 
 120 67 150 108 148 22 10 140 131 36 90 104 152 92 117 116 158 150 100 164 130 36 30 122 72 180 152 67 
 50 128 53 
 72 155 72 107 72 139 136 164 139 126 85 160 36 165 50 40 1000 122 188 
 72 152 50 28 158 142 80 63 63 131 20 150 152 116 152 89 100 82 160 107 31 36 30 104 60 114 60 106 90 
 125 136 
 155 164 128 44 86 102 130 130 134 89 92 40 152 31 72 50 170 120 70 166 50 86 98 42 60 80 63 130 165 10 
 121 
 140 100 58 30 162 78 44 108 161 78 44 134 139 85 86 156 122 1000 90 
 143 205 140 72 155 110 120 151 125 170 70 170 192 180 143 94 141 136 188 164 120 76 60 116 108 162 31 
 70 10 186 183 
 158 206 100 80 53 166 194 111 123 152 114 130 130 104 78 72 150 90 160 140 58 156 174 67 116 10 36 164 
 219 80 162 
 172 60 143 120 200 58 53 60 152 72 131 100 191 31 167 212 188 90 1000 
