7000
1 76 57
2 49 190
3 85 336
4 51 638
5 26 918
6 57 299
7 66 899
8 71 726
9 74 746
10 46 520
11 88 351
12 96 296
13 72 682
14 28 332
15 95 415
16 11 854
17 94 408
18 88 588
19 37 672
20 34 721
21 9 830
22 55 705
23 16 889
24 75 605
25 70 387
26 9 353
27 17 324
28 64 123
29 63 813
30 12 506
31 19 809
32 17 7
33 68 734
34 71 647
35 13 723
36 42 134
37 88 175
38 25 940
39 24 116
40 52 20
41 99 613
42 100 837
43 85 690
44 80 678
45 83 863
46 54 466
47 83 264
48 80 652
49 36 937
50 59 77
51 35 426
52 49 756
53 63 657
54 83 737
55 56 175
56 74 350
57 13 892
58 83 946
59 52 431
60 72 917
61 55 170
62 97 497
63 65 751
64 13 971
65 8 662
66 45 473
67 39 846
68 75 287
69 2 976
70 45 85
71 2 477
72 72 215
73 58 751
74 24 685
75 79 664
76 97 708
77 11 776
78 77 665
79 29 692
80 84 592
81 47 6
82 81 246
83 50 881
84 35 279
85 23 462
86 10 813
87 10 17
88 90 786
89 81 321
90 99 586
91 41 683
92 43 581
93 54 940
94 10 536
95 97 37
96 56 185
97 45 975
98 38 124
99 18 164
100 92 367
101 61 596
102 56 18
103 71 618
104 11 945
105 63 746
106 51 543
107 7 783
108 65 14
109 60 180
110 28 875
111 37 623
112 74 365
113 7 105
114 36 802
115 32 704
116 81 36
117 73 944
118 40 458
119 71 981
120 81 178
121 42 579
122 33 950
123 23 89
124 46 630
125 47 686
126 47 318
127 63 189
128 56 554
129 97 324
130 86 205
131 67 775
132 44 219
133 45 769
134 65 763
135 70 149
136 99 93
137 52 105
138 90 999
139 100 513
140 20 145
141 87 421
142 23 771
143 4 660
144 48 629
145 59 903
146 63 150
147 85 991
148 30 519
149 62 222
150 53 35
151 42 740
152 94 610
153 21 847
154 5 515
155 3 731
156 82 313
157 20 61
158 3 650
159 76 930
160 78 986
161 52 348
162 71 672
163 52 56
164 7 947
165 6 529
166 85 421
167 54 310
168 75 308
169 85 387
170 55 630
171 25 158
172 86 763
173 43 145
174 2 858
175 23 716
176 91 465
177 47 149
178 75 735
179 89 707
180 52 342
181 83 525
182 12 916
183 21 228
184 45 917
185 24 928
186 33 645
187 42 443
188 64 339
189 35 992
190 46 444
191 93 887
192 17 471
193 31 193
194 48 772
195 94 806
196 46 223
197 18 961
198 14 493
199 100 208
200 60 774
201 94 634
202 86 700
203 17 199
204 67 980
205 23 448
206 7 179
207 25 82
208 44 893
209 64 222
210 22 681
211 4 39
212 53 369
213 34 154
214 84 247
215 56 954
216 79 511
217 87 589
218 54 111
219 85 175
220 82 653
221 86 992
222 37 828
223 87 864
224 30 792
225 33 394
226 17 61
227 6 952
228 37 848
229 57 810
230 59 633
231 64 21
232 83 494
233 60 690
234 64 665
235 79 581
236 26 419
237 45 536
238 89 538
239 97 930
240 41 262
241 9 940
242 5 286
243 49 753
244 6 190
245 50 732
246 16 59
247 90 995
248 7 382
249 88 685
250 29 220
251 23 132
252 100 609
253 70 478
254 14 553
255 5 421
256 85 994
257 13 944
258 41 612
259 59 117
260 26 357
261 55 248
262 72 780
263 83 931
264 8 456
265 4 760
266 16 421
267 41 40
268 86 816
269 5 754
270 70 230
271 75 632
272 1 699
273 50 783
274 51 683
275 98 51
276 49 613
277 23 312
278 74 492
279 10 280
280 15 199
281 76 632
282 71 92
283 95 983
284 88 514
285 81 871
286 14 438
287 11 758
288 96 578
289 91 959
290 78 516
291 89 174
292 52 851
293 16 396
294 47 106
295 95 964
296 55 347
297 6 602
298 50 147
299 38 386
300 86 185
301 53 836
302 35 153
303 4 485
304 65 789
305 51 212
306 79 764
307 17 771
308 10 792
309 99 199
310 29 519
311 66 22
312 49 370
313 59 96
314 36 433
315 82 908
316 15 814
317 84 125
318 26 492
319 88 944
320 48 687
321 16 201
322 80 707
323 32 716
324 75 943
325 72 228
326 7 854
327 27 893
328 68 341
329 68 351
330 57 774
331 3 73
332 47 937
333 60 86
334 83 73
335 13 515
336 83 710
337 79 300
338 6 820
339 4 474
340 44 950
341 93 858
342 49 509
343 49 370
344 4 274
345 85 381
346 14 853
347 83 687
348 6 616
349 66 711
350 23 979
351 2 960
352 63 710
353 93 821
354 4 454
355 24 118
356 50 482
357 30 453
358 42 59
359 18 410
360 18 994
361 45 235
362 31 344
363 84 360
364 27 114
365 45 193
366 91 516
367 46 793
368 77 706
369 82 65
370 58 356
371 41 100
372 26 192
373 8 803
374 8 29
375 50 852
376 83 601
377 53 998
378 31 619
379 74 186
380 50 797
381 6 195
382 8 573
383 53 425
384 44 870
385 36 390
386 97 901
387 89 855
388 85 864
389 13 950
390 63 861
391 41 356
392 59 441
393 42 305
394 71 979
395 80 715
396 20 407
397 68 776
398 94 579
399 22 232
400 19 795
401 52 763
402 48 38
403 20 162
404 48 25
405 27 25
406 57 223
407 52 118
408 7 49
409 65 611
410 15 639
411 1 684
412 94 330
413 1 758
414 58 687
415 80 532
416 51 272
417 13 950
418 76 789
419 25 922
420 42 684
421 87 388
422 81 187
423 80 581
424 44 688
425 80 546
426 40 307
427 45 924
428 35 968
429 34 424
430 96 72
431 71 921
432 53 402
433 27 402
434 37 300
435 100 512
436 28 621
437 7 878
438 92 553
439 3 583
440 4 81
441 41 110
442 7 884
443 18 743
444 92 105
445 90 360
446 72 521
447 10 276
448 74 580
449 78 347
450 94 685
451 100 365
452 8 856
453 7 509
454 82 953
455 58 259
456 12 142
457 90 485
458 68 149
459 70 253
460 62 645
461 30 859
462 13 437
463 28 711
464 38 746
465 35 302
466 100 304
467 75 934
468 50 900
469 57 711
470 70 426
471 33 5
472 35 638
473 70 994
474 2 618
475 25 476
476 39 128
477 72 747
478 29 50
479 49 534
480 73 32
481 10 238
482 71 932
483 26 923
484 3 959
485 84 410
486 32 82
487 16 763
488 36 771
489 21 515
490 9 645
491 39 580
492 71 21
493 70 906
494 67 322
495 43 518
496 73 61
497 96 824
498 2 847
499 32 22
500 80 24
501 3 473
502 58 298
503 8 703
504 36 707
505 74 110
506 19 462
507 12 469
508 41 971
509 98 581
510 49 896
511 89 738
512 62 967
513 4 411
514 9 232
515 13 561
516 12 30
517 34 241
518 58 284
519 67 956
520 14 94
521 100 154
522 6 589
523 10 364
524 60 874
525 28 97
526 36 807
527 67 455
528 47 611
529 74 132
530 34 73
531 2 936
532 72 443
533 78 644
534 34 253
535 65 959
536 51 500
537 12 961
538 30 185
539 74 942
540 66 432
541 24 111
542 13 475
543 28 457
544 17 864
545 71 802
546 77 52
547 70 755
548 41 97
549 11 710
550 71 904
551 18 441
552 35 314
553 74 934
554 82 910
555 6 804
556 76 501
557 41 337
558 50 131
559 60 156
560 30 59
561 47 986
562 49 561
563 2 567
564 62 912
565 23 377
566 70 78
567 30 101
568 95 817
569 68 20
570 100 462
571 83 314
572 79 3
573 70 393
574 13 41
575 63 305
576 5 635
577 41 722
578 50 370
579 13 540
580 82 552
581 65 728
582 58 586
583 86 703
584 86 623
585 88 817
586 82 429
587 6 456
588 76 556
589 42 813
590 89 972
591 3 766
592 13 507
593 50 415
594 89 894
595 23 220
596 57 303
597 8 433
598 22 912
599 54 291
600 46 773
601 49 788
602 55 939
603 27 914
604 34 811
605 17 794
606 77 724
607 51 521
608 10 297
609 19 665
610 87 808
611 97 280
612 99 212
613 70 318
614 65 891
615 91 962
616 94 837
617 64 428
618 61 173
619 67 629
620 10 133
621 57 486
622 19 680
623 44 618
624 85 945
625 88 680
626 42 937
627 50 556
628 71 326
629 23 457
630 77 500
631 14 811
632 73 544
633 44 573
634 34 946
635 59 330
636 34 879
637 9 334
638 13 321
639 35 505
640 71 70
641 59 463
642 66 59
643 16 89
644 5 127
645 77 171
646 34 566
647 48 650
648 48 33
649 4 719
650 16 655
651 99 681
652 76 50
653 24 827
654 62 534
655 71 611
656 74 83
657 92 939
658 19 37
659 76 910
660 46 795
661 69 697
662 39 960
663 65 849
664 77 782
665 38 276
666 56 704
667 84 414
668 18 479
669 97 958
670 92 978
671 12 53
672 96 260
673 79 687
674 74 843
675 56 877
676 57 750
677 74 182
678 61 820
679 98 926
680 66 253
681 49 517
682 65 927
683 19 346
684 48 814
685 63 26
686 29 958
687 32 114
688 82 305
689 62 515
690 96 640
691 85 784
692 35 721
693 19 652
694 25 239
695 95 606
696 13 912
697 25 672
698 30 561
699 28 806
700 74 223
701 26 463
702 26 858
703 91 300
704 49 224
705 61 24
706 47 795
707 50 280
708 56 52
709 87 624
710 54 339
711 96 752
712 86 468
713 52 760
714 49 515
715 12 580
716 37 707
717 22 746
718 1 268
719 51 416
720 89 465
721 37 936
722 85 894
723 76 606
724 95 629
725 3 328
726 82 371
727 22 362
728 26 575
729 61 519
730 8 922
731 59 159
732 38 132
733 3 689
734 4 663
735 82 121
736 75 463
737 18 995
738 39 47
739 8 406
740 24 670
741 60 397
742 19 783
743 62 794
744 52 319
745 95 86
746 24 31
747 22 144
748 59 421
749 71 21
750 17 321
751 98 831
752 59 263
753 67 695
754 18 19
755 30 609
756 100 881
757 73 590
758 70 225
759 22 388
760 99 909
761 99 504
762 54 63
763 33 821
764 19 613
765 73 269
766 12 552
767 54 216
768 87 278
769 16 687
770 76 811
771 16 288
772 58 834
773 62 305
774 77 608
775 97 860
776 80 980
777 3 752
778 22 652
779 5 290
780 60 990
781 69 678
782 34 165
783 13 768
784 85 403
785 97 250
786 7 448
787 70 136
788 94 72
789 75 261
790 93 44
791 100 826
792 27 93
793 89 468
794 39 995
795 87 741
796 28 512
797 6 196
798 44 219
799 79 411
800 90 956
801 76 416
802 15 804
803 21 772
804 8 647
805 90 980
806 20 680
807 88 206
808 24 494
809 49 905
810 1 248
811 72 659
812 24 788
813 95 877
814 63 101
815 91 514
816 45 370
817 79 631
818 10 946
819 36 518
820 66 449
821 86 781
822 100 294
823 66 150
824 2 717
825 55 917
826 51 887
827 14 501
828 96 569
829 60 658
830 54 341
831 66 755
832 5 997
833 95 951
834 3 218
835 15 990
836 82 103
837 14 84
838 7 303
839 97 801
840 11 171
841 30 155
842 71 595
843 45 106
844 3 213
845 57 512
846 43 333
847 46 184
848 72 102
849 8 918
850 2 923
851 62 428
852 55 667
853 40 502
854 69 736
855 26 176
856 10 325
857 8 711
858 89 626
859 47 856
860 57 581
861 54 235
862 53 303
863 17 734
864 49 573
865 77 851
866 39 868
867 63 582
868 41 408
869 84 177
870 10 148
871 89 352
872 10 973
873 47 781
874 44 624
875 81 846
876 24 957
877 49 166
878 13 103
879 100 498
880 30 952
881 78 784
882 21 203
883 65 220
884 80 17
885 5 158
886 55 162
887 30 864
888 6 752
889 86 164
890 25 97
891 35 318
892 25 621
893 74 942
894 63 214
895 47 907
896 97 37
897 12 37
898 21 683
899 59 496
900 52 986
901 16 455
902 17 89
903 62 204
904 3 880
905 31 724
906 83 497
907 12 661
908 81 486
909 30 201
910 44 336
911 68 849
912 9 508
913 92 375
914 48 898
915 46 405
916 35 285
917 58 827
918 86 81
919 72 320
920 94 861
921 96 156
922 7 109
923 39 526
924 48 848
925 81 592
926 23 230
927 45 213
928 60 38
929 51 270
930 79 689
931 66 876
932 9 15
933 37 596
934 5 16
935 21 941
936 54 421
937 25 619
938 82 988
939 51 131
940 36 895
941 55 803
942 31 260
943 4 143
944 6 649
945 20 237
946 57 80
947 98 833
948 14 216
949 79 796
950 47 240
951 45 496
952 71 112
953 95 408
954 75 243
955 46 356
956 49 669
957 33 619
958 78 567
959 52 783
960 31 823
961 45 6
962 85 12
963 76 158
964 91 414
965 87 739
966 66 716
967 81 68
968 38 55
969 33 518
970 55 948
971 9 927
972 58 276
973 64 262
974 42 959
975 91 315
976 90 23
977 22 23
978 28 871
979 37 41
980 42 31
981 82 169
982 61 45
983 16 400
984 10 767
985 32 230
986 65 852
987 2 932
988 94 267
989 58 729
990 94 803
991 23 936
992 20 632
993 14 943
994 30 466
995 46 705
996 21 192
997 38 549
998 79 417
999 20 383
1000 75 43
1001 65 195
1002 18 911
1003 66 525
1004 58 927
1005 24 456
1006 74 541
1007 10 411
1008 61 148
1009 94 509
1010 91 604
1011 94 899
1012 27 198
1013 59 921
1014 18 47
1015 78 36
1016 88 823
1017 2 252
1018 7 219
1019 37 335
1020 94 951
1021 54 377
1022 67 429
1023 9 335
1024 63 971
1025 6 225
1026 79 23
1027 44 428
1028 15 196
1029 65 122
1030 73 890
1031 17 14
1032 5 3
1033 39 616
1034 67 421
1035 27 624
1036 40 587
1037 22 776
1038 70 956
1039 11 299
1040 77 870
1041 77 500
1042 68 900
1043 24 469
1044 40 912
1045 79 550
1046 18 919
1047 87 75
1048 79 94
1049 19 569
1050 39 991
1051 45 149
1052 71 500
1053 72 733
1054 93 450
1055 56 483
1056 100 267
1057 41 235
1058 27 471
1059 88 205
1060 100 375
1061 72 765
1062 94 933
1063 39 110
1064 68 142
1065 28 880
1066 71 508
1067 100 537
1068 72 368
1069 9 168
1070 77 634
1071 13 638
1072 100 674
1073 51 893
1074 4 821
1075 35 675
1076 30 900
1077 75 876
1078 100 438
1079 2 894
1080 46 167
1081 63 502
1082 96 589
1083 76 575
1084 71 126
1085 63 622
1086 30 691
1087 14 639
1088 79 265
1089 3 277
1090 37 587
1091 68 324
1092 17 483
1093 1 479
1094 68 334
1095 81 242
1096 63 490
1097 65 485
1098 91 533
1099 17 592
1100 53 152
1101 61 143
1102 21 985
1103 94 712
1104 27 680
1105 75 48
1106 9 190
1107 13 530
1108 23 289
1109 69 682
1110 40 542
1111 72 570
1112 20 93
1113 39 16
1114 20 321
1115 29 675
1116 61 71
1117 60 893
1118 9 769
1119 87 238
1120 71 605
1121 94 751
1122 98 508
1123 46 928
1124 53 615
1125 50 441
1126 73 784
1127 31 149
1128 59 594
1129 84 839
1130 65 160
1131 53 126
1132 14 583
1133 16 369
1134 98 290
1135 84 715
1136 11 764
1137 5 196
1138 90 460
1139 86 433
1140 31 607
1141 83 425
1142 65 807
1143 20 662
1144 51 810
1145 5 109
1146 19 690
1147 15 650
1148 95 871
1149 63 149
1150 46 84
1151 75 541
1152 7 629
1153 23 529
1154 31 630
1155 2 193
1156 81 127
1157 4 318
1158 68 533
1159 85 48
1160 12 189
1161 14 105
1162 29 626
1163 17 128
1164 60 550
1165 29 258
1166 78 51
1167 54 962
1168 80 293
1169 25 768
1170 45 50
1171 73 942
1172 98 784
1173 34 858
1174 43 986
1175 74 710
1176 79 570
1177 99 782
1178 24 187
1179 60 36
1180 74 947
1181 14 490
1182 18 285
1183 41 673
1184 81 606
1185 7 262
1186 65 359
1187 70 424
1188 80 712
1189 48 411
1190 16 698
1191 65 159
1192 72 384
1193 14 905
1194 55 421
1195 68 250
1196 78 367
1197 69 718
1198 45 605
1199 10 143
1200 89 528
1201 58 899
1202 28 474
1203 92 755
1204 36 153
1205 72 600
1206 49 261
1207 100 888
1208 5 369
1209 30 725
1210 67 459
1211 96 726
1212 12 691
1213 82 126
1214 21 871
1215 56 54
1216 60 69
1217 38 612
1218 75 596
1219 84 126
1220 6 908
1221 100 354
1222 36 491
1223 42 871
1224 37 235
1225 42 415
1226 19 310
1227 32 500
1228 48 179
1229 70 577
1230 3 125
1231 18 389
1232 3 933
1233 53 328
1234 11 361
1235 48 852
1236 43 873
1237 12 950
1238 35 322
1239 67 700
1240 21 27
1241 29 871
1242 7 636
1243 69 854
1244 50 984
1245 20 456
1246 82 643
1247 80 141
1248 41 800
1249 49 617
1250 7 194
1251 1 688
1252 61 757
1253 54 438
1254 64 465
1255 23 441
1256 59 954
1257 43 620
1258 26 912
1259 82 699
1260 76 167
1261 58 15
1262 54 100
1263 24 678
1264 99 976
1265 85 242
1266 90 496
1267 63 621
1268 38 179
1269 30 466
1270 14 124
1271 32 950
1272 75 916
1273 18 621
1274 94 680
1275 8 950
1276 63 176
1277 25 323
1278 78 676
1279 30 401
1280 66 733
1281 6 599
1282 55 818
1283 68 410
1284 60 585
1285 26 668
1286 83 141
1287 31 680
1288 85 631
1289 75 103
1290 90 668
1291 28 167
1292 99 941
1293 79 309
1294 93 440
1295 3 632
1296 10 879
1297 100 503
1298 88 313
1299 94 516
1300 96 604
1301 10 755
1302 62 124
1303 20 659
1304 40 385
1305 23 522
1306 62 440
1307 69 260
1308 98 359
1309 35 612
1310 74 425
1311 14 973
1312 47 43
1313 5 711
1314 33 203
1315 49 16
1316 59 39
1317 90 209
1318 94 673
1319 40 387
1320 41 252
1321 78 394
1322 48 178
1323 57 995
1324 19 511
1325 56 91
1326 90 734
1327 72 648
1328 90 636
1329 13 518
1330 41 493
1331 68 107
1332 10 335
1333 49 336
1334 51 88
1335 75 165
1336 8 618
1337 93 244
1338 87 390
1339 1 829
1340 96 847
1341 13 94
1342 70 889
1343 59 637
1344 81 330
1345 21 221
1346 8 869
1347 96 738
1348 18 246
1349 22 29
1350 1 285
1351 61 21
1352 52 122
1353 83 122
1354 72 759
1355 10 425
1356 62 968
1357 72 71
1358 30 656
1359 53 833
1360 40 793
1361 31 954
1362 83 538
1363 52 936
1364 18 794
1365 21 291
1366 34 879
1367 92 846
1368 34 422
1369 19 85
1370 81 715
1371 40 372
1372 50 26
1373 23 763
1374 25 832
1375 98 297
1376 85 164
1377 73 730
1378 19 568
1379 79 486
1380 17 499
1381 64 497
1382 91 305
1383 6 65
1384 15 383
1385 92 828
1386 90 800
1387 54 103
1388 96 735
1389 100 655
1390 69 988
1391 12 141
1392 3 422
1393 17 225
1394 52 847
1395 95 62
1396 49 255
1397 1 781
1398 74 103
1399 29 959
1400 43 353
1401 74 817
1402 66 866
1403 85 614
1404 1 763
1405 68 285
1406 21 249
1407 71 565
1408 83 297
1409 87 343
1410 76 565
1411 67 634
1412 96 299
1413 82 349
1414 87 967
1415 37 493
1416 97 260
1417 63 148
1418 95 837
1419 45 773
1420 47 985
1421 70 374
1422 5 469
1423 31 803
1424 74 494
1425 62 91
1426 22 822
1427 100 246
1428 78 396
1429 91 173
1430 79 99
1431 22 657
1432 63 894
1433 1 756
1434 100 59
1435 20 461
1436 59 585
1437 97 839
1438 77 786
1439 24 145
1440 32 303
1441 41 661
1442 90 426
1443 56 587
1444 12 243
1445 89 554
1446 30 629
1447 98 113
1448 5 634
1449 44 690
1450 97 336
1451 74 907
1452 47 783
1453 84 602
1454 16 844
1455 19 367
1456 69 461
1457 85 608
1458 11 718
1459 15 515
1460 93 104
1461 72 762
1462 74 348
1463 40 623
1464 48 755
1465 35 988
1466 90 582
1467 2 514
1468 59 140
1469 80 221
1470 75 339
1471 89 101
1472 84 662
1473 58 956
1474 28 190
1475 18 577
1476 83 162
1477 64 789
1478 78 317
1479 59 603
1480 72 687
1481 35 91
1482 6 937
1483 79 19
1484 32 850
1485 91 426
1486 38 282
1487 97 6
1488 70 776
1489 95 110
1490 91 5
1491 61 199
1492 61 202
1493 20 853
1494 18 684
1495 73 480
1496 12 993
1497 48 362
1498 85 621
1499 3 168
1500 45 997
1501 30 328
1502 10 687
1503 59 538
1504 95 887
1505 86 24
1506 6 334
1507 10 572
1508 10 686
1509 79 412
1510 11 484
1511 98 799
1512 13 968
1513 15 117
1514 98 394
1515 60 927
1516 34 429
1517 10 758
1518 24 882
1519 66 627
1520 32 250
1521 2 538
1522 70 387
1523 25 588
1524 17 76
1525 89 23
1526 27 810
1527 44 140
1528 67 4
1529 83 464
1530 4 412
1531 47 512
1532 83 859
1533 78 401
1534 40 118
1535 9 807
1536 57 893
1537 88 554
1538 56 217
1539 89 341
1540 98 488
1541 41 957
1542 91 466
1543 12 112
1544 38 42
1545 83 976
1546 77 156
1547 55 887
1548 45 277
1549 89 499
1550 13 875
1551 77 327
1552 3 924
1553 13 363
1554 65 625
1555 5 554
1556 57 588
1557 56 797
1558 90 180
1559 44 594
1560 50 8
1561 96 170
1562 9 614
1563 71 172
1564 13 817
1565 53 83
1566 52 313
1567 8 870
1568 72 309
1569 28 692
1570 88 247
1571 56 775
1572 57 393
1573 39 380
1574 26 145
1575 43 582
1576 1 391
1577 95 195
1578 68 422
1579 14 88
1580 63 361
1581 1 289
1582 46 671
1583 14 66
1584 85 195
1585 50 59
1586 86 645
1587 50 820
1588 71 782
1589 11 433
1590 82 983
1591 36 659
1592 61 522
1593 3 350
1594 16 311
1595 91 840
1596 22 10
1597 53 401
1598 64 69
1599 91 275
1600 18 701
1601 3 80
1602 48 569
1603 62 152
1604 21 547
1605 72 550
1606 74 913
1607 28 877
1608 28 631
1609 82 414
1610 65 876
1611 48 645
1612 90 941
1613 70 561
1614 36 595
1615 82 955
1616 45 712
1617 83 797
1618 64 562
1619 66 787
1620 41 844
1621 84 946
1622 34 306
1623 4 177
1624 81 668
1625 75 147
1626 97 631
1627 80 413
1628 42 807
1629 55 494
1630 21 476
1631 46 941
1632 75 470
1633 99 981
1634 17 484
1635 26 408
1636 71 72
1637 77 860
1638 92 828
1639 19 772
1640 78 937
1641 72 531
1642 45 500
1643 30 493
1644 92 455
1645 73 58
1646 99 392
1647 26 120
1648 33 531
1649 25 901
1650 88 397
1651 88 750
1652 11 610
1653 46 704
1654 78 613
1655 17 347
1656 2 456
1657 77 240
1658 3 458
1659 24 343
1660 38 288
1661 90 116
1662 65 703
1663 38 820
1664 58 947
1665 24 663
1666 31 926
1667 70 474
1668 96 25
1669 32 927
1670 52 794
1671 1 948
1672 41 144
1673 12 80
1674 29 722
1675 13 568
1676 71 483
1677 87 130
1678 91 240
1679 93 803
1680 96 776
1681 51 64
1682 8 721
1683 32 686
1684 52 803
1685 51 81
1686 15 838
1687 44 849
1688 27 705
1689 67 815
1690 18 175
1691 41 984
1692 9 5
1693 73 844
1694 24 380
1695 71 665
1696 29 970
1697 42 906
1698 38 153
1699 73 982
1700 55 546
1701 80 425
1702 52 317
1703 9 468
1704 91 129
1705 63 30
1706 27 145
1707 21 301
1708 6 727
1709 99 331
1710 85 333
1711 44 509
1712 11 229
1713 60 169
1714 37 42
1715 31 648
1716 59 212
1717 78 59
1718 75 343
1719 33 724
1720 17 7
1721 85 294
1722 67 399
1723 73 32
1724 82 228
1725 12 29
1726 66 520
1727 64 478
1728 94 457
1729 18 983
1730 53 483
1731 10 261
1732 11 922
1733 48 599
1734 91 475
1735 87 314
1736 80 45
1737 84 979
1738 83 636
1739 31 832
1740 37 255
1741 27 867
1742 45 702
1743 62 290
1744 63 64
1745 76 163
1746 28 370
1747 13 9
1748 20 95
1749 61 856
1750 36 281
1751 45 817
1752 6 645
1753 49 899
1754 54 88
1755 40 848
1756 40 385
1757 64 963
1758 60 894
1759 43 191
1760 53 607
1761 24 431
1762 17 477
1763 14 396
1764 81 401
1765 25 408
1766 70 847
1767 85 261
1768 87 761
1769 39 829
1770 31 83
1771 67 841
1772 52 872
1773 63 994
1774 72 635
1775 38 806
1776 69 363
1777 44 868
1778 79 348
1779 20 543
1780 17 770
1781 20 675
1782 44 301
1783 21 281
1784 91 686
1785 92 421
1786 49 96
1787 72 752
1788 82 233
1789 19 585
1790 85 222
1791 7 153
1792 58 801
1793 98 685
1794 65 40
1795 62 947
1796 51 487
1797 91 487
1798 35 48
1799 25 756
1800 35 680
1801 88 189
1802 83 652
1803 30 838
1804 64 205
1805 54 92
1806 13 81
1807 61 525
1808 96 960
1809 6 436
1810 93 824
1811 87 272
1812 24 494
1813 83 387
1814 8 818
1815 18 973
1816 92 973
1817 78 66
1818 84 122
1819 34 961
1820 6 183
1821 8 732
1822 36 591
1823 26 466
1824 90 841
1825 28 789
1826 49 40
1827 30 359
1828 90 708
1829 13 49
1830 77 118
1831 95 19
1832 61 52
1833 85 736
1834 5 268
1835 96 944
1836 4 692
1837 100 495
1838 9 82
1839 20 773
1840 7 587
1841 20 114
1842 14 183
1843 8 10
1844 45 799
1845 67 898
1846 6 869
1847 27 990
1848 35 401
1849 13 529
1850 57 891
1851 51 83
1852 57 564
1853 100 418
1854 49 715
1855 75 961
1856 36 591
1857 3 635
1858 87 405
1859 66 262
1860 35 537
1861 17 786
1862 37 694
1863 80 472
1864 3 502
1865 11 833
1866 83 764
1867 27 762
1868 12 402
1869 57 603
1870 9 66
1871 35 430
1872 33 216
1873 83 976
1874 32 81
1875 92 515
1876 1 298
1877 8 185
1878 76 977
1879 61 140
1880 97 346
1881 16 953
1882 49 464
1883 55 646
1884 69 444
1885 69 795
1886 83 469
1887 68 54
1888 95 710
1889 54 898
1890 45 58
1891 4 345
1892 98 657
1893 16 223
1894 49 866
1895 79 800
1896 56 618
1897 8 726
1898 28 442
1899 47 638
1900 10 641
1901 2 978
1902 90 581
1903 71 348
1904 23 768
1905 85 986
1906 58 6
1907 82 977
1908 23 390
1909 70 181
1910 97 173
1911 8 413
1912 80 777
1913 72 787
1914 68 697
1915 42 969
1916 36 878
1917 91 964
1918 91 578
1919 64 65
1920 33 218
1921 20 875
1922 50 176
1923 73 147
1924 65 472
1925 43 987
1926 86 295
1927 26 797
1928 25 532
1929 52 188
1930 39 233
1931 37 992
1932 23 248
1933 34 673
1934 46 914
1935 94 235
1936 43 419
1937 14 632
1938 64 103
1939 25 498
1940 9 201
1941 73 145
1942 19 28
1943 88 523
1944 96 846
1945 21 389
1946 3 524
1947 10 403
1948 10 299
1949 60 843
1950 23 508
1951 29 551
1952 57 275
1953 94 5
1954 83 227
1955 51 809
1956 1 13
1957 36 566
1958 32 311
1959 38 682
1960 23 979
1961 29 165
1962 66 726
1963 44 130
1964 31 766
1965 21 980
1966 84 599
1967 16 394
1968 71 760
1969 5 845
1970 63 538
1971 71 427
1972 87 622
1973 96 232
1974 26 209
1975 90 7
1976 43 672
1977 73 318
1978 13 185
1979 71 652
1980 62 560
1981 47 846
1982 13 924
1983 46 764
1984 9 515
1985 27 155
1986 91 624
1987 54 232
1988 15 1000
1989 12 26
1990 72 9
1991 78 922
1992 37 289
1993 85 896
1994 19 987
1995 69 279
1996 90 743
1997 99 574
1998 6 931
1999 18 286
2000 100 855
2001 53 782
2002 48 446
2003 100 50
2004 6 771
2005 19 525
2006 31 510
2007 12 606
2008 25 130
2009 43 252
2010 67 424
2011 48 677
2012 8 306
2013 95 182
2014 100 105
2015 25 318
2016 5 122
2017 15 433
2018 28 962
2019 46 658
2020 92 610
2021 43 893
2022 3 750
2023 35 3
2024 38 907
2025 85 312
2026 18 680
2027 26 578
2028 8 125
2029 86 448
2030 19 881
2031 87 780
2032 23 834
2033 98 900
2034 51 330
2035 19 863
2036 87 398
2037 77 631
2038 13 655
2039 78 897
2040 39 595
2041 94 401
2042 86 728
2043 80 925
2044 73 903
2045 16 351
2046 9 522
2047 58 808
2048 82 249
2049 68 606
2050 86 255
2051 44 126
2052 50 935
2053 73 146
2054 89 565
2055 11 81
2056 14 481
2057 75 939
2058 60 20
2059 44 171
2060 5 520
2061 29 984
2062 75 807
2063 64 863
2064 47 593
2065 74 738
2066 20 674
2067 76 452
2068 78 375
2069 80 580
2070 45 580
2071 88 871
2072 17 210
2073 52 157
2074 29 188
2075 91 181
2076 47 974
2077 65 617
2078 52 470
2079 29 457
2080 12 665
2081 36 540
2082 83 85
2083 23 622
2084 56 905
2085 24 841
2086 45 809
2087 46 232
2088 14 127
2089 69 808
2090 25 812
2091 50 170
2092 22 109
2093 92 831
2094 95 966
2095 31 991
2096 79 304
2097 78 807
2098 32 658
2099 4 211
2100 11 269
2101 72 818
2102 87 422
2103 54 351
2104 46 833
2105 89 127
2106 26 855
2107 46 116
2108 53 781
2109 78 447
2110 36 582
2111 18 121
2112 20 579
2113 5 50
2114 16 588
2115 10 360
2116 5 191
2117 61 78
2118 54 103
2119 79 952
2120 76 588
2121 87 300
2122 30 842
2123 79 525
2124 21 211
2125 66 516
2126 80 10
2127 76 308
2128 87 483
2129 38 136
2130 28 692
2131 87 537
2132 96 307
2133 8 974
2134 76 79
2135 70 239
2136 35 802
2137 73 37
2138 94 647
2139 58 359
2140 11 990
2141 67 513
2142 10 109
2143 31 941
2144 40 450
2145 48 272
2146 75 631
2147 86 660
2148 100 408
2149 92 395
2150 71 846
2151 69 204
2152 88 925
2153 36 217
2154 31 405
2155 61 735
2156 30 260
2157 36 982
2158 24 123
2159 51 407
2160 42 78
2161 87 408
2162 46 824
2163 22 647
2164 93 145
2165 86 422
2166 63 303
2167 70 324
2168 40 357
2169 8 57
2170 67 977
2171 54 23
2172 85 562
2173 51 898
2174 12 45
2175 5 563
2176 19 995
2177 86 26
2178 95 691
2179 41 593
2180 69 458
2181 45 26
2182 77 843
2183 32 765
2184 25 629
2185 24 20
2186 34 127
2187 57 675
2188 14 395
2189 68 522
2190 100 221
2191 98 747
2192 28 170
2193 47 170
2194 50 768
2195 12 858
2196 85 592
2197 13 829
2198 23 650
2199 97 432
2200 2 113
2201 35 742
2202 41 500
2203 15 825
2204 96 968
2205 2 17
2206 59 637
2207 64 985
2208 59 918
2209 66 793
2210 34 36
2211 62 767
2212 38 694
2213 59 778
2214 40 364
2215 22 750
2216 99 890
2217 87 547
2218 97 300
2219 38 886
2220 91 481
2221 1 393
2222 24 313
2223 50 257
2224 7 694
2225 28 912
2226 74 704
2227 46 984
2228 12 538
2229 1 601
2230 24 692
2231 6 518
2232 51 255
2233 84 905
2234 68 827
2235 16 188
2236 18 629
2237 94 658
2238 83 582
2239 86 289
2240 5 178
2241 12 334
2242 20 609
2243 91 199
2244 2 903
2245 93 55
2246 75 263
2247 36 217
2248 38 324
2249 100 989
2250 23 679
2251 10 227
2252 2 580
2253 13 116
2254 66 884
2255 63 189
2256 84 224
2257 9 415
2258 93 374
2259 11 545
2260 99 71
2261 92 376
2262 6 19
2263 63 809
2264 73 773
2265 80 73
2266 19 834
2267 80 464
2268 63 52
2269 92 755
2270 33 373
2271 57 144
2272 42 559
2273 28 936
2274 6 196
2275 59 900
2276 60 190
2277 89 212
2278 25 333
2279 75 944
2280 27 854
2281 44 651
2282 72 561
2283 95 171
2284 54 32
2285 32 676
2286 87 934
2287 95 387
2288 71 58
2289 8 986
2290 51 647
2291 31 92
2292 42 714
2293 36 611
2294 41 649
2295 53 580
2296 92 565
2297 93 941
2298 13 12
2299 45 712
2300 16 443
2301 6 874
2302 55 722
2303 85 702
2304 36 25
2305 20 140
2306 57 921
2307 51 766
2308 39 140
2309 87 543
2310 68 8
2311 23 923
2312 11 294
2313 28 194
2314 88 737
2315 78 650
2316 12 948
2317 23 719
2318 22 867
2319 92 239
2320 55 270
2321 38 608
2322 21 605
2323 57 740
2324 28 36
2325 98 103
2326 47 268
2327 59 593
2328 61 500
2329 55 468
2330 53 618
2331 38 971
2332 94 114
2333 64 121
2334 72 565
2335 23 371
2336 15 101
2337 23 283
2338 12 457
2339 87 448
2340 66 186
2341 53 254
2342 58 857
2343 9 703
2344 41 581
2345 74 585
2346 87 852
2347 47 413
2348 62 290
2349 82 445
2350 20 775
2351 78 696
2352 84 400
2353 94 150
2354 33 936
2355 77 278
2356 27 727
2357 74 952
2358 60 668
2359 3 150
2360 4 898
2361 90 575
2362 33 364
2363 19 831
2364 15 8
2365 45 529
2366 72 241
2367 37 582
2368 65 38
2369 46 267
2370 46 968
2371 78 927
2372 39 808
2373 54 982
2374 90 613
2375 47 636
2376 27 92
2377 98 821
2378 42 288
2379 65 534
2380 39 582
2381 80 612
2382 62 706
2383 63 151
2384 10 811
2385 65 150
2386 91 103
2387 23 256
2388 8 11
2389 21 377
2390 53 234
2391 59 34
2392 66 53
2393 94 534
2394 52 529
2395 42 733
2396 31 120
2397 89 488
2398 47 626
2399 19 355
2400 24 626
2401 60 43
2402 47 71
2403 37 135
2404 3 466
2405 33 935
2406 11 512
2407 3 266
2408 30 661
2409 54 293
2410 92 341
2411 95 569
2412 45 26
2413 31 275
2414 70 188
2415 100 652
2416 98 504
2417 7 544
2418 78 422
2419 37 990
2420 49 330
2421 91 310
2422 55 184
2423 38 683
2424 85 835
2425 30 492
2426 64 837
2427 78 386
2428 78 506
2429 71 432
2430 15 574
2431 21 171
2432 79 898
2433 22 903
2434 62 847
2435 25 625
2436 89 216
2437 39 432
2438 90 673
2439 37 673
2440 78 740
2441 77 705
2442 19 552
2443 21 746
2444 89 224
2445 32 954
2446 6 145
2447 33 162
2448 34 597
2449 23 283
2450 95 359
2451 17 667
2452 51 677
2453 94 375
2454 59 446
2455 9 626
2456 76 648
2457 29 76
2458 19 167
2459 96 786
2460 17 820
2461 89 518
2462 11 60
2463 5 561
2464 84 963
2465 2 332
2466 73 618
2467 98 490
2468 74 629
2469 32 451
2470 84 944
2471 70 778
2472 30 736
2473 80 893
2474 20 219
2475 22 140
2476 3 74
2477 96 749
2478 50 88
2479 71 457
2480 75 523
2481 1 123
2482 84 636
2483 66 377
2484 96 733
2485 20 685
2486 56 432
2487 10 832
2488 78 305
2489 98 748
2490 41 210
2491 92 601
2492 85 149
2493 41 962
2494 30 357
2495 35 562
2496 43 756
2497 73 687
2498 75 329
2499 57 36
2500 14 461
2501 100 375
2502 90 737
2503 15 660
2504 26 805
2505 21 608
2506 81 583
2507 42 366
2508 64 776
2509 42 888
2510 19 583
2511 57 110
2512 62 43
2513 79 162
2514 12 79
2515 69 460
2516 6 827
2517 9 963
2518 30 21
2519 57 843
2520 14 904
2521 34 697
2522 16 328
2523 66 543
2524 35 197
2525 94 138
2526 16 709
2527 13 416
2528 13 863
2529 24 449
2530 18 478
2531 82 748
2532 22 186
2533 41 230
2534 53 317
2535 62 122
2536 23 327
2537 27 426
2538 58 249
2539 68 473
2540 1 804
2541 2 833
2542 37 887
2543 59 487
2544 4 975
2545 22 420
2546 71 196
2547 47 180
2548 25 202
2549 67 347
2550 97 884
2551 8 635
2552 68 4
2553 87 334
2554 51 974
2555 59 494
2556 21 849
2557 52 86
2558 52 832
2559 98 71
2560 15 103
2561 47 506
2562 42 926
2563 63 415
2564 50 965
2565 4 980
2566 37 540
2567 43 244
2568 9 132
2569 38 591
2570 59 638
2571 83 968
2572 2 533
2573 24 414
2574 63 462
2575 74 483
2576 94 819
2577 17 997
2578 31 88
2579 20 174
2580 95 474
2581 52 551
2582 61 662
2583 99 204
2584 22 714
2585 82 451
2586 70 596
2587 82 121
2588 36 741
2589 58 829
2590 58 636
2591 71 479
2592 29 967
2593 13 513
2594 34 731
2595 74 700
2596 40 269
2597 60 895
2598 60 615
2599 14 14
2600 76 639
2601 88 289
2602 57 531
2603 37 670
2604 7 34
2605 20 489
2606 47 604
2607 27 191
2608 68 341
2609 38 235
2610 83 810
2611 55 457
2612 52 523
2613 79 349
2614 22 370
2615 59 723
2616 98 118
2617 87 412
2618 40 78
2619 33 570
2620 32 499
2621 3 521
2622 7 762
2623 14 921
2624 22 194
2625 5 818
2626 22 749
2627 16 794
2628 52 932
2629 84 204
2630 81 7
2631 10 738
2632 72 601
2633 67 917
2634 53 97
2635 59 879
2636 64 71
2637 43 559
2638 93 980
2639 34 642
2640 38 50
2641 81 997
2642 42 808
2643 89 3
2644 78 981
2645 56 390
2646 95 948
2647 49 257
2648 67 204
2649 100 750
2650 34 793
2651 29 867
2652 89 999
2653 29 736
2654 97 157
2655 14 11
2656 11 471
2657 95 135
2658 99 683
2659 1 910
2660 48 569
2661 68 432
2662 91 910
2663 81 978
2664 35 817
2665 86 439
2666 50 164
2667 5 972
2668 77 984
2669 65 742
2670 16 592
2671 72 63
2672 50 586
2673 61 805
2674 56 806
2675 73 850
2676 29 286
2677 53 593
2678 12 457
2679 11 129
2680 85 800
2681 24 969
2682 94 504
2683 82 606
2684 45 708
2685 67 801
2686 62 294
2687 68 596
2688 85 220
2689 29 283
2690 77 214
2691 74 855
2692 22 89
2693 18 132
2694 40 817
2695 59 108
2696 65 145
2697 40 241
2698 36 421
2699 52 953
2700 41 74
2701 90 77
2702 89 871
2703 58 932
2704 71 678
2705 82 920
2706 65 844
2707 55 824
2708 72 153
2709 44 527
2710 51 117
2711 80 167
2712 36 342
2713 90 239
2714 40 165
2715 80 237
2716 92 217
2717 63 49
2718 15 391
2719 15 791
2720 98 581
2721 17 963
2722 9 959
2723 59 325
2724 36 432
2725 9 915
2726 41 43
2727 53 772
2728 91 346
2729 76 23
2730 11 493
2731 71 752
2732 96 111
2733 81 491
2734 14 518
2735 74 817
2736 42 259
2737 6 639
2738 46 971
2739 62 816
2740 47 546
2741 91 782
2742 26 354
2743 36 630
2744 32 829
2745 98 726
2746 81 259
2747 72 37
2748 6 418
2749 77 835
2750 64 837
2751 79 890
2752 98 520
2753 89 851
2754 38 901
2755 91 202
2756 52 458
2757 36 457
2758 72 152
2759 83 691
2760 63 261
2761 32 295
2762 3 300
2763 19 63
2764 60 904
2765 41 256
2766 48 414
2767 70 868
2768 94 767
2769 19 198
2770 86 703
2771 64 635
2772 10 342
2773 98 854
2774 46 430
2775 11 835
2776 53 956
2777 29 784
2778 38 240
2779 74 344
2780 78 527
2781 24 843
2782 27 587
2783 100 286
2784 71 950
2785 47 950
2786 70 380
2787 77 424
2788 73 433
2789 30 58
2790 51 590
2791 40 42
2792 4 820
2793 84 335
2794 77 116
2795 8 472
2796 1 760
2797 41 46
2798 19 614
2799 72 237
2800 84 740
2801 99 767
2802 48 932
2803 32 841
2804 19 21
2805 6 703
2806 72 17
2807 72 299
2808 8 346
2809 21 220
2810 19 308
2811 76 304
2812 42 761
2813 28 1000
2814 22 396
2815 42 833
2816 8 727
2817 51 473
2818 89 312
2819 72 431
2820 49 252
2821 70 130
2822 86 428
2823 79 506
2824 44 15
2825 79 451
2826 13 651
2827 7 67
2828 98 349
2829 26 220
2830 35 209
2831 55 422
2832 81 110
2833 84 446
2834 70 97
2835 62 173
2836 76 212
2837 15 357
2838 2 481
2839 52 539
2840 68 695
2841 1 496
2842 75 301
2843 91 780
2844 5 640
2845 10 142
2846 85 216
2847 22 806
2848 30 938
2849 45 113
2850 87 405
2851 95 602
2852 68 767
2853 78 501
2854 15 108
2855 71 653
2856 17 808
2857 89 923
2858 12 35
2859 21 22
2860 80 646
2861 51 588
2862 40 58
2863 63 648
2864 92 710
2865 32 604
2866 23 862
2867 10 87
2868 38 828
2869 43 732
2870 38 704
2871 34 505
2872 95 420
2873 18 115
2874 88 81
2875 34 139
2876 33 10
2877 56 101
2878 7 596
2879 98 573
2880 71 552
2881 83 368
2882 1 53
2883 17 429
2884 97 475
2885 70 106
2886 74 299
2887 76 226
2888 37 78
2889 37 107
2890 26 694
2891 47 815
2892 95 91
2893 73 494
2894 8 15
2895 7 151
2896 24 292
2897 13 410
2898 69 305
2899 85 577
2900 22 811
2901 90 406
2902 15 195
2903 2 649
2904 19 984
2905 30 19
2906 36 35
2907 65 901
2908 53 577
2909 87 356
2910 1 570
2911 16 294
2912 73 917
2913 81 79
2914 50 710
2915 53 500
2916 3 61
2917 21 403
2918 86 600
2919 45 864
2920 98 363
2921 17 394
2922 70 555
2923 9 296
2924 27 149
2925 32 615
2926 18 266
2927 23 738
2928 27 495
2929 78 713
2930 88 822
2931 97 131
2932 79 167
2933 20 920
2934 94 377
2935 54 775
2936 77 698
2937 89 19
2938 31 294
2939 54 473
2940 98 165
2941 72 425
2942 49 866
2943 85 179
2944 7 165
2945 90 528
2946 45 118
2947 64 99
2948 2 667
2949 47 676
2950 20 343
2951 71 469
2952 90 996
2953 67 924
2954 67 158
2955 97 505
2956 81 677
2957 8 918
2958 36 389
2959 98 210
2960 58 632
2961 50 662
2962 97 690
2963 7 842
2964 92 549
2965 9 740
2966 58 828
2967 79 581
2968 33 720
2969 28 989
2970 82 874
2971 54 56
2972 32 372
2973 41 155
2974 17 396
2975 60 511
2976 88 592
2977 27 414
2978 40 608
2979 78 154
2980 82 863
2981 31 239
2982 51 385
2983 81 418
2984 54 651
2985 42 629
2986 89 873
2987 56 225
2988 50 851
2989 61 24
2990 1 91
2991 46 370
2992 57 393
2993 45 114
2994 91 626
2995 76 224
2996 4 169
2997 63 811
2998 45 995
2999 74 124
3000 90 284
3001 19 859
3002 23 697
3003 12 870
3004 8 416
3005 70 506
3006 12 970
3007 15 453
3008 22 429
3009 29 710
3010 53 386
3011 95 104
3012 3 404
3013 25 489
3014 89 283
3015 10 39
3016 76 184
3017 53 900
3018 28 546
3019 60 770
3020 48 313
3021 17 37
3022 1 703
3023 62 623
3024 28 181
3025 65 520
3026 3 385
3027 50 482
3028 57 177
3029 25 810
3030 59 340
3031 69 169
3032 34 236
3033 36 810
3034 90 706
3035 48 84
3036 42 622
3037 31 243
3038 87 813
3039 55 283
3040 33 586
3041 41 55
3042 57 800
3043 10 821
3044 69 18
3045 8 466
3046 44 200
3047 35 495
3048 35 939
3049 57 547
3050 15 198
3051 93 614
3052 19 721
3053 8 675
3054 69 120
3055 61 558
3056 18 839
3057 29 997
3058 29 933
3059 27 129
3060 7 118
3061 48 22
3062 96 888
3063 83 113
3064 22 679
3065 46 87
3066 73 343
3067 49 262
3068 83 949
3069 97 985
3070 70 824
3071 46 925
3072 39 987
3073 33 208
3074 37 743
3075 12 28
3076 27 648
3077 66 69
3078 23 341
3079 5 740
3080 24 261
3081 84 164
3082 85 675
3083 19 380
3084 4 663
3085 65 677
3086 69 376
3087 13 540
3088 20 965
3089 56 352
3090 37 246
3091 78 453
3092 94 490
3093 77 354
3094 93 427
3095 34 15
3096 16 193
3097 54 390
3098 46 480
3099 85 564
3100 8 818
3101 12 923
3102 37 914
3103 2 474
3104 99 163
3105 73 359
3106 74 857
3107 61 885
3108 75 509
3109 15 333
3110 19 350
3111 41 415
3112 25 707
3113 73 882
3114 23 783
3115 47 583
3116 78 787
3117 51 300
3118 8 529
3119 23 253
3120 76 336
3121 86 321
3122 46 482
3123 28 785
3124 78 11
3125 89 392
3126 56 789
3127 91 693
3128 5 943
3129 11 751
3130 52 364
3131 53 742
3132 70 396
3133 36 247
3134 78 442
3135 73 961
3136 8 682
3137 41 312
3138 2 252
3139 63 472
3140 83 829
3141 94 566
3142 8 588
3143 42 369
3144 18 429
3145 22 786
3146 92 973
3147 48 932
3148 67 983
3149 77 143
3150 24 608
3151 69 274
3152 83 944
3153 17 991
3154 30 723
3155 76 311
3156 22 60
3157 28 81
3158 78 688
3159 70 265
3160 9 524
3161 100 466
3162 24 786
3163 88 657
3164 78 231
3165 64 789
3166 73 30
3167 48 300
3168 54 830
3169 60 192
3170 85 754
3171 41 911
3172 91 278
3173 42 578
3174 10 29
3175 3 261
3176 10 182
3177 36 60
3178 8 274
3179 56 278
3180 27 570
3181 41 95
3182 20 390
3183 68 236
3184 25 692
3185 28 403
3186 69 525
3187 68 860
3188 60 157
3189 88 449
3190 54 357
3191 11 378
3192 66 755
3193 8 22
3194 3 385
3195 19 42
3196 76 48
3197 67 751
3198 26 669
3199 19 758
3200 95 448
3201 57 528
3202 42 500
3203 53 941
3204 92 86
3205 4 511
3206 70 143
3207 23 409
3208 81 928
3209 25 165
3210 42 867
3211 3 46
3212 19 918
3213 63 19
3214 95 217
3215 19 741
3216 49 772
3217 15 506
3218 30 503
3219 45 789
3220 93 322
3221 4 154
3222 64 557
3223 76 774
3224 48 578
3225 68 470
3226 37 178
3227 35 506
3228 14 755
3229 16 779
3230 48 419
3231 93 677
3232 21 159
3233 8 508
3234 38 327
3235 37 827
3236 70 707
3237 19 793
3238 73 349
3239 6 720
3240 99 293
3241 42 118
3242 50 683
3243 35 522
3244 86 359
3245 42 996
3246 71 993
3247 16 865
3248 44 900
3249 67 596
3250 91 692
3251 62 921
3252 23 727
3253 1 407
3254 100 469
3255 28 977
3256 68 30
3257 62 274
3258 66 960
3259 45 660
3260 92 416
3261 23 512
3262 27 387
3263 1 80
3264 77 801
3265 34 974
3266 21 809
3267 45 830
3268 12 271
3269 60 773
3270 50 767
3271 70 794
3272 8 326
3273 31 803
3274 38 656
3275 85 866
3276 14 368
3277 34 564
3278 45 932
3279 82 245
3280 12 90
3281 15 85
3282 28 610
3283 74 208
3284 56 11
3285 72 202
3286 5 829
3287 27 407
3288 30 193
3289 51 521
3290 66 544
3291 62 186
3292 60 464
3293 99 61
3294 70 286
3295 65 14
3296 61 191
3297 87 39
3298 80 452
3299 95 554
3300 66 295
3301 65 919
3302 95 87
3303 31 676
3304 97 373
3305 90 749
3306 63 964
3307 12 343
3308 66 664
3309 26 275
3310 32 98
3311 10 328
3312 98 874
3313 24 369
3314 76 404
3315 34 522
3316 74 93
3317 43 169
3318 47 308
3319 15 298
3320 84 929
3321 77 787
3322 71 172
3323 26 621
3324 24 290
3325 22 58
3326 41 959
3327 97 301
3328 93 272
3329 31 25
3330 9 799
3331 83 476
3332 80 185
3333 56 77
3334 84 182
3335 79 438
3336 28 696
3337 25 193
3338 76 174
3339 37 432
3340 27 29
3341 13 251
3342 86 255
3343 18 200
3344 22 694
3345 6 410
3346 67 64
3347 65 141
3348 67 555
3349 100 414
3350 11 302
3351 45 384
3352 65 553
3353 47 308
3354 79 892
3355 66 140
3356 52 489
3357 75 758
3358 23 108
3359 59 495
3360 71 86
3361 59 643
3362 55 238
3363 87 250
3364 76 276
3365 59 937
3366 42 281
3367 65 920
3368 92 114
3369 17 271
3370 1 770
3371 82 220
3372 69 621
3373 26 59
3374 71 809
3375 46 714
3376 60 726
3377 91 561
3378 13 344
3379 62 663
3380 90 684
3381 64 54
3382 93 834
3383 100 151
3384 6 515
3385 8 493
3386 72 663
3387 85 266
3388 52 499
3389 39 73
3390 67 389
3391 38 337
3392 84 982
3393 74 792
3394 39 567
3395 83 110
3396 20 453
3397 31 514
3398 24 250
3399 20 909
3400 66 142
3401 41 281
3402 49 901
3403 30 951
3404 41 10
3405 44 304
3406 91 599
3407 14 28
3408 61 426
3409 50 341
3410 38 440
3411 7 548
3412 69 604
3413 12 440
3414 100 526
3415 67 192
3416 28 380
3417 13 898
3418 59 829
3419 94 69
3420 85 242
3421 17 372
3422 39 318
3423 87 269
3424 49 11
3425 12 874
3426 45 928
3427 38 370
3428 31 536
3429 34 52
3430 55 934
3431 34 64
3432 29 995
3433 59 305
3434 78 270
3435 78 165
3436 57 543
3437 27 807
3438 98 541
3439 47 754
3440 93 268
3441 45 239
3442 56 349
3443 44 603
3444 42 228
3445 45 870
3446 36 72
3447 92 384
3448 83 386
3449 79 60
3450 43 911
3451 83 784
3452 8 431
3453 93 985
3454 65 556
3455 16 379
3456 70 687
3457 93 847
3458 91 959
3459 15 298
3460 34 728
3461 8 709
3462 36 283
3463 53 77
3464 79 815
3465 16 826
3466 40 628
3467 10 403
3468 29 537
3469 16 255
3470 93 241
3471 46 75
3472 93 835
3473 62 242
3474 65 538
3475 45 791
3476 13 538
3477 17 733
3478 39 220
3479 10 357
3480 99 293
3481 70 411
3482 39 523
3483 5 459
3484 76 79
3485 35 52
3486 8 748
3487 81 884
3488 45 816
3489 52 368
3490 73 142
3491 87 933
3492 71 777
3493 93 511
3494 49 694
3495 22 690
3496 23 876
3497 58 35
3498 79 318
3499 24 973
3500 6 380
3501 50 894
3502 79 155
3503 50 132
3504 60 76
3505 70 158
3506 55 283
3507 39 162
3508 11 546
3509 42 57
3510 51 460
3511 29 523
3512 86 242
3513 10 271
3514 38 735
3515 91 327
3516 76 856
3517 55 281
3518 67 184
3519 56 565
3520 48 238
3521 39 301
3522 71 899
3523 36 608
3524 88 807
3525 33 611
3526 90 905
3527 20 279
3528 59 710
3529 40 465
3530 56 152
3531 52 578
3532 73 889
3533 94 34
3534 98 895
3535 41 357
3536 58 562
3537 77 702
3538 22 614
3539 15 469
3540 74 429
3541 73 226
3542 33 66
3543 25 734
3544 74 290
3545 24 532
3546 61 559
3547 60 801
3548 26 329
3549 98 208
3550 36 867
3551 33 322
3552 51 962
3553 59 751
3554 10 141
3555 98 240
3556 52 829
3557 45 400
3558 14 731
3559 26 778
3560 1 543
3561 66 822
3562 37 687
3563 91 816
3564 73 713
3565 96 387
3566 78 341
3567 95 133
3568 76 696
3569 53 510
3570 23 644
3571 95 77
3572 29 297
3573 42 613
3574 61 606
3575 80 114
3576 93 270
3577 16 718
3578 17 328
3579 8 199
3580 72 542
3581 89 293
3582 61 315
3583 60 691
3584 98 49
3585 72 547
3586 7 51
3587 98 560
3588 60 362
3589 37 738
3590 53 361
3591 5 948
3592 79 66
3593 28 836
3594 92 323
3595 71 410
3596 18 707
3597 85 643
3598 80 332
3599 85 375
3600 12 121
3601 82 437
3602 79 563
3603 4 532
3604 44 711
3605 42 456
3606 71 218
3607 6 288
3608 70 637
3609 71 278
3610 40 59
3611 60 901
3612 69 676
3613 25 184
3614 3 478
3615 93 300
3616 43 681
3617 62 613
3618 53 258
3619 29 480
3620 38 351
3621 35 571
3622 78 229
3623 96 260
3624 59 561
3625 6 775
3626 22 451
3627 26 287
3628 99 69
3629 93 73
3630 48 146
3631 71 794
3632 35 952
3633 97 675
3634 23 386
3635 23 406
3636 83 556
3637 53 326
3638 91 50
3639 47 188
3640 93 422
3641 98 887
3642 5 317
3643 4 586
3644 99 564
3645 82 924
3646 42 19
3647 49 93
3648 83 68
3649 82 894
3650 89 209
3651 12 779
3652 62 461
3653 37 430
3654 29 821
3655 9 634
3656 7 997
3657 37 126
3658 5 552
3659 94 212
3660 68 734
3661 37 54
3662 31 160
3663 50 673
3664 29 359
3665 98 489
3666 86 131
3667 43 583
3668 80 457
3669 78 933
3670 78 935
3671 49 254
3672 38 697
3673 64 712
3674 4 46
3675 23 4
3676 50 999
3677 73 120
3678 87 564
3679 52 332
3680 13 719
3681 14 547
3682 9 452
3683 84 856
3684 89 618
3685 19 382
3686 37 958
3687 39 685
3688 74 45
3689 10 618
3690 47 929
3691 82 273
3692 65 57
3693 87 884
3694 83 948
3695 55 635
3696 13 673
3697 4 919
3698 52 151
3699 82 928
3700 24 788
3701 63 636
3702 64 25
3703 21 471
3704 23 324
3705 38 778
3706 32 315
3707 50 12
3708 59 373
3709 48 149
3710 17 562
3711 39 655
3712 84 498
3713 12 703
3714 98 289
3715 95 706
3716 99 477
3717 45 119
3718 30 147
3719 56 485
3720 83 95
3721 39 948
3722 15 884
3723 71 204
3724 31 354
3725 58 167
3726 55 807
3727 15 854
3728 23 789
3729 66 720
3730 21 357
3731 45 668
3732 36 622
3733 2 333
3734 3 556
3735 75 582
3736 68 920
3737 5 799
3738 32 382
3739 57 696
3740 100 60
3741 65 878
3742 26 281
3743 66 534
3744 88 862
3745 15 256
3746 38 614
3747 48 83
3748 58 214
3749 4 871
3750 34 846
3751 92 405
3752 98 553
3753 7 151
3754 67 316
3755 93 407
3756 97 779
3757 81 360
3758 10 365
3759 50 458
3760 90 943
3761 54 89
3762 46 403
3763 68 456
3764 51 587
3765 22 62
3766 41 314
3767 52 403
3768 28 329
3769 11 695
3770 65 366
3771 72 953
3772 18 384
3773 26 516
3774 99 793
3775 71 447
3776 93 144
3777 78 894
3778 63 790
3779 49 31
3780 87 836
3781 56 231
3782 48 532
3783 87 55
3784 73 682
3785 39 637
3786 32 604
3787 61 854
3788 24 811
3789 21 710
3790 42 164
3791 14 596
3792 8 731
3793 57 378
3794 19 304
3795 57 37
3796 58 458
3797 43 766
3798 74 934
3799 65 881
3800 31 829
3801 30 111
3802 59 470
3803 79 491
3804 22 778
3805 90 306
3806 93 204
3807 97 605
3808 85 999
3809 34 488
3810 63 565
3811 68 590
3812 72 180
3813 60 11
3814 87 608
3815 63 271
3816 33 877
3817 14 627
3818 26 367
3819 65 606
3820 76 598
3821 8 135
3822 17 14
3823 3 845
3824 62 59
3825 5 159
3826 17 277
3827 53 836
3828 76 94
3829 12 461
3830 11 868
3831 6 86
3832 28 852
3833 7 620
3834 99 723
3835 6 36
3836 70 284
3837 81 224
3838 54 259
3839 28 943
3840 25 877
3841 27 339
3842 2 137
3843 40 956
3844 48 66
3845 34 122
3846 92 935
3847 72 418
3848 94 910
3849 40 777
3850 45 698
3851 22 411
3852 61 646
3853 60 177
3854 85 665
3855 54 306
3856 25 880
3857 68 474
3858 91 910
3859 10 721
3860 88 452
3861 44 234
3862 91 906
3863 39 48
3864 22 451
3865 8 511
3866 72 414
3867 16 565
3868 99 111
3869 57 472
3870 3 988
3871 8 9
3872 27 782
3873 82 525
3874 65 49
3875 5 92
3876 45 19
3877 44 660
3878 90 836
3879 39 551
3880 1 361
3881 41 59
3882 24 931
3883 34 506
3884 21 347
3885 88 274
3886 34 987
3887 36 326
3888 16 845
3889 97 550
3890 50 785
3891 38 978
3892 64 258
3893 16 587
3894 41 399
3895 92 940
3896 32 686
3897 60 314
3898 19 544
3899 26 856
3900 3 359
3901 67 310
3902 9 785
3903 60 320
3904 60 969
3905 47 17
3906 19 156
3907 31 847
3908 10 432
3909 43 639
3910 52 269
3911 84 261
3912 28 240
3913 69 836
3914 2 344
3915 7 254
3916 25 910
3917 68 315
3918 4 430
3919 71 752
3920 13 767
3921 27 14
3922 37 837
3923 48 964
3924 69 213
3925 89 362
3926 15 208
3927 41 120
3928 45 128
3929 89 565
3930 79 206
3931 69 737
3932 94 90
3933 30 294
3934 6 756
3935 76 400
3936 88 66
3937 29 204
3938 88 13
3939 85 947
3940 20 955
3941 9 655
3942 45 578
3943 44 957
3944 89 827
3945 89 833
3946 20 50
3947 48 963
3948 17 236
3949 31 137
3950 28 531
3951 44 59
3952 13 490
3953 33 743
3954 94 882
3955 29 336
3956 74 431
3957 61 58
3958 52 693
3959 51 104
3960 5 860
3961 60 373
3962 10 997
3963 52 634
3964 66 770
3965 87 584
3966 17 500
3967 8 25
3968 39 405
3969 23 774
3970 34 25
3971 96 36
3972 74 332
3973 5 495
3974 57 294
3975 67 587
3976 20 940
3977 46 108
3978 13 242
3979 11 747
3980 43 615
3981 54 307
3982 14 665
3983 56 549
3984 39 320
3985 31 473
3986 69 392
3987 68 596
3988 82 931
3989 95 400
3990 97 458
3991 38 162
3992 30 590
3993 42 45
3994 81 894
3995 32 161
3996 33 379
3997 67 806
3998 4 326
3999 92 90
4000 53 647
4001 8 626
4002 3 354
4003 75 558
4004 37 326
4005 50 977
4006 2 713
4007 1 613
4008 94 975
4009 55 167
4010 38 762
4011 92 862
4012 6 86
4013 87 112
4014 74 640
4015 71 436
4016 65 948
4017 22 230
4018 85 89
4019 5 16
4020 68 412
4021 68 935
4022 26 160
4023 17 856
4024 97 293
4025 92 344
4026 72 347
4027 11 543
4028 62 992
4029 16 924
4030 93 31
4031 39 881
4032 15 622
4033 65 894
4034 27 11
4035 43 951
4036 87 612
4037 49 727
4038 90 468
4039 44 190
4040 68 233
4041 19 795
4042 95 533
4043 76 817
4044 36 770
4045 44 14
4046 22 388
4047 95 466
4048 55 741
4049 41 882
4050 56 431
4051 83 985
4052 97 682
4053 2 290
4054 70 490
4055 77 877
4056 86 956
4057 6 415
4058 94 226
4059 20 527
4060 48 839
4061 57 828
4062 20 813
4063 40 13
4064 65 78
4065 52 429
4066 50 647
4067 99 35
4068 6 607
4069 65 700
4070 66 925
4071 93 353
4072 85 447
4073 16 824
4074 64 581
4075 72 811
4076 19 789
4077 78 908
4078 91 95
4079 40 429
4080 84 502
4081 97 532
4082 45 77
4083 21 239
4084 21 634
4085 50 718
4086 17 42
4087 40 130
4088 87 742
4089 74 67
4090 47 752
4091 97 103
4092 96 429
4093 18 561
4094 69 358
4095 96 691
4096 61 199
4097 32 218
4098 67 396
4099 59 437
4100 56 788
4101 74 12
4102 9 298
4103 97 3
4104 22 140
4105 49 743
4106 63 72
4107 51 38
4108 92 671
4109 51 595
4110 90 873
4111 75 720
4112 80 238
4113 82 470
4114 96 823
4115 3 331
4116 65 560
4117 56 237
4118 89 8
4119 4 232
4120 68 201
4121 21 488
4122 74 181
4123 94 878
4124 15 312
4125 63 948
4126 1 207
4127 15 383
4128 61 815
4129 97 670
4130 53 283
4131 49 329
4132 94 833
4133 93 139
4134 66 9
4135 78 192
4136 34 853
4137 74 169
4138 73 734
4139 3 228
4140 72 755
4141 12 898
4142 82 218
4143 15 540
4144 73 410
4145 86 468
4146 88 372
4147 87 904
4148 67 349
4149 64 334
4150 69 913
4151 37 547
4152 4 48
4153 82 747
4154 88 21
4155 54 960
4156 85 48
4157 70 915
4158 16 570
4159 23 108
4160 93 912
4161 86 992
4162 81 611
4163 56 757
4164 96 715
4165 84 825
4166 39 48
4167 68 144
4168 8 399
4169 41 641
4170 92 531
4171 100 174
4172 48 448
4173 72 403
4174 90 597
4175 43 580
4176 40 397
4177 87 439
4178 52 976
4179 55 475
4180 91 196
4181 32 99
4182 21 384
4183 76 886
4184 15 225
4185 26 586
4186 41 651
4187 2 367
4188 82 500
4189 57 619
4190 26 946
4191 52 925
4192 100 881
4193 52 10
4194 82 108
4195 62 799
4196 27 357
4197 65 92
4198 88 405
4199 31 438
4200 64 689
4201 61 20
4202 17 151
4203 50 238
4204 69 41
4205 97 921
4206 3 21
4207 37 743
4208 43 259
4209 22 348
4210 91 620
4211 27 185
4212 87 21
4213 51 405
4214 82 252
4215 94 336
4216 4 648
4217 63 139
4218 31 909
4219 61 79
4220 29 717
4221 46 806
4222 44 389
4223 41 358
4224 16 844
4225 26 108
4226 43 618
4227 22 674
4228 86 798
4229 62 203
4230 38 979
4231 49 481
4232 85 404
4233 8 772
4234 17 10
4235 56 78
4236 30 99
4237 52 739
4238 99 312
4239 40 708
4240 9 705
4241 63 451
4242 90 947
4243 41 103
4244 27 26
4245 84 189
4246 34 200
4247 21 885
4248 75 710
4249 38 936
4250 4 708
4251 87 602
4252 51 810
4253 33 802
4254 19 390
4255 18 501
4256 38 46
4257 56 780
4258 24 502
4259 76 760
4260 87 402
4261 23 650
4262 32 207
4263 98 841
4264 14 284
4265 43 307
4266 37 533
4267 45 155
4268 64 626
4269 99 753
4270 26 221
4271 29 644
4272 61 398
4273 99 597
4274 4 128
4275 27 518
4276 81 22
4277 61 622
4278 22 344
4279 63 315
4280 37 833
4281 17 959
4282 1 403
4283 53 270
4284 47 476
4285 80 588
4286 6 371
4287 12 562
4288 82 114
4289 69 374
4290 95 896
4291 42 155
4292 23 741
4293 82 933
4294 68 931
4295 93 502
4296 10 414
4297 17 282
4298 54 507
4299 56 472
4300 100 221
4301 53 555
4302 37 281
4303 57 305
4304 15 736
4305 78 191
4306 14 300
4307 95 448
4308 36 438
4309 79 994
4310 94 71
4311 98 305
4312 63 872
4313 2 721
4314 79 364
4315 91 274
4316 38 557
4317 91 19
4318 51 260
4319 57 328
4320 31 529
4321 25 517
4322 17 307
4323 95 585
4324 64 681
4325 81 786
4326 67 342
4327 20 650
4328 20 856
4329 51 210
4330 23 210
4331 37 645
4332 77 603
4333 80 871
4334 13 903
4335 71 902
4336 58 839
4337 90 282
4338 82 874
4339 45 522
4340 77 569
4341 74 342
4342 64 638
4343 75 576
4344 18 213
4345 96 985
4346 26 14
4347 63 776
4348 77 321
4349 47 93
4350 54 585
4351 15 390
4352 16 618
4353 21 281
4354 43 518
4355 93 908
4356 77 720
4357 8 299
4358 26 547
4359 88 286
4360 43 296
4361 99 846
4362 49 274
4363 69 749
4364 31 169
4365 47 907
4366 98 651
4367 1 773
4368 41 582
4369 65 759
4370 59 566
4371 62 125
4372 55 756
4373 88 989
4374 40 746
4375 50 508
4376 52 699
4377 92 1000
4378 82 279
4379 62 527
4380 66 745
4381 82 289
4382 18 446
4383 70 534
4384 24 952
4385 91 167
4386 73 651
4387 32 820
4388 96 474
4389 7 641
4390 89 616
4391 18 449
4392 73 528
4393 54 759
4394 100 726
4395 33 521
4396 77 173
4397 88 836
4398 13 438
4399 1 555
4400 16 97
4401 22 265
4402 91 63
4403 34 188
4404 62 698
4405 58 948
4406 15 888
4407 8 667
4408 39 278
4409 91 969
4410 56 831
4411 21 92
4412 39 924
4413 49 665
4414 62 349
4415 48 293
4416 97 291
4417 36 601
4418 11 707
4419 49 153
4420 82 411
4421 58 58
4422 28 942
4423 67 857
4424 85 533
4425 64 776
4426 57 423
4427 22 971
4428 98 857
4429 83 482
4430 9 418
4431 13 238
4432 40 662
4433 99 281
4434 12 598
4435 52 371
4436 70 324
4437 25 805
4438 40 72
4439 57 524
4440 58 585
4441 58 677
4442 100 282
4443 46 510
4444 18 377
4445 38 877
4446 59 357
4447 28 643
4448 84 740
4449 17 72
4450 9 679
4451 17 838
4452 36 384
4453 2 7
4454 96 462
4455 92 744
4456 50 979
4457 6 433
4458 46 586
4459 13 160
4460 81 177
4461 39 514
4462 8 711
4463 63 460
4464 48 936
4465 81 532
4466 48 50
4467 82 53
4468 70 534
4469 4 801
4470 2 69
4471 53 952
4472 58 335
4473 77 15
4474 47 606
4475 91 255
4476 16 823
4477 97 358
4478 8 738
4479 3 447
4480 89 801
4481 47 520
4482 89 788
4483 5 620
4484 31 371
4485 58 89
4486 85 197
4487 28 69
4488 13 877
4489 87 254
4490 51 872
4491 83 33
4492 61 274
4493 90 537
4494 29 860
4495 79 853
4496 98 608
4497 74 101
4498 91 239
4499 89 418
4500 25 560
4501 12 728
4502 9 217
4503 14 742
4504 89 499
4505 16 270
4506 44 612
4507 14 502
4508 41 562
4509 13 789
4510 14 954
4511 34 180
4512 43 864
4513 89 255
4514 38 922
4515 18 662
4516 20 996
4517 57 148
4518 84 213
4519 29 10
4520 93 699
4521 7 951
4522 24 490
4523 51 442
4524 68 898
4525 27 52
4526 35 925
4527 3 922
4528 93 204
4529 42 539
4530 9 756
4531 70 99
4532 21 210
4533 74 475
4534 96 542
4535 6 688
4536 33 583
4537 99 861
4538 51 393
4539 50 505
4540 29 742
4541 37 914
4542 73 731
4543 47 679
4544 18 897
4545 75 744
4546 21 808
4547 75 581
4548 32 369
4549 41 319
4550 84 782
4551 61 346
4552 70 311
4553 33 655
4554 3 249
4555 99 153
4556 45 212
4557 87 837
4558 69 793
4559 96 310
4560 36 26
4561 73 977
4562 67 977
4563 41 75
4564 37 887
4565 81 910
4566 10 84
4567 34 444
4568 65 964
4569 90 700
4570 48 796
4571 80 360
4572 12 139
4573 91 125
4574 19 479
4575 68 223
4576 85 507
4577 75 891
4578 60 431
4579 33 145
4580 46 998
4581 68 100
4582 65 280
4583 68 410
4584 79 505
4585 93 41
4586 37 445
4587 77 68
4588 50 740
4589 52 217
4590 57 448
4591 49 847
4592 15 13
4593 80 168
4594 80 873
4595 52 646
4596 3 697
4597 69 955
4598 57 31
4599 28 355
4600 32 454
4601 74 471
4602 36 474
4603 95 398
4604 53 872
4605 94 623
4606 6 727
4607 66 985
4608 53 771
4609 53 73
4610 83 20
4611 74 718
4612 19 811
4613 49 717
4614 67 530
4615 78 842
4616 69 680
4617 49 915
4618 6 21
4619 62 618
4620 68 829
4621 20 938
4622 30 949
4623 63 717
4624 90 366
4625 70 924
4626 10 197
4627 63 257
4628 44 687
4629 100 20
4630 19 13
4631 81 543
4632 52 387
4633 1 484
4634 57 751
4635 57 143
4636 76 397
4637 26 797
4638 46 450
4639 72 470
4640 70 738
4641 63 213
4642 18 719
4643 14 256
4644 96 456
4645 27 132
4646 86 225
4647 65 415
4648 75 243
4649 44 1000
4650 7 852
4651 35 59
4652 51 923
4653 78 125
4654 84 936
4655 1 709
4656 52 681
4657 75 636
4658 87 50
4659 94 56
4660 91 116
4661 51 261
4662 75 639
4663 66 190
4664 30 833
4665 17 944
4666 83 23
4667 45 315
4668 80 306
4669 41 751
4670 62 224
4671 62 115
4672 67 395
4673 6 975
4674 37 923
4675 55 607
4676 79 382
4677 4 871
4678 8 786
4679 51 850
4680 98 698
4681 8 160
4682 64 66
4683 100 340
4684 14 307
4685 24 789
4686 29 500
4687 43 62
4688 14 828
4689 45 719
4690 21 170
4691 78 180
4692 17 51
4693 22 869
4694 40 717
4695 3 725
4696 45 8
4697 56 635
4698 68 460
4699 78 225
4700 7 752
4701 32 922
4702 12 512
4703 23 861
4704 92 614
4705 99 45
4706 72 941
4707 65 180
4708 64 807
4709 74 806
4710 94 386
4711 7 939
4712 76 106
4713 8 506
4714 52 840
4715 37 256
4716 48 720
4717 20 935
4718 69 108
4719 1 195
4720 50 756
4721 83 711
4722 15 780
4723 12 943
4724 63 903
4725 8 384
4726 62 20
4727 17 189
4728 47 192
4729 2 429
4730 82 811
4731 23 771
4732 100 30
4733 33 438
4734 8 61
4735 58 83
4736 84 857
4737 28 203
4738 14 400
4739 84 888
4740 29 460
4741 52 926
4742 15 137
4743 57 675
4744 22 509
4745 51 749
4746 66 802
4747 71 655
4748 75 844
4749 1 870
4750 82 894
4751 26 263
4752 22 602
4753 87 8
4754 56 342
4755 45 426
4756 68 197
4757 26 317
4758 36 480
4759 92 778
4760 57 156
4761 23 964
4762 92 502
4763 42 783
4764 5 16
4765 1 722
4766 10 107
4767 47 928
4768 49 298
4769 73 149
4770 4 521
4771 31 764
4772 17 199
4773 65 820
4774 35 873
4775 52 307
4776 24 514
4777 82 195
4778 36 890
4779 95 781
4780 87 847
4781 98 51
4782 64 209
4783 71 599
4784 75 856
4785 73 456
4786 48 445
4787 38 65
4788 9 643
4789 2 486
4790 4 935
4791 38 712
4792 42 955
4793 29 803
4794 5 575
4795 50 6
4796 64 728
4797 91 42
4798 81 959
4799 49 800
4800 59 388
4801 98 317
4802 83 738
4803 35 278
4804 53 587
4805 73 430
4806 2 396
4807 65 594
4808 22 505
4809 92 250
4810 80 239
4811 32 152
4812 11 723
4813 2 170
4814 36 85
4815 20 633
4816 15 853
4817 75 100
4818 35 516
4819 45 290
4820 66 557
4821 50 747
4822 69 640
4823 7 270
4824 28 544
4825 52 304
4826 41 489
4827 75 339
4828 54 608
4829 38 15
4830 100 404
4831 24 593
4832 85 734
4833 55 587
4834 54 484
4835 10 647
4836 81 552
4837 78 92
4838 81 100
4839 37 245
4840 99 418
4841 91 684
4842 79 474
4843 8 458
4844 14 52
4845 97 629
4846 21 892
4847 59 648
4848 32 508
4849 83 835
4850 55 386
4851 30 121
4852 57 443
4853 20 193
4854 98 242
4855 33 47
4856 8 90
4857 3 743
4858 82 253
4859 34 265
4860 96 468
4861 70 913
4862 65 286
4863 53 25
4864 97 742
4865 57 485
4866 88 134
4867 34 611
4868 85 617
4869 96 329
4870 23 319
4871 2 215
4872 84 642
4873 21 736
4874 29 127
4875 68 471
4876 45 737
4877 57 317
4878 65 145
4879 14 77
4880 85 220
4881 33 877
4882 76 292
4883 68 712
4884 85 837
4885 45 473
4886 19 456
4887 62 682
4888 82 993
4889 33 644
4890 53 746
4891 18 518
4892 31 672
4893 74 948
4894 89 892
4895 38 187
4896 94 292
4897 59 418
4898 40 273
4899 73 898
4900 99 612
4901 70 937
4902 49 170
4903 59 473
4904 35 508
4905 13 575
4906 37 872
4907 1 777
4908 77 716
4909 88 841
4910 56 753
4911 54 330
4912 43 191
4913 37 196
4914 35 716
4915 9 503
4916 51 544
4917 29 385
4918 99 457
4919 52 121
4920 15 863
4921 26 744
4922 36 722
4923 74 794
4924 82 554
4925 23 85
4926 68 473
4927 73 427
4928 38 517
4929 14 623
4930 69 388
4931 34 284
4932 25 162
4933 17 568
4934 32 351
4935 86 558
4936 72 423
4937 14 163
4938 63 570
4939 42 765
4940 92 923
4941 26 918
4942 20 444
4943 31 412
4944 64 778
4945 7 911
4946 70 323
4947 100 496
4948 37 74
4949 16 517
4950 51 623
4951 68 805
4952 60 649
4953 9 865
4954 20 981
4955 57 426
4956 16 472
4957 84 976
4958 27 143
4959 64 70
4960 18 820
4961 100 362
4962 30 454
4963 47 669
4964 67 498
4965 47 5
4966 81 365
4967 100 961
4968 81 416
4969 66 948
4970 61 865
4971 10 74
4972 97 556
4973 39 140
4974 12 629
4975 52 87
4976 54 229
4977 38 846
4978 85 603
4979 88 776
4980 75 243
4981 22 179
4982 18 278
4983 16 150
4984 6 805
4985 22 847
4986 4 148
4987 86 755
4988 35 143
4989 66 579
4990 57 280
4991 69 865
4992 2 224
4993 41 77
4994 61 892
4995 29 100
4996 81 342
4997 90 381
4998 75 802
4999 68 306
5000 12 318
5001 35 743
5002 35 901
5003 65 621
5004 81 567
5005 45 191
5006 22 324
5007 19 554
5008 72 960
5009 93 251
5010 91 816
5011 54 241
5012 78 34
5013 58 441
5014 67 625
5015 37 718
5016 41 133
5017 18 236
5018 36 53
5019 64 4
5020 73 973
5021 67 642
5022 30 260
5023 13 321
5024 58 755
5025 1 877
5026 4 468
5027 69 249
5028 59 890
5029 88 569
5030 93 188
5031 17 526
5032 24 406
5033 44 736
5034 81 68
5035 100 37
5036 12 517
5037 58 980
5038 84 922
5039 22 16
5040 76 706
5041 91 629
5042 86 749
5043 47 698
5044 30 217
5045 47 820
5046 88 390
5047 30 279
5048 59 670
5049 64 997
5050 78 720
5051 88 841
5052 74 92
5053 19 505
5054 12 766
5055 68 818
5056 74 593
5057 32 861
5058 6 500
5059 60 131
5060 29 975
5061 63 340
5062 92 739
5063 80 699
5064 32 599
5065 1 242
5066 100 788
5067 56 643
5068 16 914
5069 11 685
5070 22 801
5071 13 729
5072 89 547
5073 79 78
5074 18 832
5075 77 580
5076 94 705
5077 5 695
5078 91 906
5079 72 962
5080 87 573
5081 60 343
5082 66 458
5083 24 237
5084 26 881
5085 77 204
5086 92 925
5087 35 100
5088 86 726
5089 57 543
5090 53 477
5091 35 833
5092 79 505
5093 91 871
5094 44 788
5095 54 52
5096 85 775
5097 97 957
5098 10 567
5099 81 651
5100 49 621
5101 2 692
5102 21 828
5103 59 708
5104 57 152
5105 58 563
5106 87 884
5107 38 9
5108 4 886
5109 45 911
5110 43 987
5111 12 594
5112 31 935
5113 43 847
5114 42 710
5115 32 167
5116 80 362
5117 53 73
5118 84 848
5119 82 778
5120 79 111
5121 41 202
5122 30 564
5123 96 756
5124 33 615
5125 6 5
5126 44 219
5127 27 642
5128 85 418
5129 20 25
5130 38 544
5131 3 590
5132 84 729
5133 51 971
5134 49 16
5135 96 94
5136 46 994
5137 82 557
5138 25 134
5139 52 659
5140 31 906
5141 97 67
5142 27 22
5143 95 279
5144 94 416
5145 10 650
5146 72 558
5147 7 330
5148 5 741
5149 89 768
5150 2 82
5151 24 163
5152 54 910
5153 42 212
5154 47 450
5155 67 258
5156 78 663
5157 85 315
5158 44 665
5159 97 416
5160 57 628
5161 48 267
5162 22 689
5163 62 677
5164 89 471
5165 72 863
5166 59 293
5167 86 869
5168 11 324
5169 56 706
5170 2 591
5171 46 429
5172 54 617
5173 58 597
5174 50 993
5175 30 506
5176 17 836
5177 81 485
5178 66 229
5179 58 99
5180 72 55
5181 5 318
5182 93 918
5183 65 565
5184 46 953
5185 43 877
5186 75 236
5187 58 629
5188 64 310
5189 22 505
5190 49 729
5191 64 71
5192 74 731
5193 57 870
5194 81 699
5195 23 541
5196 75 298
5197 15 123
5198 89 145
5199 15 97
5200 34 697
5201 98 999
5202 44 44
5203 7 279
5204 10 777
5205 57 570
5206 37 360
5207 4 844
5208 90 834
5209 56 148
5210 69 601
5211 56 408
5212 33 942
5213 16 459
5214 17 889
5215 94 555
5216 43 796
5217 9 24
5218 73 445
5219 78 448
5220 55 450
5221 55 281
5222 59 585
5223 11 547
5224 97 312
5225 94 834
5226 86 882
5227 6 571
5228 69 253
5229 33 479
5230 82 132
5231 10 204
5232 69 725
5233 6 370
5234 57 578
5235 13 574
5236 42 900
5237 42 395
5238 30 627
5239 59 851
5240 73 961
5241 76 367
5242 78 351
5243 29 506
5244 99 425
5245 70 672
5246 63 476
5247 23 38
5248 54 450
5249 4 747
5250 92 969
5251 73 330
5252 32 888
5253 95 619
5254 91 575
5255 47 177
5256 87 980
5257 3 952
5258 39 559
5259 21 474
5260 84 562
5261 100 500
5262 64 455
5263 20 635
5264 59 96
5265 82 365
5266 56 422
5267 75 466
5268 75 673
5269 63 61
5270 31 360
5271 51 726
5272 64 956
5273 78 592
5274 75 541
5275 46 587
5276 97 485
5277 65 323
5278 17 464
5279 71 722
5280 26 951
5281 11 692
5282 30 108
5283 80 269
5284 76 569
5285 57 233
5286 65 218
5287 44 706
5288 91 450
5289 88 861
5290 66 612
5291 50 240
5292 86 552
5293 76 842
5294 56 935
5295 75 810
5296 69 583
5297 83 795
5298 85 941
5299 9 268
5300 98 153
5301 84 604
5302 42 767
5303 32 570
5304 48 961
5305 50 670
5306 2 919
5307 78 795
5308 31 925
5309 75 288
5310 88 783
5311 72 930
5312 55 258
5313 80 613
5314 19 726
5315 80 716
5316 86 835
5317 56 84
5318 33 688
5319 19 523
5320 64 468
5321 49 417
5322 13 391
5323 11 918
5324 47 535
5325 1 226
5326 45 653
5327 36 357
5328 14 233
5329 32 758
5330 93 698
5331 15 496
5332 40 588
5333 12 833
5334 56 364
5335 68 24
5336 15 129
5337 50 591
5338 5 562
5339 17 283
5340 44 552
5341 17 973
5342 89 367
5343 59 410
5344 86 868
5345 97 119
5346 16 143
5347 94 339
5348 23 904
5349 33 983
5350 31 447
5351 56 445
5352 87 133
5353 81 4
5354 63 362
5355 76 968
5356 99 412
5357 69 619
5358 89 855
5359 31 834
5360 54 561
5361 38 402
5362 74 470
5363 5 761
5364 37 750
5365 28 383
5366 48 312
5367 31 545
5368 62 965
5369 41 700
5370 18 386
5371 80 631
5372 84 661
5373 75 442
5374 6 757
5375 67 485
5376 25 499
5377 31 936
5378 100 558
5379 98 546
5380 75 143
5381 2 429
5382 9 618
5383 25 227
5384 1 542
5385 29 335
5386 29 410
5387 26 343
5388 18 690
5389 40 402
5390 64 620
5391 79 288
5392 79 925
5393 9 632
5394 30 764
5395 8 633
5396 86 717
5397 14 595
5398 34 562
5399 46 691
5400 50 345
5401 22 485
5402 5 715
5403 55 579
5404 49 574
5405 94 155
5406 77 52
5407 41 531
5408 62 128
5409 63 105
5410 94 942
5411 96 295
5412 36 742
5413 83 992
5414 93 49
5415 81 899
5416 19 963
5417 28 135
5418 70 785
5419 28 33
5420 4 764
5421 18 622
5422 36 826
5423 24 616
5424 5 59
5425 71 556
5426 26 796
5427 70 775
5428 2 692
5429 83 398
5430 97 146
5431 50 130
5432 89 766
5433 29 895
5434 29 790
5435 6 382
5436 41 910
5437 52 190
5438 32 578
5439 38 535
5440 25 98
5441 96 651
5442 46 165
5443 84 602
5444 8 803
5445 95 43
5446 83 885
5447 10 289
5448 49 587
5449 35 326
5450 29 767
5451 54 61
5452 83 45
5453 89 953
5454 45 598
5455 31 866
5456 65 529
5457 90 682
5458 14 34
5459 73 772
5460 92 668
5461 41 441
5462 64 229
5463 66 647
5464 62 298
5465 32 481
5466 62 129
5467 29 312
5468 15 495
5469 85 79
5470 76 47
5471 49 691
5472 29 177
5473 23 842
5474 29 205
5475 60 915
5476 41 775
5477 26 665
5478 85 572
5479 82 578
5480 63 385
5481 67 845
5482 27 890
5483 10 797
5484 79 414
5485 27 994
5486 90 697
5487 37 118
5488 18 205
5489 59 320
5490 26 377
5491 17 519
5492 55 31
5493 13 138
5494 64 11
5495 10 448
5496 38 378
5497 59 679
5498 51 870
5499 43 337
5500 32 801
5501 21 502
5502 80 109
5503 98 147
5504 74 490
5505 41 951
5506 30 922
5507 63 40
5508 53 301
5509 19 74
5510 65 662
5511 96 449
5512 30 340
5513 64 981
5514 20 381
5515 50 839
5516 50 696
5517 4 845
5518 41 743
5519 22 52
5520 52 449
5521 71 919
5522 3 550
5523 32 550
5524 68 278
5525 91 667
5526 47 569
5527 42 85
5528 59 219
5529 16 319
5530 97 481
5531 9 644
5532 23 782
5533 44 896
5534 10 961
5535 7 618
5536 2 10
5537 83 573
5538 98 938
5539 21 283
5540 48 982
5541 80 880
5542 17 556
5543 3 887
5544 10 229
5545 71 72
5546 95 397
5547 19 909
5548 66 132
5549 4 710
5550 9 667
5551 72 383
5552 81 16
5553 46 806
5554 77 108
5555 49 436
5556 2 278
5557 30 191
5558 83 487
5559 20 887
5560 94 763
5561 82 872
5562 19 586
5563 10 900
5564 32 402
5565 20 677
5566 59 617
5567 49 248
5568 4 517
5569 2 218
5570 12 930
5571 40 670
5572 63 759
5573 37 534
5574 74 540
5575 71 788
5576 20 764
5577 56 392
5578 10 401
5579 9 113
5580 75 775
5581 21 601
5582 42 811
5583 41 938
5584 10 467
5585 3 756
5586 17 286
5587 39 778
5588 67 388
5589 65 793
5590 90 119
5591 39 51
5592 69 295
5593 39 993
5594 53 865
5595 68 50
5596 55 176
5597 23 604
5598 100 60
5599 41 175
5600 62 839
5601 41 882
5602 26 645
5603 67 987
5604 86 302
5605 66 84
5606 64 710
5607 76 719
5608 85 300
5609 72 635
5610 70 61
5611 64 230
5612 44 593
5613 59 381
5614 43 358
5615 22 299
5616 48 558
5617 82 604
5618 73 68
5619 7 339
5620 44 921
5621 70 699
5622 47 539
5623 48 346
5624 45 914
5625 31 247
5626 65 130
5627 49 184
5628 87 589
5629 82 350
5630 23 898
5631 77 523
5632 49 322
5633 47 647
5634 60 771
5635 13 25
5636 25 973
5637 42 325
5638 60 960
5639 44 806
5640 15 894
5641 6 264
5642 90 323
5643 59 930
5644 16 5
5645 63 777
5646 20 638
5647 37 592
5648 94 838
5649 25 264
5650 27 765
5651 6 103
5652 25 717
5653 28 317
5654 71 556
5655 71 312
5656 91 517
5657 87 174
5658 62 40
5659 87 85
5660 46 162
5661 63 558
5662 48 796
5663 52 888
5664 90 497
5665 70 931
5666 96 933
5667 16 926
5668 23 876
5669 100 581
5670 82 229
5671 96 763
5672 94 99
5673 5 318
5674 55 785
5675 3 400
5676 68 326
5677 14 586
5678 79 698
5679 40 857
5680 25 527
5681 76 979
5682 58 811
5683 30 225
5684 33 502
5685 19 18
5686 96 963
5687 22 160
5688 15 279
5689 9 813
5690 60 873
5691 85 46
5692 47 919
5693 7 812
5694 62 972
5695 18 474
5696 77 98
5697 73 724
5698 35 617
5699 35 435
5700 64 847
5701 34 689
5702 46 16
5703 60 584
5704 45 986
5705 24 16
5706 88 76
5707 82 503
5708 2 180
5709 54 474
5710 35 841
5711 47 62
5712 52 69
5713 19 276
5714 43 336
5715 15 654
5716 15 514
5717 69 712
5718 9 511
5719 28 175
5720 80 288
5721 49 902
5722 94 637
5723 48 725
5724 5 650
5725 95 62
5726 17 890
5727 14 977
5728 100 463
5729 19 477
5730 48 114
5731 53 437
5732 28 112
5733 96 177
5734 16 968
5735 3 390
5736 83 587
5737 72 464
5738 56 182
5739 38 667
5740 17 464
5741 14 780
5742 99 432
5743 33 941
5744 42 752
5745 63 593
5746 3 585
5747 23 464
5748 31 165
5749 96 606
5750 77 573
5751 97 605
5752 57 972
5753 33 726
5754 27 706
5755 71 555
5756 22 131
5757 32 133
5758 41 484
5759 99 102
5760 44 647
5761 95 90
5762 17 538
5763 35 795
5764 63 376
5765 77 388
5766 52 71
5767 51 852
5768 82 657
5769 92 255
5770 88 954
5771 64 936
5772 17 689
5773 95 479
5774 81 403
5775 64 245
5776 60 55
5777 24 231
5778 15 856
5779 70 519
5780 84 731
5781 64 735
5782 61 512
5783 54 509
5784 67 148
5785 11 140
5786 68 553
5787 7 34
5788 46 742
5789 31 955
5790 96 374
5791 6 624
5792 95 481
5793 89 763
5794 23 601
5795 34 476
5796 98 709
5797 50 114
5798 6 383
5799 73 855
5800 11 336
5801 34 375
5802 58 514
5803 85 592
5804 12 902
5805 32 69
5806 84 67
5807 63 948
5808 29 3
5809 50 224
5810 99 536
5811 81 9
5812 76 810
5813 67 333
5814 50 745
5815 94 132
5816 73 629
5817 33 123
5818 61 908
5819 66 512
5820 16 942
5821 88 517
5822 17 427
5823 15 197
5824 100 401
5825 41 748
5826 1 773
5827 50 684
5828 88 697
5829 83 795
5830 66 229
5831 93 218
5832 83 108
5833 15 251
5834 10 970
5835 40 207
5836 13 803
5837 45 789
5838 80 737
5839 10 968
5840 15 842
5841 39 490
5842 33 762
5843 86 66
5844 55 188
5845 78 453
5846 40 303
5847 87 698
5848 94 663
5849 41 858
5850 3 582
5851 56 834
5852 30 749
5853 34 259
5854 8 616
5855 51 116
5856 88 618
5857 78 56
5858 87 836
5859 30 197
5860 2 419
5861 39 902
5862 23 265
5863 53 632
5864 78 202
5865 97 475
5866 42 533
5867 18 916
5868 17 254
5869 44 160
5870 71 541
5871 28 970
5872 37 301
5873 81 43
5874 2 310
5875 86 930
5876 100 986
5877 34 27
5878 100 851
5879 25 332
5880 52 158
5881 80 56
5882 36 156
5883 11 361
5884 17 496
5885 94 392
5886 8 68
5887 96 174
5888 57 472
5889 14 933
5890 41 965
5891 93 760
5892 31 844
5893 38 510
5894 97 870
5895 100 520
5896 90 634
5897 32 686
5898 54 698
5899 86 154
5900 7 396
5901 38 722
5902 82 242
5903 61 131
5904 13 467
5905 17 878
5906 87 470
5907 94 869
5908 4 216
5909 74 453
5910 41 740
5911 22 721
5912 88 703
5913 82 807
5914 26 196
5915 30 872
5916 22 996
5917 56 854
5918 7 960
5919 62 138
5920 76 747
5921 29 175
5922 1 524
5923 84 496
5924 67 453
5925 45 63
5926 63 884
5927 32 627
5928 29 45
5929 37 711
5930 6 134
5931 83 213
5932 78 539
5933 24 754
5934 24 880
5935 91 928
5936 36 146
5937 90 463
5938 69 648
5939 29 695
5940 86 56
5941 50 417
5942 63 483
5943 84 706
5944 91 860
5945 89 975
5946 67 245
5947 3 767
5948 6 735
5949 43 764
5950 91 107
5951 47 708
5952 90 562
5953 99 124
5954 35 850
5955 4 821
5956 70 970
5957 46 270
5958 66 886
5959 71 709
5960 90 785
5961 6 360
5962 18 98
5963 17 172
5964 69 489
5965 100 911
5966 35 162
5967 85 219
5968 62 503
5969 77 75
5970 40 155
5971 4 530
5972 75 667
5973 65 498
5974 29 940
5975 33 602
5976 91 493
5977 60 474
5978 47 521
5979 7 294
5980 67 386
5981 50 626
5982 35 459
5983 11 451
5984 1 860
5985 53 194
5986 48 918
5987 68 965
5988 26 640
5989 11 141
5990 26 431
5991 86 736
5992 87 806
5993 70 455
5994 47 402
5995 4 270
5996 98 670
5997 70 123
5998 49 981
5999 43 590
6000 91 109
6001 50 511
6002 50 324
6003 65 377
6004 29 677
6005 74 172
6006 41 239
6007 33 220
6008 1 229
6009 67 996
6010 42 713
6011 18 775
6012 31 411
6013 78 393
6014 14 373
6015 37 846
6016 27 585
6017 3 545
6018 42 607
6019 57 692
6020 31 339
6021 96 191
6022 80 603
6023 9 787
6024 32 347
6025 26 214
6026 56 319
6027 20 705
6028 78 286
6029 84 698
6030 50 254
6031 27 335
6032 43 780
6033 82 219
6034 66 683
6035 35 868
6036 33 346
6037 38 607
6038 44 841
6039 29 642
6040 3 847
6041 22 806
6042 61 684
6043 92 946
6044 45 882
6045 25 704
6046 49 305
6047 68 812
6048 2 845
6049 60 351
6050 50 225
6051 3 401
6052 17 818
6053 49 814
6054 49 377
6055 82 391
6056 69 810
6057 48 158
6058 30 522
6059 79 158
6060 94 23
6061 87 27
6062 65 922
6063 31 301
6064 5 71
6065 4 915
6066 93 164
6067 82 10
6068 16 243
6069 22 778
6070 14 88
6071 13 355
6072 68 420
6073 60 134
6074 24 281
6075 25 143
6076 100 673
6077 18 180
6078 13 189
6079 89 734
6080 33 189
6081 93 145
6082 90 83
6083 76 745
6084 6 943
6085 15 279
6086 51 518
6087 7 828
6088 96 581
6089 49 685
6090 77 26
6091 70 51
6092 89 123
6093 28 899
6094 14 829
6095 80 155
6096 78 99
6097 97 95
6098 18 12
6099 11 926
6100 39 74
6101 55 166
6102 62 344
6103 63 72
6104 54 58
6105 88 60
6106 35 383
6107 76 478
6108 85 654
6109 60 530
6110 3 831
6111 99 599
6112 100 836
6113 4 456
6114 79 469
6115 86 881
6116 4 758
6117 41 9
6118 56 422
6119 84 36
6120 49 936
6121 28 327
6122 84 761
6123 38 734
6124 55 393
6125 93 255
6126 86 608
6127 85 589
6128 100 448
6129 46 326
6130 91 341
6131 27 958
6132 44 223
6133 37 519
6134 31 415
6135 60 943
6136 82 215
6137 58 133
6138 92 315
6139 77 964
6140 17 929
6141 9 943
6142 5 641
6143 75 408
6144 97 28
6145 71 232
6146 71 721
6147 100 190
6148 80 534
6149 30 969
6150 92 594
6151 57 396
6152 14 205
6153 81 378
6154 43 627
6155 13 946
6156 99 964
6157 79 183
6158 8 452
6159 35 125
6160 70 96
6161 18 996
6162 6 372
6163 35 409
6164 2 492
6165 77 494
6166 78 784
6167 27 271
6168 6 768
6169 72 712
6170 14 925
6171 98 918
6172 98 547
6173 9 905
6174 48 736
6175 17 87
6176 65 663
6177 99 928
6178 54 882
6179 69 352
6180 100 161
6181 46 555
6182 16 852
6183 41 684
6184 68 306
6185 100 996
6186 83 345
6187 12 351
6188 62 56
6189 35 582
6190 39 976
6191 23 465
6192 22 198
6193 99 706
6194 65 510
6195 20 779
6196 3 279
6197 83 55
6198 74 273
6199 61 123
6200 15 325
6201 28 177
6202 45 445
6203 49 833
6204 11 962
6205 66 539
6206 30 838
6207 57 110
6208 16 654
6209 41 779
6210 18 578
6211 23 803
6212 42 217
6213 80 415
6214 63 974
6215 29 677
6216 45 382
6217 91 269
6218 35 266
6219 1 491
6220 60 345
6221 73 478
6222 73 324
6223 96 160
6224 25 551
6225 31 892
6226 87 187
6227 1 201
6228 27 241
6229 6 652
6230 9 639
6231 89 51
6232 84 732
6233 41 543
6234 71 706
6235 36 158
6236 34 734
6237 32 835
6238 20 11
6239 31 586
6240 8 882
6241 78 4
6242 16 27
6243 77 415
6244 49 728
6245 57 314
6246 28 286
6247 57 306
6248 87 743
6249 19 190
6250 66 86
6251 50 860
6252 83 25
6253 67 216
6254 13 32
6255 99 604
6256 19 946
6257 56 515
6258 47 793
6259 11 817
6260 44 252
6261 11 67
6262 92 322
6263 3 777
6264 6 5
6265 42 351
6266 5 831
6267 60 462
6268 80 171
6269 93 281
6270 84 667
6271 32 919
6272 96 269
6273 44 789
6274 21 728
6275 81 825
6276 3 181
6277 53 985
6278 65 119
6279 35 927
6280 9 955
6281 23 560
6282 55 835
6283 89 302
6284 96 22
6285 98 637
6286 94 416
6287 94 552
6288 3 787
6289 23 498
6290 21 931
6291 78 626
6292 65 641
6293 41 747
6294 84 705
6295 72 19
6296 37 582
6297 81 757
6298 24 962
6299 60 96
6300 27 650
6301 9 675
6302 24 88
6303 71 113
6304 34 890
6305 49 984
6306 19 717
6307 83 799
6308 14 736
6309 49 377
6310 79 100
6311 62 55
6312 83 935
6313 71 202
6314 67 262
6315 44 224
6316 11 160
6317 80 231
6318 92 698
6319 70 785
6320 31 122
6321 53 922
6322 93 795
6323 22 320
6324 97 968
6325 98 226
6326 28 67
6327 86 153
6328 18 605
6329 93 546
6330 68 779
6331 6 397
6332 59 632
6333 58 917
6334 77 585
6335 83 192
6336 46 967
6337 21 893
6338 90 691
6339 24 676
6340 85 202
6341 30 924
6342 20 766
6343 9 413
6344 36 232
6345 48 463
6346 44 779
6347 89 511
6348 16 606
6349 35 68
6350 33 260
6351 63 402
6352 88 608
6353 13 240
6354 38 971
6355 3 60
6356 25 330
6357 27 801
6358 17 678
6359 30 254
6360 45 203
6361 17 930
6362 23 932
6363 38 688
6364 39 87
6365 66 761
6366 96 257
6367 72 909
6368 66 412
6369 22 98
6370 91 952
6371 51 411
6372 88 235
6373 7 63
6374 26 307
6375 18 280
6376 58 812
6377 97 780
6378 76 541
6379 64 397
6380 13 310
6381 34 84
6382 60 108
6383 69 216
6384 17 93
6385 6 947
6386 20 282
6387 78 608
6388 36 71
6389 45 904
6390 85 481
6391 7 607
6392 26 564
6393 31 197
6394 5 203
6395 30 620
6396 53 645
6397 51 614
6398 47 101
6399 95 852
6400 100 358
6401 5 415
6402 75 524
6403 61 989
6404 27 982
6405 49 110
6406 67 712
6407 51 342
6408 65 750
6409 66 715
6410 38 136
6411 24 860
6412 73 389
6413 42 315
6414 58 434
6415 81 543
6416 86 908
6417 20 135
6418 36 949
6419 66 535
6420 92 722
6421 55 317
6422 31 783
6423 83 589
6424 88 861
6425 78 69
6426 74 884
6427 89 659
6428 85 23
6429 93 291
6430 67 715
6431 44 163
6432 37 326
6433 75 73
6434 100 660
6435 94 10
6436 58 201
6437 40 798
6438 19 123
6439 38 870
6440 60 884
6441 1 953
6442 29 628
6443 29 590
6444 30 802
6445 67 38
6446 29 734
6447 89 833
6448 54 264
6449 76 187
6450 53 850
6451 86 366
6452 57 168
6453 70 354
6454 50 530
6455 20 947
6456 73 305
6457 66 148
6458 27 845
6459 34 954
6460 58 684
6461 18 572
6462 64 356
6463 13 797
6464 33 898
6465 4 239
6466 19 370
6467 49 175
6468 69 917
6469 81 581
6470 48 111
6471 8 608
6472 63 606
6473 19 429
6474 90 404
6475 53 235
6476 63 701
6477 84 642
6478 49 369
6479 90 525
6480 21 413
6481 57 115
6482 82 360
6483 60 267
6484 68 951
6485 15 247
6486 53 782
6487 26 965
6488 44 197
6489 30 822
6490 74 897
6491 94 283
6492 77 532
6493 90 669
6494 59 964
6495 44 791
6496 87 515
6497 52 788
6498 36 288
6499 99 577
6500 48 485
6501 76 163
6502 17 845
6503 9 64
6504 72 697
6505 55 450
6506 67 559
6507 6 105
6508 71 973
6509 12 714
6510 92 398
6511 24 433
6512 15 847
6513 49 980
6514 93 490
6515 34 331
6516 49 752
6517 26 815
6518 16 54
6519 5 128
6520 5 966
6521 94 149
6522 84 530
6523 25 826
6524 100 72
6525 54 979
6526 18 887
6527 35 254
6528 55 247
6529 74 418
6530 87 112
6531 98 478
6532 61 987
6533 25 480
6534 71 672
6535 25 264
6536 53 889
6537 73 591
6538 76 162
6539 71 67
6540 93 224
6541 65 30
6542 43 537
6543 74 343
6544 63 233
6545 73 398
6546 46 144
6547 35 511
6548 97 769
6549 25 744
6550 52 44
6551 98 861
6552 69 347
6553 56 621
6554 59 876
6555 58 456
6556 35 184
6557 76 706
6558 67 970
6559 74 801
6560 17 97
6561 25 717
6562 44 71
6563 65 815
6564 26 777
6565 7 226
6566 61 131
6567 19 948
6568 18 622
6569 64 607
6570 63 58
6571 45 533
6572 70 789
6573 46 41
6574 49 541
6575 85 644
6576 51 655
6577 33 286
6578 14 238
6579 33 683
6580 82 129
6581 6 500
6582 56 367
6583 84 817
6584 69 382
6585 72 113
6586 17 320
6587 15 800
6588 65 752
6589 63 299
6590 67 399
6591 20 861
6592 94 710
6593 89 26
6594 57 785
6595 37 957
6596 18 212
6597 26 875
6598 33 695
6599 60 999
6600 7 175
6601 87 996
6602 10 819
6603 16 349
6604 59 345
6605 38 951
6606 63 986
6607 36 351
6608 73 767
6609 57 592
6610 34 251
6611 80 363
6612 72 826
6613 13 792
6614 90 89
6615 59 202
6616 11 943
6617 12 413
6618 62 931
6619 88 108
6620 46 915
6621 41 450
6622 25 473
6623 3 869
6624 39 484
6625 23 279
6626 55 746
6627 95 700
6628 84 638
6629 54 944
6630 91 635
6631 97 192
6632 88 64
6633 86 55
6634 78 357
6635 57 617
6636 97 402
6637 36 234
6638 59 419
6639 12 686
6640 44 812
6641 9 553
6642 1 754
6643 8 125
6644 84 477
6645 59 946
6646 75 348
6647 91 522
6648 12 901
6649 92 981
6650 9 652
6651 100 424
6652 3 91
6653 95 663
6654 10 149
6655 37 353
6656 91 735
6657 53 353
6658 84 563
6659 62 302
6660 92 221
6661 5 449
6662 82 605
6663 49 140
6664 78 54
6665 61 344
6666 21 402
6667 99 713
6668 97 863
6669 74 94
6670 81 714
6671 2 671
6672 43 486
6673 42 328
6674 68 913
6675 14 137
6676 63 890
6677 64 708
6678 6 458
6679 51 542
6680 66 150
6681 62 59
6682 71 938
6683 34 361
6684 14 328
6685 87 657
6686 13 32
6687 33 453
6688 25 893
6689 80 611
6690 71 224
6691 79 886
6692 19 490
6693 51 108
6694 49 930
6695 3 664
6696 41 674
6697 9 999
6698 61 312
6699 38 69
6700 97 341
6701 49 294
6702 8 66
6703 39 126
6704 50 480
6705 68 361
6706 4 143
6707 56 972
6708 5 286
6709 73 717
6710 62 474
6711 44 180
6712 44 403
6713 13 362
6714 41 772
6715 44 137
6716 55 103
6717 52 692
6718 93 485
6719 94 650
6720 26 116
6721 34 577
6722 74 162
6723 14 861
6724 65 190
6725 53 552
6726 60 769
6727 34 209
6728 69 980
6729 51 670
6730 63 738
6731 82 907
6732 56 222
6733 96 740
6734 84 534
6735 79 208
6736 79 652
6737 99 63
6738 64 967
6739 85 58
6740 53 619
6741 77 829
6742 28 57
6743 52 320
6744 74 956
6745 22 906
6746 59 479
6747 37 518
6748 5 14
6749 8 381
6750 19 740
6751 63 852
6752 100 402
6753 11 410
6754 59 691
6755 46 516
6756 24 390
6757 32 726
6758 58 824
6759 11 978
6760 43 620
6761 60 217
6762 93 996
6763 70 846
6764 65 374
6765 9 390
6766 65 93
6767 6 488
6768 92 554
6769 84 87
6770 27 157
6771 38 709
6772 43 15
6773 93 929
6774 46 266
6775 60 577
6776 37 381
6777 27 687
6778 43 726
6779 58 540
6780 51 606
6781 78 427
6782 10 491
6783 15 925
6784 2 744
6785 28 128
6786 97 860
6787 36 462
6788 82 911
6789 31 790
6790 6 806
6791 64 144
6792 33 139
6793 91 580
6794 64 791
6795 87 623
6796 61 666
6797 26 345
6798 44 688
6799 28 132
6800 33 127
6801 64 962
6802 12 873
6803 18 822
6804 75 972
6805 32 85
6806 93 242
6807 18 728
6808 30 485
6809 65 27
6810 66 217
6811 46 895
6812 10 189
6813 52 805
6814 84 918
6815 33 386
6816 93 843
6817 37 910
6818 88 18
6819 27 360
6820 69 452
6821 57 473
6822 11 588
6823 55 8
6824 59 967
6825 12 340
6826 48 986
6827 6 330
6828 29 717
6829 64 937
6830 77 842
6831 29 150
6832 87 837
6833 7 204
6834 75 42
6835 57 601
6836 87 505
6837 94 828
6838 47 519
6839 99 788
6840 15 60
6841 24 289
6842 48 881
6843 84 778
6844 58 618
6845 87 522
6846 61 346
6847 13 686
6848 21 358
6849 52 803
6850 60 892
6851 35 151
6852 19 521
6853 78 61
6854 40 575
6855 13 736
6856 90 329
6857 38 250
6858 99 921
6859 60 884
6860 57 447
6861 20 866
6862 41 717
6863 39 546
6864 61 937
6865 76 271
6866 80 83
6867 49 116
6868 37 191
6869 89 53
6870 81 570
6871 40 791
6872 99 926
6873 69 34
6874 44 910
6875 24 966
6876 7 833
6877 22 203
6878 40 833
6879 58 678
6880 64 717
6881 2 626
6882 91 339
6883 58 938
6884 54 954
6885 92 430
6886 23 449
6887 6 167
6888 66 785
6889 84 868
6890 86 364
6891 57 189
6892 82 9
6893 66 148
6894 42 399
6895 99 845
6896 43 489
6897 63 742
6898 28 365
6899 4 558
6900 11 666
6901 90 500
6902 23 680
6903 9 405
6904 69 241
6905 35 535
6906 28 527
6907 14 221
6908 35 386
6909 7 660
6910 34 660
6911 37 615
6912 40 406
6913 14 971
6914 1 618
6915 38 347
6916 48 352
6917 73 664
6918 29 558
6919 66 354
6920 76 152
6921 67 673
6922 51 708
6923 78 253
6924 51 572
6925 50 969
6926 11 223
6927 52 23
6928 27 245
6929 50 778
6930 77 791
6931 48 339
6932 1 292
6933 36 163
6934 89 185
6935 85 742
6936 34 289
6937 27 393
6938 46 294
6939 8 217
6940 37 652
6941 56 775
6942 21 861
6943 27 649
6944 93 986
6945 90 600
6946 30 266
6947 87 862
6948 61 385
6949 26 176
6950 6 116
6951 98 382
6952 31 373
6953 7 462
6954 84 395
6955 70 307
6956 77 805
6957 84 454
6958 50 865
6959 66 6
6960 67 169
6961 50 350
6962 73 197
6963 44 775
6964 18 223
6965 82 265
6966 48 807
6967 48 446
6968 99 552
6969 61 4
6970 83 274
6971 67 356
6972 46 783
6973 96 880
6974 49 835
6975 9 897
6976 2 395
6977 8 653
6978 4 899
6979 30 726
6980 90 512
6981 1 568
6982 2 870
6983 100 369
6984 40 351
6985 85 277
6986 53 663
6987 85 884
6988 33 477
6989 71 225
6990 98 771
6991 86 660
6992 12 245
6993 30 749
6994 36 550
6995 60 705
6996 23 452
6997 90 572
6998 68 464
6999 98 456
7000 4 686
886310.25
