4000
1 69 35
2 89 875
3 14 944
4 5 143
5 61 754
6 56 306
7 11 604
8 5 300
9 94 569
10 77 649
11 62 54
12 37 757
13 33 192
14 13 416
15 81 983
16 23 213
17 89 826
18 31 768
19 67 234
20 45 166
21 1 708
22 39 121
23 1 750
24 21 948
25 60 102
26 28 507
27 97 968
28 90 554
29 29 875
30 12 315
31 17 16
32 77 570
33 14 229
34 72 680
35 48 550
36 6 843
37 97 344
38 75 784
39 49 129
40 43 93
41 65 893
42 7 29
43 95 375
44 26 145
45 37 543
46 72 223
47 26 195
48 76 31
49 16 201
50 26 478
51 81 471
52 51 795
53 97 219
54 74 838
55 99 573
56 28 582
57 49 896
58 95 909
59 6 306
60 31 62
61 59 456
62 42 275
63 21 789
64 77 432
65 35 16
66 87 705
67 81 630
68 45 415
69 78 183
70 7 77
71 38 974
72 83 259
73 99 630
74 62 825
75 14 79
76 64 860
77 66 190
78 73 181
79 34 714
80 29 650
81 42 496
82 14 563
83 78 867
84 37 157
85 9 301
86 43 33
87 13 408
88 21 136
89 80 900
90 34 379
91 30 297
92 7 21
93 3 497
94 84 225
95 100 966
96 20 399
97 50 885
98 85 536
99 64 954
100 65 314
101 9 519
102 1 885
103 57 444
104 99 695
105 84 510
106 34 127
107 11 247
108 9 363
109 11 255
110 99 587
111 30 399
112 5 335
113 29 415
114 23 11
115 12 341
116 83 515
117 24 298
118 9 759
119 52 750
120 60 369
121 38 646
122 69 475
123 77 177
124 56 838
125 33 470
126 73 672
127 29 945
128 24 897
129 80 138
130 89 547
131 43 670
132 93 296
133 57 184
134 65 755
135 66 943
136 18 656
137 62 832
138 33 753
139 100 726
140 30 17
141 73 574
142 73 246
143 99 421
144 44 486
145 60 615
146 44 869
147 49 349
148 1 101
149 90 446
150 67 373
151 96 466
152 9 679
153 14 428
154 13 544
155 5 539
156 39 568
157 7 899
158 30 478
159 81 429
160 9 79
161 92 952
162 92 573
163 95 531
164 61 192
165 21 381
166 50 463
167 70 97
168 10 533
169 9 656
170 14 743
171 53 664
172 50 408
173 5 56
174 11 478
175 64 896
176 86 421
177 63 615
178 47 692
179 98 99
180 84 337
181 54 911
182 4 920
183 5 680
184 64 489
185 93 371
186 41 760
187 82 352
188 98 336
189 72 448
190 71 90
191 25 765
192 38 180
193 39 93
194 28 98
195 40 59
196 77 307
197 76 582
198 64 369
199 15 991
200 70 202
201 88 52
202 93 553
203 92 839
204 34 223
205 48 517
206 85 837
207 27 462
208 51 39
209 26 752
210 98 168
211 69 894
212 21 801
213 34 755
214 58 442
215 55 147
216 23 715
217 95 360
218 45 301
219 59 582
220 79 33
221 16 513
222 4 360
223 38 123
224 55 287
225 5 600
226 83 959
227 23 763
228 91 756
229 90 282
230 92 781
231 4 181
232 87 205
233 20 314
234 76 145
235 87 213
236 47 564
237 36 332
238 84 734
239 100 370
240 55 923
241 56 406
242 86 464
243 16 434
244 74 481
245 93 803
246 95 899
247 26 887
248 59 970
249 53 242
250 45 609
251 37 479
252 52 228
253 20 324
254 73 741
255 92 183
256 51 395
257 78 15
258 98 9
259 12 261
260 64 819
261 38 370
262 34 778
263 96 909
264 40 369
265 11 382
266 54 968
267 81 123
268 14 156
269 34 171
270 36 304
271 4 229
272 48 33
273 92 406
274 35 10
275 29 932
276 11 948
277 54 525
278 30 397
279 47 200
280 21 845
281 96 472
282 21 230
283 76 363
284 71 312
285 21 455
286 30 254
287 54 931
288 69 12
289 1 750
290 29 180
291 67 674
292 87 220
293 95 739
294 11 888
295 66 30
296 41 977
297 8 74
298 20 685
299 5 160
300 89 858
301 50 715
302 42 24
303 65 605
304 14 198
305 92 830
306 74 696
307 100 635
308 38 377
309 77 344
310 9 532
311 55 151
312 14 443
313 14 267
314 34 493
315 73 664
316 86 863
317 65 971
318 72 447
319 75 535
320 93 294
321 15 219
322 52 757
323 66 240
324 7 591
325 10 864
326 45 707
327 2 885
328 10 159
329 27 653
330 79 245
331 67 479
332 59 13
333 88 664
334 15 286
335 11 87
336 80 785
337 77 296
338 74 628
339 85 172
340 79 288
341 86 783
342 35 781
343 57 849
344 39 377
345 2 12
346 66 692
347 34 262
348 28 590
349 58 70
350 51 88
351 18 417
352 66 530
353 1 901
354 15 428
355 70 787
356 55 811
357 51 611
358 40 956
359 65 237
360 41 929
361 93 486
362 34 334
363 9 273
364 99 995
365 88 591
366 30 741
367 54 236
368 69 338
369 54 827
370 22 397
371 20 147
372 87 697
373 22 102
374 54 811
375 45 374
376 48 518
377 65 995
378 69 361
379 87 680
380 65 98
381 50 10
382 17 269
383 58 336
384 20 676
385 16 980
386 34 86
387 62 656
388 6 869
389 14 86
390 67 161
391 21 828
392 83 77
393 39 776
394 60 102
395 7 379
396 5 898
397 58 884
398 73 559
399 96 707
400 94 128
401 64 482
402 11 663
403 82 898
404 69 902
405 88 236
406 17 330
407 12 37
408 21 156
409 74 250
410 89 728
411 20 10
412 99 524
413 8 917
414 22 303
415 51 752
416 13 825
417 86 533
418 25 875
419 3 678
420 59 696
421 5 905
422 55 214
423 76 950
424 1 666
425 77 918
426 5 898
427 24 216
428 50 654
429 99 18
430 1 20
431 2 979
432 22 380
433 55 361
434 54 946
435 24 198
436 54 618
437 99 278
438 49 633
439 11 370
440 14 527
441 40 961
442 86 601
443 85 76
444 62 39
445 30 193
446 74 831
447 38 726
448 84 723
449 69 463
450 100 107
451 64 793
452 83 698
453 55 42
454 93 165
455 44 869
456 86 646
457 83 872
458 41 883
459 53 650
460 68 951
461 45 589
462 79 650
463 67 217
464 80 896
465 2 467
466 74 201
467 92 506
468 64 330
469 92 616
470 83 759
471 79 346
472 61 738
473 52 469
474 68 721
475 69 882
476 6 185
477 75 626
478 27 639
479 89 760
480 81 261
481 84 798
482 98 746
483 51 778
484 65 413
485 66 635
486 41 700
487 24 273
488 96 847
489 90 867
490 70 394
491 28 331
492 81 363
493 43 526
494 61 900
495 95 110
496 43 143
497 33 890
498 88 921
499 49 665
500 20 500
501 66 499
502 21 993
503 36 506
504 64 944
505 2 251
506 39 501
507 24 91
508 60 30
509 52 397
510 1 777
511 29 470
512 19 136
513 33 710
514 35 600
515 94 792
516 70 83
517 17 50
518 79 232
519 42 869
520 11 991
521 62 913
522 15 9
523 63 745
524 85 653
525 17 363
526 55 120
527 24 401
528 78 997
529 54 631
530 68 986
531 9 514
532 84 277
533 67 172
534 1 10
535 83 751
536 94 693
537 41 475
538 15 766
539 26 434
540 38 996
541 51 622
542 67 949
543 54 329
544 36 730
545 62 690
546 30 706
547 70 372
548 49 323
549 38 249
550 72 49
551 89 214
552 47 520
553 77 675
554 78 678
555 4 975
556 61 751
557 20 482
558 75 134
559 98 366
560 1 354
561 24 849
562 25 351
563 19 257
564 73 213
565 37 337
566 28 369
567 13 489
568 62 375
569 7 640
570 29 677
571 57 304
572 4 510
573 6 568
574 62 902
575 4 338
576 13 867
577 63 258
578 54 456
579 91 978
580 97 263
581 82 261
582 2 21
583 63 618
584 26 268
585 82 376
586 29 183
587 96 779
588 6 267
589 44 611
590 46 417
591 38 617
592 79 484
593 11 312
594 11 239
595 19 147
596 26 905
597 29 220
598 59 930
599 98 143
600 60 461
601 69 834
602 56 147
603 84 661
604 63 571
605 18 48
606 17 902
607 9 709
608 50 83
609 56 653
610 18 989
611 60 757
612 14 368
613 11 150
614 93 508
615 96 279
616 94 913
617 64 109
618 94 492
619 2 227
620 81 89
621 19 491
622 83 158
623 10 247
624 21 512
625 90 509
626 83 633
627 78 595
628 79 729
629 29 518
630 23 604
631 31 185
632 94 825
633 25 940
634 19 301
635 86 183
636 22 98
637 14 190
638 94 586
639 83 328
640 96 611
641 69 185
642 32 947
643 38 239
644 16 218
645 81 632
646 38 983
647 99 128
648 8 739
649 58 417
650 95 440
651 33 679
652 16 494
653 96 979
654 59 873
655 44 624
656 84 835
657 52 569
658 90 351
659 33 371
660 10 556
661 45 304
662 36 89
663 13 837
664 1 721
665 62 81
666 36 996
667 24 315
668 21 823
669 88 912
670 81 846
671 65 211
672 37 123
673 99 808
674 12 961
675 83 633
676 86 934
677 33 174
678 61 728
679 16 106
680 72 435
681 65 838
682 55 319
683 100 120
684 97 692
685 86 563
686 14 740
687 79 174
688 5 918
689 15 102
690 34 465
691 40 521
692 55 396
693 56 431
694 83 995
695 30 917
696 74 964
697 48 783
698 95 216
699 31 899
700 52 469
701 26 719
702 41 371
703 36 341
704 43 836
705 69 439
706 8 726
707 35 769
708 34 901
709 44 668
710 24 174
711 75 694
712 94 205
713 32 33
714 77 318
715 100 351
716 57 822
717 58 641
718 68 791
719 25 740
720 83 504
721 88 196
722 33 792
723 40 102
724 94 24
725 3 443
726 57 110
727 19 52
728 10 230
729 100 953
730 39 37
731 73 341
732 96 324
733 94 457
734 80 264
735 1 99
736 43 675
737 55 359
738 5 707
739 42 310
740 87 527
741 31 617
742 35 285
743 47 348
744 1 403
745 49 905
746 60 894
747 36 401
748 19 456
749 21 366
750 46 450
751 19 906
752 68 759
753 54 408
754 23 725
755 23 266
756 28 773
757 72 655
758 57 145
759 29 683
760 25 772
761 55 864
762 14 518
763 9 638
764 33 501
765 24 957
766 48 885
767 85 295
768 89 369
769 96 222
770 75 280
771 6 381
772 76 554
773 41 5
774 49 233
775 29 506
776 51 534
777 50 666
778 20 43
779 6 652
780 1 354
781 100 563
782 97 169
783 43 264
784 43 127
785 34 902
786 22 257
787 58 236
788 45 89
789 30 163
790 21 256
791 41 528
792 63 563
793 9 279
794 88 960
795 61 900
796 40 870
797 57 929
798 85 533
799 50 496
800 67 401
801 27 824
802 81 657
803 93 331
804 24 163
805 9 308
806 36 197
807 55 841
808 45 6
809 44 112
810 53 375
811 44 702
812 77 244
813 5 351
814 62 794
815 10 848
816 5 334
817 2 658
818 50 638
819 56 297
820 91 355
821 97 327
822 61 226
823 51 724
824 57 41
825 47 83
826 39 824
827 59 442
828 2 800
829 73 23
830 97 253
831 84 397
832 30 574
833 12 761
834 92 928
835 100 605
836 78 578
837 69 904
838 47 539
839 63 756
840 100 864
841 29 754
842 68 843
843 41 29
844 55 791
845 75 113
846 39 332
847 40 897
848 55 245
849 21 329
850 87 374
851 40 821
852 82 910
853 29 958
854 99 165
855 38 320
856 82 92
857 5 774
858 96 333
859 55 761
860 68 485
861 60 531
862 24 463
863 8 4
864 4 708
865 93 418
866 78 435
867 71 222
868 90 404
869 72 861
870 73 894
871 8 694
872 29 72
873 85 686
874 32 409
875 25 204
876 12 996
877 50 194
878 91 991
879 99 878
880 25 472
881 5 287
882 15 878
883 16 421
884 27 236
885 34 89
886 98 654
887 23 543
888 30 336
889 6 312
890 44 723
891 52 370
892 64 56
893 28 869
894 27 204
895 93 965
896 70 201
897 96 641
898 26 973
899 9 239
900 100 542
901 46 45
902 12 505
903 96 467
904 14 374
905 41 333
906 50 980
907 88 972
908 16 660
909 51 473
910 13 680
911 37 253
912 68 492
913 53 764
914 54 129
915 24 877
916 61 510
917 3 463
918 10 713
919 13 368
920 14 938
921 72 361
922 34 889
923 6 407
924 6 217
925 35 723
926 39 80
927 88 463
928 62 763
929 3 824
930 47 682
931 80 399
932 53 645
933 48 962
934 84 215
935 11 415
936 8 582
937 67 786
938 14 109
939 4 594
940 68 635
941 4 157
942 92 750
943 7 85
944 10 234
945 88 500
946 20 249
947 29 972
948 89 522
949 11 30
950 50 548
951 4 36
952 16 735
953 47 235
954 28 334
955 9 91
956 93 402
957 86 731
958 77 105
959 3 404
960 45 767
961 50 582
962 17 197
963 34 562
964 53 214
965 3 504
966 39 588
967 45 227
968 24 595
969 45 61
970 22 225
971 90 19
972 86 101
973 79 663
974 10 741
975 36 874
976 41 389
977 46 427
978 39 877
979 4 529
980 15 860
981 42 907
982 49 913
983 80 594
984 18 546
985 32 620
986 95 649
987 67 381
988 13 181
989 97 593
990 65 869
991 24 440
992 53 684
993 2 983
994 79 71
995 23 630
996 26 541
997 45 530
998 54 914
999 11 615
1000 2 934
1001 84 385
1002 1 138
1003 37 934
1004 23 288
1005 45 256
1006 62 193
1007 12 533
1008 24 612
1009 87 338
1010 76 988
1011 56 351
1012 89 512
1013 46 887
1014 18 698
1015 94 277
1016 57 927
1017 14 216
1018 36 871
1019 36 806
1020 17 800
1021 67 503
1022 65 44
1023 2 662
1024 13 950
1025 62 503
1026 70 533
1027 36 322
1028 80 767
1029 32 533
1030 34 487
1031 33 864
1032 28 233
1033 12 199
1034 8 756
1035 56 785
1036 39 792
1037 90 519
1038 99 273
1039 94 53
1040 94 308
1041 39 945
1042 46 960
1043 17 490
1044 32 13
1045 71 324
1046 12 936
1047 80 677
1048 3 326
1049 21 26
1050 83 672
1051 61 453
1052 29 367
1053 57 210
1054 99 132
1055 100 854
1056 94 184
1057 1 374
1058 6 426
1059 10 598
1060 77 187
1061 95 883
1062 23 626
1063 56 172
1064 28 356
1065 59 21
1066 63 821
1067 55 159
1068 31 53
1069 13 270
1070 79 17
1071 28 191
1072 66 365
1073 28 103
1074 31 148
1075 56 680
1076 80 557
1077 40 804
1078 74 139
1079 18 174
1080 12 287
1081 50 908
1082 92 583
1083 74 848
1084 35 605
1085 47 9
1086 47 717
1087 36 646
1088 55 425
1089 72 74
1090 94 988
1091 20 502
1092 24 481
1093 81 400
1094 37 885
1095 1 12
1096 78 582
1097 14 135
1098 38 642
1099 15 591
1100 39 784
1101 46 573
1102 78 345
1103 61 944
1104 7 47
1105 33 886
1106 61 624
1107 10 815
1108 59 168
1109 62 799
1110 11 968
1111 87 383
1112 60 249
1113 44 527
1114 82 434
1115 23 77
1116 64 629
1117 58 898
1118 75 50
1119 78 582
1120 68 230
1121 88 779
1122 13 921
1123 12 199
1124 76 631
1125 34 16
1126 56 639
1127 26 210
1128 31 440
1129 31 443
1130 42 612
1131 41 233
1132 15 572
1133 63 16
1134 14 752
1135 57 590
1136 68 110
1137 43 543
1138 17 62
1139 43 950
1140 81 759
1141 71 587
1142 66 568
1143 62 665
1144 100 741
1145 48 721
1146 49 634
1147 59 21
1148 17 707
1149 38 511
1150 39 626
1151 43 947
1152 38 728
1153 24 69
1154 84 375
1155 76 806
1156 92 12
1157 70 266
1158 52 78
1159 69 435
1160 69 683
1161 77 460
1162 100 205
1163 32 136
1164 30 701
1165 38 865
1166 83 288
1167 91 1000
1168 26 407
1169 95 861
1170 78 489
1171 56 78
1172 70 515
1173 41 28
1174 77 503
1175 98 320
1176 7 898
1177 15 502
1178 80 625
1179 31 847
1180 71 281
1181 53 572
1182 72 120
1183 57 661
1184 74 871
1185 54 910
1186 99 714
1187 60 30
1188 27 456
1189 4 409
1190 72 811
1191 21 693
1192 77 914
1193 21 29
1194 14 48
1195 89 6
1196 13 581
1197 44 550
1198 54 660
1199 85 625
1200 74 743
1201 36 688
1202 63 274
1203 38 660
1204 59 849
1205 26 411
1206 92 659
1207 85 724
1208 95 394
1209 1 57
1210 37 437
1211 47 349
1212 27 40
1213 58 93
1214 51 770
1215 71 816
1216 75 620
1217 80 300
1218 18 840
1219 34 51
1220 62 927
1221 3 172
1222 99 716
1223 97 955
1224 40 250
1225 28 223
1226 10 916
1227 86 232
1228 86 409
1229 92 526
1230 92 987
1231 65 169
1232 24 972
1233 74 820
1234 45 187
1235 64 140
1236 14 795
1237 71 135
1238 47 222
1239 36 211
1240 1 424
1241 65 578
1242 74 954
1243 28 225
1244 92 952
1245 47 658
1246 41 791
1247 19 934
1248 34 824
1249 93 392
1250 62 861
1251 15 201
1252 37 367
1253 32 734
1254 42 582
1255 59 412
1256 5 413
1257 95 803
1258 100 914
1259 94 878
1260 66 983
1261 13 382
1262 25 628
1263 91 231
1264 76 936
1265 6 516
1266 5 132
1267 68 848
1268 36 35
1269 30 392
1270 72 751
1271 84 585
1272 56 946
1273 96 275
1274 72 5
1275 65 540
1276 37 921
1277 83 950
1278 25 899
1279 63 58
1280 54 19
1281 91 569
1282 86 503
1283 13 538
1284 34 969
1285 64 681
1286 26 65
1287 29 113
1288 8 632
1289 76 121
1290 76 638
1291 60 862
1292 16 760
1293 65 382
1294 72 917
1295 32 984
1296 98 13
1297 81 377
1298 86 595
1299 46 646
1300 64 888
1301 44 351
1302 83 171
1303 92 241
1304 77 644
1305 37 268
1306 99 169
1307 39 276
1308 81 609
1309 35 824
1310 62 130
1311 35 44
1312 31 969
1313 37 132
1314 43 191
1315 18 336
1316 72 157
1317 74 355
1318 64 566
1319 86 918
1320 38 111
1321 36 798
1322 43 165
1323 13 432
1324 20 273
1325 7 120
1326 99 574
1327 16 679
1328 96 535
1329 62 182
1330 47 872
1331 76 169
1332 73 840
1333 64 767
1334 61 121
1335 17 381
1336 37 843
1337 55 970
1338 46 165
1339 60 107
1340 26 556
1341 17 686
1342 11 524
1343 66 224
1344 60 991
1345 72 443
1346 87 243
1347 37 302
1348 71 164
1349 56 628
1350 83 886
1351 65 487
1352 46 487
1353 84 882
1354 51 81
1355 1 945
1356 71 967
1357 43 22
1358 58 462
1359 42 364
1360 38 916
1361 8 394
1362 36 99
1363 64 297
1364 28 848
1365 22 656
1366 22 546
1367 43 263
1368 43 583
1369 12 871
1370 18 319
1371 81 495
1372 93 396
1373 39 55
1374 21 326
1375 31 966
1376 44 68
1377 24 413
1378 11 284
1379 22 913
1380 65 227
1381 87 442
1382 86 668
1383 58 152
1384 53 640
1385 43 307
1386 38 387
1387 74 238
1388 30 188
1389 30 789
1390 36 183
1391 54 784
1392 11 771
1393 48 760
1394 17 273
1395 58 72
1396 64 824
1397 59 740
1398 48 924
1399 2 523
1400 30 362
1401 86 412
1402 59 89
1403 29 629
1404 66 997
1405 59 691
1406 3 43
1407 16 224
1408 27 614
1409 100 244
1410 96 717
1411 78 772
1412 52 536
1413 92 6
1414 68 87
1415 13 592
1416 40 753
1417 15 817
1418 48 611
1419 38 532
1420 83 921
1421 62 263
1422 86 66
1423 43 701
1424 69 710
1425 18 619
1426 1 12
1427 45 981
1428 96 662
1429 83 937
1430 39 621
1431 74 831
1432 29 416
1433 93 684
1434 1 204
1435 16 469
1436 31 673
1437 51 154
1438 5 701
1439 35 274
1440 93 917
1441 70 368
1442 10 727
1443 73 189
1444 75 578
1445 45 111
1446 7 225
1447 78 147
1448 51 96
1449 48 624
1450 73 125
1451 11 297
1452 6 173
1453 34 848
1454 10 879
1455 15 284
1456 21 424
1457 48 892
1458 18 146
1459 93 546
1460 10 452
1461 91 920
1462 14 684
1463 6 79
1464 50 966
1465 53 293
1466 28 701
1467 75 736
1468 11 409
1469 46 864
1470 23 814
1471 45 261
1472 29 157
1473 67 574
1474 38 332
1475 86 386
1476 2 907
1477 95 817
1478 59 41
1479 14 851
1480 8 644
1481 77 117
1482 64 851
1483 2 477
1484 91 944
1485 77 823
1486 36 161
1487 79 565
1488 76 689
1489 26 573
1490 4 522
1491 67 122
1492 20 936
1493 84 593
1494 96 856
1495 72 579
1496 44 916
1497 39 895
1498 4 204
1499 80 661
1500 71 472
1501 24 591
1502 31 244
1503 23 996
1504 17 473
1505 87 821
1506 77 947
1507 60 6
1508 38 933
1509 85 947
1510 21 762
1511 85 371
1512 14 778
1513 5 669
1514 17 159
1515 17 868
1516 6 298
1517 66 940
1518 16 909
1519 16 373
1520 42 486
1521 93 475
1522 37 359
1523 95 553
1524 91 510
1525 85 950
1526 60 769
1527 64 705
1528 95 740
1529 88 172
1530 23 498
1531 54 314
1532 98 178
1533 56 276
1534 76 934
1535 47 692
1536 2 813
1537 37 494
1538 94 207
1539 40 182
1540 11 650
1541 7 425
1542 36 378
1543 20 964
1544 38 258
1545 66 957
1546 18 516
1547 92 349
1548 33 705
1549 60 511
1550 64 226
1551 65 327
1552 56 912
1553 21 359
1554 58 86
1555 30 446
1556 100 938
1557 53 349
1558 7 850
1559 9 693
1560 61 972
1561 96 219
1562 48 406
1563 27 23
1564 32 407
1565 77 126
1566 77 403
1567 83 681
1568 98 925
1569 36 134
1570 34 757
1571 7 597
1572 21 995
1573 99 608
1574 50 695
1575 54 831
1576 38 272
1577 20 557
1578 93 602
1579 6 342
1580 28 952
1581 23 329
1582 94 387
1583 25 783
1584 90 855
1585 34 858
1586 33 646
1587 76 152
1588 41 566
1589 37 487
1590 74 178
1591 49 811
1592 17 744
1593 14 301
1594 20 996
1595 82 862
1596 70 978
1597 82 655
1598 69 783
1599 94 171
1600 33 920
1601 58 6
1602 47 36
1603 78 383
1604 63 591
1605 11 67
1606 38 650
1607 32 818
1608 65 185
1609 75 725
1610 27 647
1611 53 423
1612 60 979
1613 78 752
1614 32 644
1615 34 164
1616 12 230
1617 79 719
1618 40 654
1619 20 696
1620 4 5
1621 38 817
1622 75 812
1623 84 32
1624 53 49
1625 99 232
1626 94 369
1627 83 771
1628 15 653
1629 55 777
1630 46 799
1631 17 566
1632 96 895
1633 11 725
1634 14 598
1635 18 348
1636 9 103
1637 47 590
1638 29 648
1639 67 45
1640 55 891
1641 3 404
1642 38 755
1643 34 676
1644 99 812
1645 31 431
1646 80 750
1647 42 962
1648 64 120
1649 36 943
1650 34 569
1651 3 870
1652 68 513
1653 88 737
1654 81 292
1655 56 641
1656 83 486
1657 15 45
1658 77 368
1659 96 474
1660 23 842
1661 63 827
1662 64 601
1663 47 874
1664 4 712
1665 64 9
1666 7 272
1667 42 358
1668 68 491
1669 4 268
1670 97 144
1671 64 218
1672 88 517
1673 37 230
1674 65 537
1675 29 241
1676 63 534
1677 1 715
1678 40 489
1679 7 623
1680 97 524
1681 99 662
1682 26 370
1683 94 24
1684 14 449
1685 85 698
1686 32 487
1687 51 273
1688 40 526
1689 23 860
1690 48 997
1691 30 175
1692 90 298
1693 29 136
1694 25 696
1695 81 613
1696 15 520
1697 67 809
1698 48 414
1699 75 54
1700 89 213
1701 31 354
1702 27 419
1703 41 198
1704 46 543
1705 45 784
1706 25 403
1707 9 425
1708 82 242
1709 31 868
1710 39 96
1711 58 267
1712 52 452
1713 90 13
1714 92 135
1715 23 244
1716 13 943
1717 41 253
1718 43 262
1719 34 653
1720 63 128
1721 75 188
1722 100 569
1723 44 131
1724 1 14
1725 70 615
1726 88 140
1727 86 667
1728 25 295
1729 46 3
1730 46 390
1731 65 443
1732 2 732
1733 3 570
1734 62 731
1735 21 445
1736 7 516
1737 41 91
1738 21 69
1739 44 3
1740 80 557
1741 21 740
1742 74 313
1743 53 791
1744 50 560
1745 5 544
1746 75 376
1747 83 788
1748 16 946
1749 85 144
1750 82 978
1751 73 550
1752 3 592
1753 70 409
1754 40 18
1755 56 426
1756 18 389
1757 43 957
1758 2 660
1759 35 653
1760 57 45
1761 50 738
1762 51 304
1763 77 21
1764 43 617
1765 96 423
1766 43 670
1767 94 599
1768 99 542
1769 54 899
1770 7 314
1771 46 482
1772 5 182
1773 31 550
1774 74 708
1775 65 809
1776 17 219
1777 90 789
1778 76 418
1779 64 643
1780 19 695
1781 63 908
1782 60 458
1783 18 967
1784 85 300
1785 43 500
1786 80 151
1787 79 960
1788 8 702
1789 1 169
1790 78 929
1791 84 497
1792 32 222
1793 68 721
1794 79 755
1795 74 585
1796 76 339
1797 78 167
1798 69 791
1799 94 450
1800 31 541
1801 28 91
1802 59 428
1803 41 245
1804 1 588
1805 17 605
1806 78 349
1807 54 48
1808 64 623
1809 89 603
1810 90 654
1811 11 540
1812 33 507
1813 11 242
1814 80 193
1815 19 920
1816 76 245
1817 15 107
1818 80 190
1819 67 865
1820 5 892
1821 48 190
1822 59 46
1823 82 552
1824 80 976
1825 35 575
1826 32 769
1827 40 752
1828 98 477
1829 76 952
1830 66 305
1831 12 804
1832 68 290
1833 92 900
1834 88 163
1835 21 805
1836 34 12
1837 78 431
1838 66 640
1839 8 697
1840 2 957
1841 47 601
1842 75 340
1843 16 598
1844 59 327
1845 40 635
1846 95 840
1847 25 424
1848 51 735
1849 34 386
1850 55 899
1851 34 447
1852 57 510
1853 45 235
1854 37 674
1855 26 284
1856 70 691
1857 88 410
1858 88 249
1859 47 76
1860 42 906
1861 15 547
1862 56 21
1863 69 301
1864 51 926
1865 9 948
1866 43 727
1867 27 450
1868 30 139
1869 94 997
1870 79 333
1871 7 362
1872 97 172
1873 82 520
1874 14 457
1875 34 85
1876 99 633
1877 59 675
1878 29 719
1879 71 720
1880 52 177
1881 31 282
1882 100 68
1883 90 847
1884 12 580
1885 62 942
1886 33 380
1887 58 623
1888 74 855
1889 42 529
1890 88 445
1891 83 372
1892 99 826
1893 68 312
1894 80 805
1895 54 760
1896 100 766
1897 14 410
1898 75 527
1899 92 145
1900 71 690
1901 71 775
1902 37 552
1903 59 136
1904 90 755
1905 53 704
1906 42 865
1907 21 37
1908 35 218
1909 61 507
1910 13 598
1911 23 997
1912 41 904
1913 19 396
1914 97 50
1915 37 305
1916 9 665
1917 51 192
1918 88 299
1919 86 588
1920 46 713
1921 54 39
1922 14 237
1923 71 246
1924 66 949
1925 27 156
1926 42 600
1927 44 624
1928 26 776
1929 70 225
1930 19 853
1931 50 359
1932 80 193
1933 21 793
1934 38 525
1935 25 130
1936 77 48
1937 98 365
1938 99 617
1939 99 50
1940 50 236
1941 80 540
1942 53 851
1943 13 602
1944 91 129
1945 39 839
1946 52 812
1947 24 650
1948 14 413
1949 75 287
1950 95 748
1951 99 701
1952 68 697
1953 71 104
1954 27 321
1955 33 155
1956 6 853
1957 31 576
1958 88 56
1959 44 652
1960 52 775
1961 88 702
1962 46 988
1963 46 303
1964 5 869
1965 48 214
1966 28 712
1967 63 161
1968 32 982
1969 19 561
1970 7 579
1971 12 590
1972 94 287
1973 30 976
1974 11 161
1975 53 702
1976 83 617
1977 62 713
1978 87 587
1979 50 912
1980 58 883
1981 89 206
1982 74 806
1983 20 299
1984 89 858
1985 51 810
1986 30 613
1987 30 551
1988 53 346
1989 85 1000
1990 96 424
1991 83 215
1992 36 209
1993 48 83
1994 61 972
1995 80 376
1996 23 302
1997 7 414
1998 60 656
1999 27 288
2000 61 364
2001 17 304
2002 89 709
2003 7 122
2004 14 518
2005 11 429
2006 93 183
2007 28 266
2008 48 468
2009 60 43
2010 14 671
2011 97 221
2012 12 828
2013 56 247
2014 35 818
2015 21 954
2016 33 218
2017 2 308
2018 64 8
2019 63 905
2020 100 899
2021 22 834
2022 87 967
2023 28 778
2024 90 983
2025 14 432
2026 57 233
2027 42 462
2028 8 792
2029 72 483
2030 50 98
2031 93 539
2032 23 937
2033 89 47
2034 8 950
2035 48 409
2036 3 658
2037 48 469
2038 67 66
2039 72 890
2040 12 955
2041 43 52
2042 80 165
2043 75 824
2044 24 893
2045 6 347
2046 30 778
2047 73 671
2048 9 67
2049 8 113
2050 66 502
2051 86 415
2052 66 788
2053 41 210
2054 18 226
2055 69 124
2056 51 338
2057 48 166
2058 33 470
2059 95 404
2060 43 547
2061 40 175
2062 93 559
2063 37 733
2064 52 41
2065 71 304
2066 5 254
2067 52 261
2068 84 823
2069 9 507
2070 87 471
2071 80 355
2072 21 113
2073 25 452
2074 90 828
2075 8 106
2076 79 413
2077 19 938
2078 93 884
2079 11 635
2080 55 101
2081 78 636
2082 38 577
2083 29 714
2084 79 934
2085 68 549
2086 50 361
2087 85 621
2088 69 311
2089 35 55
2090 1 392
2091 44 973
2092 33 696
2093 45 832
2094 51 130
2095 32 15
2096 92 485
2097 25 25
2098 1 362
2099 60 926
2100 66 480
2101 19 312
2102 63 837
2103 85 336
2104 35 664
2105 54 697
2106 22 949
2107 64 26
2108 64 328
2109 61 49
2110 43 75
2111 43 844
2112 11 608
2113 24 247
2114 72 128
2115 8 89
2116 3 71
2117 16 822
2118 92 972
2119 63 626
2120 34 35
2121 31 724
2122 92 102
2123 18 244
2124 85 559
2125 28 604
2126 19 672
2127 44 975
2128 61 323
2129 48 793
2130 44 818
2131 55 711
2132 16 850
2133 10 185
2134 94 851
2135 13 820
2136 41 609
2137 27 652
2138 9 915
2139 94 791
2140 65 22
2141 45 980
2142 69 870
2143 46 416
2144 71 830
2145 25 1000
2146 6 246
2147 14 58
2148 18 263
2149 42 323
2150 67 580
2151 4 743
2152 54 196
2153 4 943
2154 73 241
2155 80 488
2156 79 21
2157 89 589
2158 99 598
2159 11 425
2160 53 73
2161 91 558
2162 53 67
2163 10 467
2164 29 172
2165 100 680
2166 96 995
2167 55 964
2168 80 519
2169 24 156
2170 28 302
2171 71 673
2172 90 80
2173 59 443
2174 37 815
2175 64 653
2176 65 634
2177 91 83
2178 28 169
2179 72 838
2180 34 216
2181 1 945
2182 83 502
2183 81 290
2184 4 570
2185 75 216
2186 79 613
2187 5 723
2188 4 387
2189 7 750
2190 9 229
2191 29 528
2192 84 749
2193 41 124
2194 59 103
2195 19 969
2196 20 744
2197 9 307
2198 10 759
2199 20 871
2200 55 549
2201 34 477
2202 29 198
2203 75 206
2204 87 989
2205 22 917
2206 58 689
2207 89 504
2208 23 705
2209 43 281
2210 82 217
2211 29 718
2212 49 904
2213 65 480
2214 16 954
2215 66 869
2216 38 955
2217 85 825
2218 85 31
2219 20 288
2220 15 798
2221 79 565
2222 23 106
2223 60 862
2224 33 93
2225 99 948
2226 95 411
2227 2 728
2228 94 636
2229 51 217
2230 74 229
2231 62 780
2232 72 814
2233 6 86
2234 74 181
2235 25 576
2236 68 597
2237 70 605
2238 78 945
2239 13 385
2240 20 975
2241 9 450
2242 20 519
2243 79 7
2244 42 80
2245 88 945
2246 80 677
2247 17 519
2248 88 695
2249 50 235
2250 48 655
2251 3 722
2252 21 33
2253 93 112
2254 7 350
2255 91 890
2256 58 39
2257 83 739
2258 58 314
2259 71 353
2260 47 474
2261 68 800
2262 88 273
2263 41 831
2264 62 428
2265 75 942
2266 77 503
2267 94 28
2268 90 479
2269 26 427
2270 53 821
2271 4 370
2272 45 574
2273 40 205
2274 4 58
2275 52 899
2276 38 289
2277 60 885
2278 75 900
2279 71 740
2280 35 95
2281 45 23
2282 78 24
2283 93 459
2284 51 588
2285 20 22
2286 29 521
2287 95 712
2288 10 566
2289 32 760
2290 20 621
2291 35 779
2292 33 566
2293 53 781
2294 68 891
2295 82 707
2296 9 154
2297 80 758
2298 21 642
2299 44 32
2300 78 61
2301 53 274
2302 67 982
2303 39 803
2304 3 862
2305 43 164
2306 56 879
2307 45 713
2308 53 941
2309 100 666
2310 7 676
2311 59 7
2312 63 929
2313 37 288
2314 64 889
2315 31 679
2316 67 732
2317 85 659
2318 44 9
2319 49 627
2320 5 682
2321 1 123
2322 36 814
2323 40 699
2324 65 235
2325 83 553
2326 7 264
2327 49 208
2328 38 36
2329 32 765
2330 25 480
2331 30 265
2332 49 520
2333 24 335
2334 52 456
2335 60 199
2336 35 369
2337 37 140
2338 85 661
2339 95 440
2340 82 577
2341 19 524
2342 60 499
2343 43 331
2344 59 567
2345 98 829
2346 97 917
2347 96 772
2348 64 38
2349 64 586
2350 20 592
2351 53 165
2352 43 220
2353 82 371
2354 65 633
2355 3 135
2356 66 640
2357 70 893
2358 97 28
2359 17 888
2360 49 124
2361 3 275
2362 31 920
2363 64 130
2364 10 873
2365 39 355
2366 33 425
2367 37 619
2368 44 253
2369 58 811
2370 80 264
2371 44 589
2372 1 808
2373 20 693
2374 75 207
2375 34 137
2376 35 138
2377 55 635
2378 3 837
2379 70 302
2380 23 291
2381 81 674
2382 4 690
2383 75 910
2384 89 607
2385 48 222
2386 84 278
2387 59 732
2388 2 148
2389 29 881
2390 89 615
2391 22 36
2392 98 787
2393 53 528
2394 21 360
2395 41 263
2396 37 430
2397 2 678
2398 49 514
2399 86 650
2400 77 245
2401 66 310
2402 16 760
2403 67 423
2404 98 206
2405 10 897
2406 50 383
2407 22 713
2408 48 791
2409 71 172
2410 56 82
2411 31 628
2412 35 150
2413 22 783
2414 41 975
2415 79 888
2416 77 202
2417 71 116
2418 78 724
2419 92 393
2420 100 588
2421 65 846
2422 88 681
2423 58 702
2424 42 95
2425 23 915
2426 40 53
2427 57 353
2428 80 898
2429 56 787
2430 87 479
2431 38 895
2432 53 830
2433 22 361
2434 93 800
2435 61 144
2436 61 639
2437 7 247
2438 83 728
2439 7 211
2440 7 992
2441 100 138
2442 60 32
2443 97 267
2444 81 439
2445 87 802
2446 98 643
2447 62 985
2448 11 126
2449 46 98
2450 14 764
2451 62 460
2452 91 828
2453 84 612
2454 65 396
2455 9 584
2456 49 570
2457 73 364
2458 41 307
2459 51 227
2460 63 357
2461 58 714
2462 50 748
2463 54 318
2464 52 482
2465 100 310
2466 72 505
2467 65 882
2468 43 330
2469 26 375
2470 49 586
2471 68 128
2472 91 595
2473 39 864
2474 13 168
2475 41 463
2476 56 370
2477 89 527
2478 37 236
2479 83 235
2480 29 44
2481 84 940
2482 80 693
2483 43 101
2484 3 450
2485 58 85
2486 43 67
2487 37 522
2488 14 198
2489 94 665
2490 45 475
2491 55 561
2492 20 515
2493 36 143
2494 65 146
2495 43 639
2496 50 374
2497 64 749
2498 38 256
2499 90 612
2500 45 140
2501 87 529
2502 9 598
2503 34 500
2504 31 492
2505 30 30
2506 51 562
2507 21 148
2508 92 749
2509 84 640
2510 56 483
2511 13 839
2512 79 227
2513 57 509
2514 18 403
2515 5 987
2516 87 650
2517 95 950
2518 20 76
2519 31 463
2520 66 961
2521 35 91
2522 80 377
2523 24 330
2524 59 885
2525 56 878
2526 31 825
2527 87 368
2528 43 550
2529 73 405
2530 72 528
2531 17 670
2532 82 410
2533 69 268
2534 58 725
2535 60 779
2536 44 535
2537 78 802
2538 40 441
2539 63 658
2540 4 440
2541 8 262
2542 34 432
2543 30 873
2544 65 16
2545 58 202
2546 30 365
2547 24 455
2548 7 956
2549 52 377
2550 29 650
2551 65 923
2552 31 291
2553 48 503
2554 69 459
2555 20 775
2556 46 534
2557 59 831
2558 72 948
2559 42 215
2560 70 223
2561 23 17
2562 33 494
2563 42 459
2564 61 529
2565 94 638
2566 70 423
2567 74 418
2568 81 133
2569 30 286
2570 11 960
2571 52 757
2572 52 340
2573 25 431
2574 96 479
2575 57 236
2576 34 276
2577 90 282
2578 19 468
2579 24 684
2580 64 544
2581 67 213
2582 95 514
2583 98 907
2584 82 839
2585 7 689
2586 51 718
2587 39 806
2588 66 380
2589 27 628
2590 2 238
2591 25 985
2592 81 56
2593 94 28
2594 79 443
2595 98 894
2596 89 596
2597 18 186
2598 23 242
2599 34 11
2600 93 634
2601 68 400
2602 55 43
2603 71 320
2604 63 796
2605 28 973
2606 1 850
2607 35 46
2608 16 905
2609 82 872
2610 43 676
2611 56 603
2612 32 880
2613 94 411
2614 66 689
2615 27 286
2616 97 403
2617 100 821
2618 87 142
2619 57 841
2620 34 499
2621 34 443
2622 35 626
2623 96 387
2624 50 169
2625 11 225
2626 11 251
2627 19 598
2628 82 71
2629 51 739
2630 83 175
2631 69 61
2632 66 616
2633 75 78
2634 57 74
2635 86 605
2636 57 3
2637 87 394
2638 55 438
2639 50 297
2640 100 620
2641 29 122
2642 62 905
2643 73 165
2644 94 415
2645 26 738
2646 62 490
2647 68 18
2648 68 599
2649 11 675
2650 20 640
2651 93 955
2652 40 135
2653 24 181
2654 67 948
2655 73 783
2656 90 314
2657 44 474
2658 85 726
2659 45 477
2660 98 374
2661 67 142
2662 10 742
2663 11 256
2664 86 217
2665 59 814
2666 100 396
2667 33 612
2668 39 868
2669 37 711
2670 5 208
2671 98 124
2672 6 525
2673 5 61
2674 64 877
2675 24 321
2676 71 387
2677 73 486
2678 68 752
2679 47 727
2680 20 753
2681 23 966
2682 91 419
2683 81 143
2684 43 692
2685 70 760
2686 59 653
2687 95 350
2688 75 231
2689 63 383
2690 70 187
2691 65 917
2692 61 936
2693 86 59
2694 30 251
2695 26 957
2696 41 629
2697 52 884
2698 83 532
2699 30 650
2700 50 89
2701 64 69
2702 29 279
2703 75 729
2704 16 981
2705 44 938
2706 28 836
2707 27 815
2708 62 403
2709 15 803
2710 86 63
2711 3 233
2712 96 452
2713 86 561
2714 71 284
2715 12 147
2716 41 568
2717 41 217
2718 96 681
2719 15 456
2720 41 750
2721 19 15
2722 63 233
2723 88 575
2724 55 256
2725 78 161
2726 61 739
2727 78 886
2728 46 266
2729 49 215
2730 10 706
2731 14 914
2732 77 323
2733 40 362
2734 29 563
2735 68 672
2736 83 127
2737 19 498
2738 86 648
2739 30 332
2740 18 811
2741 60 132
2742 48 645
2743 98 321
2744 2 695
2745 11 355
2746 13 382
2747 87 479
2748 40 395
2749 73 474
2750 92 945
2751 96 262
2752 51 750
2753 2 866
2754 90 396
2755 50 697
2756 77 707
2757 62 747
2758 17 804
2759 83 256
2760 15 895
2761 32 30
2762 3 634
2763 44 548
2764 6 283
2765 77 379
2766 3 589
2767 63 659
2768 98 106
2769 61 806
2770 20 968
2771 76 740
2772 12 231
2773 17 941
2774 55 641
2775 15 820
2776 53 662
2777 49 600
2778 19 436
2779 56 760
2780 61 658
2781 70 898
2782 33 724
2783 98 150
2784 59 440
2785 53 936
2786 21 791
2787 49 414
2788 6 49
2789 46 974
2790 48 916
2791 35 67
2792 76 724
2793 50 441
2794 20 565
2795 3 205
2796 71 301
2797 61 724
2798 67 602
2799 33 483
2800 81 764
2801 22 826
2802 32 772
2803 61 801
2804 30 973
2805 33 639
2806 85 676
2807 68 967
2808 63 42
2809 5 506
2810 87 855
2811 61 224
2812 81 257
2813 83 71
2814 43 757
2815 51 828
2816 63 947
2817 3 635
2818 5 12
2819 28 500
2820 45 351
2821 79 384
2822 92 184
2823 87 583
2824 76 677
2825 70 718
2826 82 619
2827 7 815
2828 48 23
2829 2 610
2830 34 587
2831 50 529
2832 77 581
2833 62 833
2834 81 147
2835 33 61
2836 15 55
2837 42 140
2838 5 408
2839 36 494
2840 83 69
2841 73 931
2842 71 10
2843 39 321
2844 23 774
2845 3 393
2846 99 897
2847 96 169
2848 32 187
2849 15 240
2850 88 836
2851 34 574
2852 27 748
2853 34 479
2854 50 979
2855 3 918
2856 73 202
2857 32 621
2858 58 24
2859 64 311
2860 74 218
2861 9 118
2862 44 568
2863 20 900
2864 53 482
2865 22 746
2866 69 192
2867 14 590
2868 11 533
2869 10 624
2870 49 898
2871 80 144
2872 3 220
2873 68 794
2874 4 845
2875 84 92
2876 41 357
2877 62 849
2878 49 524
2879 12 780
2880 69 913
2881 99 130
2882 8 120
2883 37 687
2884 43 853
2885 29 891
2886 53 255
2887 14 1000
2888 69 186
2889 33 457
2890 79 545
2891 83 248
2892 96 937
2893 22 259
2894 75 401
2895 45 91
2896 27 991
2897 58 946
2898 68 762
2899 48 155
2900 40 174
2901 31 989
2902 54 68
2903 80 800
2904 16 405
2905 12 383
2906 92 968
2907 79 147
2908 73 399
2909 27 553
2910 54 568
2911 20 815
2912 6 509
2913 59 386
2914 10 338
2915 30 28
2916 67 60
2917 69 808
2918 67 71
2919 26 329
2920 40 918
2921 95 713
2922 71 352
2923 21 795
2924 91 686
2925 51 790
2926 21 776
2927 91 338
2928 87 454
2929 75 133
2930 65 463
2931 54 955
2932 65 209
2933 16 700
2934 67 683
2935 42 545
2936 32 178
2937 19 348
2938 29 711
2939 80 289
2940 76 947
2941 97 44
2942 4 378
2943 1 436
2944 81 327
2945 51 397
2946 70 975
2947 91 422
2948 28 870
2949 73 689
2950 100 928
2951 45 142
2952 28 496
2953 15 290
2954 70 180
2955 89 328
2956 76 563
2957 58 367
2958 33 951
2959 60 591
2960 95 700
2961 41 764
2962 12 281
2963 85 229
2964 58 139
2965 83 913
2966 89 329
2967 66 390
2968 86 727
2969 84 64
2970 4 352
2971 36 29
2972 7 84
2973 15 510
2974 79 231
2975 74 781
2976 28 395
2977 83 553
2978 98 296
2979 20 899
2980 2 742
2981 68 498
2982 9 723
2983 14 347
2984 31 513
2985 47 107
2986 89 341
2987 56 723
2988 63 358
2989 48 10
2990 15 459
2991 46 506
2992 83 377
2993 61 957
2994 20 518
2995 44 713
2996 39 467
2997 93 123
2998 78 121
2999 54 342
3000 17 460
3001 38 529
3002 4 360
3003 57 59
3004 58 389
3005 2 918
3006 82 862
3007 19 984
3008 23 206
3009 18 503
3010 25 998
3011 57 652
3012 57 461
3013 87 200
3014 71 440
3015 89 468
3016 1 287
3017 7 662
3018 91 111
3019 53 613
3020 54 459
3021 69 490
3022 83 229
3023 47 442
3024 29 446
3025 37 256
3026 32 134
3027 78 172
3028 7 90
3029 38 391
3030 55 818
3031 53 297
3032 60 89
3033 96 152
3034 89 797
3035 38 567
3036 12 124
3037 53 894
3038 17 772
3039 92 982
3040 33 317
3041 31 197
3042 56 617
3043 66 379
3044 14 85
3045 73 215
3046 22 458
3047 63 209
3048 42 99
3049 2 879
3050 87 160
3051 48 936
3052 18 677
3053 77 512
3054 2 661
3055 7 783
3056 86 80
3057 20 327
3058 24 349
3059 53 526
3060 38 191
3061 63 218
3062 57 515
3063 85 891
3064 75 13
3065 56 608
3066 54 741
3067 62 262
3068 60 354
3069 91 644
3070 12 508
3071 3 452
3072 62 658
3073 32 174
3074 35 605
3075 74 180
3076 84 85
3077 97 441
3078 71 3
3079 72 396
3080 44 279
3081 90 257
3082 15 825
3083 38 565
3084 100 316
3085 4 15
3086 84 310
3087 53 80
3088 35 339
3089 37 662
3090 32 94
3091 42 70
3092 88 310
3093 79 292
3094 59 885
3095 17 35
3096 7 385
3097 4 893
3098 76 714
3099 78 284
3100 68 127
3101 17 800
3102 78 9
3103 60 59
3104 78 255
3105 85 371
3106 91 4
3107 88 93
3108 58 90
3109 30 453
3110 89 68
3111 58 657
3112 42 403
3113 10 263
3114 21 472
3115 78 18
3116 95 959
3117 55 397
3118 84 186
3119 73 712
3120 38 888
3121 22 285
3122 86 157
3123 62 154
3124 43 31
3125 68 605
3126 97 169
3127 18 23
3128 93 935
3129 93 958
3130 8 367
3131 52 744
3132 58 858
3133 89 290
3134 24 262
3135 42 288
3136 94 423
3137 28 382
3138 40 246
3139 60 201
3140 87 634
3141 62 653
3142 61 933
3143 20 148
3144 75 528
3145 39 980
3146 95 448
3147 38 210
3148 49 840
3149 22 756
3150 33 815
3151 35 670
3152 80 92
3153 20 431
3154 71 72
3155 36 800
3156 72 772
3157 32 939
3158 100 160
3159 3 252
3160 8 921
3161 48 830
3162 85 182
3163 24 310
3164 87 476
3165 88 119
3166 74 887
3167 96 574
3168 88 735
3169 81 242
3170 53 931
3171 32 84
3172 65 361
3173 82 917
3174 86 771
3175 86 725
3176 37 75
3177 76 798
3178 69 231
3179 54 769
3180 23 891
3181 97 411
3182 24 286
3183 71 941
3184 73 662
3185 34 156
3186 56 875
3187 32 574
3188 69 396
3189 7 978
3190 41 71
3191 46 339
3192 22 573
3193 78 390
3194 19 700
3195 5 436
3196 26 624
3197 71 306
3198 32 104
3199 41 780
3200 60 56
3201 79 338
3202 76 399
3203 50 814
3204 79 651
3205 86 225
3206 14 685
3207 59 209
3208 66 759
3209 49 8
3210 42 333
3211 4 677
3212 92 708
3213 76 61
3214 14 780
3215 45 876
3216 76 620
3217 17 89
3218 91 621
3219 81 28
3220 60 32
3221 4 745
3222 57 378
3223 63 525
3224 60 442
3225 60 477
3226 34 232
3227 50 167
3228 69 32
3229 36 797
3230 21 818
3231 22 115
3232 62 391
3233 49 134
3234 5 592
3235 27 841
3236 12 936
3237 44 671
3238 58 266
3239 91 94
3240 16 357
3241 16 216
3242 55 356
3243 67 87
3244 97 602
3245 46 237
3246 53 707
3247 10 332
3248 28 875
3249 5 133
3250 7 499
3251 41 950
3252 31 812
3253 12 371
3254 85 500
3255 61 125
3256 88 881
3257 100 30
3258 32 805
3259 85 974
3260 82 970
3261 82 796
3262 55 731
3263 63 65
3264 58 128
3265 86 101
3266 57 585
3267 88 393
3268 59 106
3269 82 26
3270 72 545
3271 57 115
3272 17 879
3273 82 211
3274 84 845
3275 31 207
3276 72 677
3277 18 895
3278 12 646
3279 6 259
3280 32 588
3281 19 791
3282 20 129
3283 13 113
3284 94 244
3285 78 843
3286 60 581
3287 32 800
3288 93 504
3289 83 392
3290 50 129
3291 91 180
3292 97 663
3293 78 40
3294 44 617
3295 17 682
3296 96 904
3297 45 13
3298 68 900
3299 78 938
3300 89 642
3301 95 249
3302 32 224
3303 24 779
3304 74 402
3305 47 450
3306 94 515
3307 89 182
3308 100 535
3309 82 22
3310 43 110
3311 84 466
3312 88 380
3313 22 714
3314 93 374
3315 76 245
3316 40 303
3317 16 928
3318 42 106
3319 80 62
3320 5 18
3321 80 306
3322 88 897
3323 65 254
3324 16 584
3325 36 178
3326 86 686
3327 20 253
3328 28 227
3329 74 828
3330 49 300
3331 20 930
3332 35 612
3333 35 135
3334 22 927
3335 55 326
3336 56 432
3337 67 813
3338 98 736
3339 88 899
3340 95 764
3341 60 663
3342 17 604
3343 7 950
3344 42 514
3345 7 941
3346 49 506
3347 66 177
3348 85 488
3349 76 246
3350 94 675
3351 44 276
3352 29 85
3353 83 236
3354 67 145
3355 57 460
3356 53 149
3357 100 503
3358 10 866
3359 27 272
3360 15 411
3361 44 366
3362 2 343
3363 8 19
3364 77 157
3365 70 60
3366 98 766
3367 41 234
3368 11 164
3369 85 916
3370 51 505
3371 58 27
3372 1 790
3373 84 467
3374 24 7
3375 76 669
3376 49 401
3377 51 725
3378 27 766
3379 31 905
3380 81 220
3381 66 453
3382 95 529
3383 65 174
3384 31 58
3385 61 904
3386 26 586
3387 7 575
3388 25 282
3389 39 805
3390 43 553
3391 67 362
3392 8 512
3393 52 99
3394 18 195
3395 83 854
3396 96 76
3397 98 743
3398 9 157
3399 94 863
3400 42 717
3401 53 676
3402 53 645
3403 48 113
3404 22 954
3405 24 150
3406 16 219
3407 18 142
3408 44 810
3409 24 532
3410 18 238
3411 20 810
3412 35 719
3413 24 890
3414 87 525
3415 63 910
3416 40 251
3417 57 927
3418 82 441
3419 25 538
3420 84 618
3421 58 454
3422 8 278
3423 42 658
3424 36 26
3425 73 406
3426 97 141
3427 30 975
3428 83 290
3429 60 603
3430 92 839
3431 48 771
3432 3 851
3433 44 223
3434 26 101
3435 84 499
3436 60 293
3437 78 112
3438 10 810
3439 40 131
3440 57 506
3441 67 254
3442 84 675
3443 71 627
3444 97 856
3445 42 912
3446 52 533
3447 8 691
3448 26 479
3449 87 307
3450 85 671
3451 61 828
3452 80 670
3453 64 304
3454 88 55
3455 14 379
3456 70 649
3457 51 895
3458 15 983
3459 19 206
3460 59 626
3461 65 996
3462 94 365
3463 23 132
3464 7 922
3465 35 208
3466 85 360
3467 56 419
3468 78 627
3469 39 120
3470 14 639
3471 33 307
3472 71 866
3473 68 31
3474 56 660
3475 94 657
3476 74 241
3477 1 194
3478 83 315
3479 83 750
3480 72 793
3481 44 157
3482 97 870
3483 67 296
3484 15 674
3485 74 362
3486 65 659
3487 63 927
3488 23 692
3489 68 357
3490 30 861
3491 91 211
3492 10 657
3493 19 908
3494 35 721
3495 32 471
3496 31 116
3497 34 154
3498 9 177
3499 88 917
3500 32 574
3501 38 221
3502 34 126
3503 24 467
3504 86 308
3505 42 90
3506 48 644
3507 63 16
3508 1 857
3509 35 555
3510 77 985
3511 39 731
3512 37 111
3513 91 37
3514 66 988
3515 61 433
3516 47 121
3517 40 727
3518 97 773
3519 83 706
3520 82 91
3521 50 341
3522 82 395
3523 7 838
3524 69 396
3525 48 889
3526 54 522
3527 65 557
3528 55 519
3529 50 501
3530 50 766
3531 6 486
3532 87 681
3533 45 166
3534 12 667
3535 53 213
3536 90 519
3537 88 396
3538 75 162
3539 75 316
3540 17 498
3541 92 887
3542 31 74
3543 64 252
3544 13 402
3545 62 341
3546 63 34
3547 79 272
3548 63 823
3549 90 860
3550 68 744
3551 30 631
3552 90 316
3553 79 417
3554 8 268
3555 59 524
3556 76 327
3557 23 213
3558 49 167
3559 29 207
3560 55 399
3561 45 383
3562 16 880
3563 58 525
3564 21 313
3565 89 849
3566 32 177
3567 99 20
3568 53 852
3569 7 436
3570 94 886
3571 27 821
3572 37 725
3573 69 511
3574 94 819
3575 34 734
3576 59 653
3577 28 745
3578 19 397
3579 12 96
3580 48 212
3581 52 428
3582 24 88
3583 79 943
3584 8 493
3585 99 228
3586 39 209
3587 50 98
3588 43 992
3589 8 693
3590 65 733
3591 60 366
3592 63 772
3593 32 365
3594 33 556
3595 8 557
3596 14 547
3597 39 106
3598 37 54
3599 92 594
3600 88 381
3601 61 751
3602 82 993
3603 63 459
3604 99 56
3605 11 185
3606 54 513
3607 74 462
3608 87 570
3609 56 136
3610 90 797
3611 83 958
3612 96 778
3613 18 47
3614 34 268
3615 4 936
3616 8 439
3617 72 765
3618 1 438
3619 96 820
3620 63 282
3621 34 408
3622 37 947
3623 60 470
3624 37 613
3625 84 871
3626 87 669
3627 73 530
3628 33 661
3629 10 367
3630 99 990
3631 34 928
3632 25 723
3633 74 343
3634 14 159
3635 1 474
3636 94 447
3637 13 434
3638 70 184
3639 60 275
3640 63 50
3641 69 425
3642 51 285
3643 26 358
3644 7 411
3645 91 796
3646 66 959
3647 83 528
3648 4 211
3649 90 150
3650 34 558
3651 35 78
3652 27 252
3653 30 368
3654 41 541
3655 64 484
3656 76 33
3657 96 521
3658 28 526
3659 80 750
3660 16 969
3661 78 115
3662 60 733
3663 4 648
3664 77 88
3665 59 4
3666 41 576
3667 53 362
3668 65 72
3669 82 197
3670 52 978
3671 97 228
3672 46 632
3673 99 16
3674 85 237
3675 86 588
3676 94 362
3677 61 444
3678 62 203
3679 1 503
3680 20 14
3681 85 349
3682 9 979
3683 71 276
3684 76 36
3685 67 954
3686 19 892
3687 80 649
3688 80 226
3689 86 264
3690 87 741
3691 78 985
3692 93 489
3693 73 292
3694 94 543
3695 40 123
3696 33 974
3697 40 699
3698 5 214
3699 17 728
3700 27 658
3701 54 22
3702 55 347
3703 45 369
3704 48 801
3705 100 667
3706 91 142
3707 97 890
3708 56 925
3709 35 53
3710 1 730
3711 45 486
3712 61 848
3713 19 226
3714 3 142
3715 44 829
3716 88 138
3717 81 151
3718 99 446
3719 94 661
3720 81 889
3721 87 466
3722 19 205
3723 3 800
3724 1 779
3725 65 624
3726 22 243
3727 71 996
3728 95 886
3729 75 508
3730 42 908
3731 93 751
3732 30 896
3733 9 540
3734 100 888
3735 41 870
3736 52 746
3737 20 706
3738 58 128
3739 50 29
3740 98 379
3741 29 90
3742 58 395
3743 33 896
3744 35 615
3745 15 217
3746 66 583
3747 34 493
3748 45 391
3749 24 304
3750 30 185
3751 41 13
3752 100 404
3753 59 5
3754 98 657
3755 85 312
3756 100 185
3757 16 610
3758 41 412
3759 35 769
3760 92 350
3761 67 937
3762 56 462
3763 29 583
3764 45 944
3765 27 781
3766 83 860
3767 9 718
3768 82 25
3769 11 560
3770 78 236
3771 75 187
3772 3 522
3773 93 500
3774 68 943
3775 85 716
3776 15 647
3777 88 839
3778 92 555
3779 45 711
3780 83 644
3781 64 562
3782 27 891
3783 94 444
3784 22 233
3785 85 676
3786 47 239
3787 4 986
3788 70 34
3789 95 990
3790 73 465
3791 12 489
3792 87 402
3793 90 479
3794 52 158
3795 91 846
3796 58 277
3797 56 478
3798 36 846
3799 33 552
3800 61 508
3801 82 335
3802 98 979
3803 4 668
3804 33 19
3805 31 534
3806 67 574
3807 94 586
3808 14 903
3809 56 167
3810 83 603
3811 37 104
3812 100 728
3813 89 461
3814 54 952
3815 43 61
3816 47 989
3817 12 477
3818 84 609
3819 86 508
3820 31 820
3821 82 609
3822 64 337
3823 15 118
3824 57 848
3825 52 630
3826 78 658
3827 69 75
3828 62 323
3829 14 576
3830 89 159
3831 3 658
3832 62 328
3833 78 991
3834 33 23
3835 76 337
3836 40 586
3837 55 639
3838 15 211
3839 6 70
3840 98 437
3841 65 638
3842 69 566
3843 21 109
3844 54 556
3845 33 789
3846 88 767
3847 45 410
3848 82 394
3849 12 785
3850 72 282
3851 59 103
3852 32 95
3853 100 935
3854 97 744
3855 12 672
3856 94 815
3857 35 47
3858 54 875
3859 98 213
3860 47 975
3861 79 504
3862 68 386
3863 86 956
3864 15 770
3865 65 829
3866 50 228
3867 69 537
3868 32 131
3869 90 79
3870 11 876
3871 21 387
3872 95 679
3873 49 564
3874 74 617
3875 46 110
3876 44 830
3877 22 903
3878 38 966
3879 4 95
3880 30 991
3881 95 974
3882 79 452
3883 88 828
3884 75 493
3885 45 314
3886 39 982
3887 94 816
3888 53 351
3889 43 280
3890 73 552
3891 62 389
3892 91 65
3893 13 30
3894 25 695
3895 79 463
3896 5 259
3897 71 743
3898 53 996
3899 29 422
3900 84 582
3901 1 600
3902 65 340
3903 47 930
3904 27 955
3905 92 713
3906 87 210
3907 50 937
3908 22 311
3909 22 692
3910 18 438
3911 68 633
3912 52 59
3913 66 924
3914 54 654
3915 33 542
3916 96 518
3917 26 909
3918 1 541
3919 39 376
3920 98 56
3921 74 329
3922 86 362
3923 71 896
3924 64 89
3925 98 147
3926 39 487
3927 51 625
3928 69 864
3929 24 935
3930 37 85
3931 13 85
3932 89 885
3933 49 887
3934 2 148
3935 61 245
3936 53 885
3937 16 957
3938 81 301
3939 96 170
3940 9 390
3941 81 422
3942 18 837
3943 60 266
3944 61 507
3945 12 463
3946 92 242
3947 45 146
3948 74 276
3949 98 402
3950 3 186
3951 57 682
3952 8 39
3953 47 579
3954 13 400
3955 98 210
3956 73 319
3957 81 35
3958 86 151
3959 59 953
3960 6 369
3961 3 342
3962 11 175
3963 62 244
3964 33 294
3965 14 479
3966 78 845
3967 11 454
3968 75 256
3969 83 286
3970 4 696
3971 20 423
3972 5 676
3973 80 719
3974 40 833
3975 4 677
3976 12 298
3977 77 654
3978 41 585
3979 85 848
3980 24 493
3981 83 362
3982 56 682
3983 61 370
3984 33 278
3985 74 793
3986 96 509
3987 50 683
3988 95 85
3989 66 144
3990 78 773
3991 70 104
3992 73 573
3993 18 444
3994 57 854
3995 51 778
3996 86 150
3997 62 671
3998 61 185
3999 92 17
4000 76 92
498618.5
