5000
1 30 281
2 14 289
3 9 692
4 77 529
5 50 302
6 100 720
7 85 77
8 73 142
9 36 522
10 100 775
11 89 250
12 81 536
13 89 395
14 49 427
15 74 994
16 59 306
17 10 768
18 22 629
19 29 845
20 67 319
21 57 562
22 99 498
23 50 958
24 8 749
25 16 724
26 43 326
27 63 536
28 41 342
29 48 160
30 69 729
31 23 906
32 83 808
33 68 545
34 100 748
35 61 810
36 9 226
37 99 182
38 22 315
39 3 609
40 39 723
41 41 487
42 22 155
43 23 301
44 35 923
45 31 992
46 63 945
47 57 634
48 77 513
49 98 513
50 64 470
51 61 741
52 72 595
53 89 283
54 82 254
55 3 235
56 8 238
57 78 944
58 78 830
59 82 221
60 42 807
61 24 222
62 69 713
63 65 517
64 6 423
65 57 53
66 54 51
67 73 538
68 68 490
69 32 582
70 69 73
71 4 158
72 11 162
73 77 917
74 73 516
75 59 568
76 83 662
77 81 674
78 56 960
79 21 260
80 34 827
81 83 29
82 98 317
83 51 202
84 57 963
85 46 49
86 45 249
87 48 985
88 67 474
89 60 386
90 98 640
91 59 248
92 53 721
93 17 742
94 91 106
95 86 42
96 29 999
97 64 901
98 30 73
99 78 743
100 91 550
101 58 417
102 15 58
103 56 859
104 56 115
105 42 142
106 10 135
107 9 429
108 73 195
109 34 414
110 96 294
111 4 585
112 11 999
113 58 308
114 22 370
115 2 306
116 45 246
117 88 829
118 86 71
119 94 796
120 71 920
121 49 577
122 96 925
123 76 908
124 94 831
125 50 652
126 94 559
127 79 281
128 96 946
129 27 543
130 69 638
131 58 963
132 7 447
133 83 41
134 65 100
135 69 344
136 7 113
137 6 399
138 4 193
139 52 100
140 69 378
141 30 122
142 68 327
143 36 850
144 85 817
145 43 499
146 71 604
147 1 316
148 72 969
149 71 906
150 52 740
151 13 904
152 73 407
153 90 269
154 75 515
155 46 455
156 97 215
157 73 374
158 30 84
159 39 241
160 27 436
161 26 836
162 28 727
163 97 381
164 28 774
165 64 167
166 64 692
167 11 353
168 61 940
169 10 345
170 45 246
171 14 731
172 6 712
173 79 278
174 51 89
175 30 591
176 76 910
177 40 39
178 35 384
179 32 583
180 79 112
181 2 809
182 19 652
183 31 72
184 3 766
185 9 754
186 22 14
187 73 304
188 42 639
189 74 160
190 79 200
191 58 666
192 49 633
193 12 432
194 30 731
195 7 567
196 22 684
197 7 647
198 17 211
199 42 861
200 62 503
201 73 717
202 48 731
203 79 359
204 39 657
205 83 485
206 29 370
207 65 665
208 92 915
209 97 126
210 40 90
211 14 122
212 26 274
213 69 279
214 53 875
215 53 32
216 47 456
217 33 930
218 55 585
219 15 827
220 21 872
221 76 214
222 88 335
223 70 891
224 27 678
225 33 957
226 47 99
227 49 657
228 49 452
229 68 867
230 80 265
231 55 612
232 57 586
233 41 700
234 71 568
235 41 205
236 29 979
237 9 230
238 93 608
239 94 496
240 59 30
241 35 510
242 61 690
243 58 911
244 96 162
245 11 861
246 85 361
247 11 860
248 20 716
249 68 438
250 13 122
251 9 908
252 56 402
253 88 30
254 57 885
255 25 772
256 63 444
257 70 570
258 80 707
259 36 640
260 12 89
261 88 560
262 85 665
263 75 230
264 29 363
265 6 489
266 44 392
267 62 771
268 71 630
269 88 256
270 93 300
271 83 39
272 9 457
273 77 868
274 57 290
275 22 894
276 1 470
277 63 266
278 21 769
279 65 665
280 90 61
281 80 378
282 13 529
283 43 646
284 25 60
285 22 635
286 10 81
287 23 756
288 91 469
289 39 680
290 33 725
291 47 5
292 32 626
293 98 275
294 75 494
295 47 415
296 38 278
297 51 415
298 46 161
299 78 246
300 55 67
301 10 336
302 82 155
303 13 83
304 72 372
305 25 683
306 74 544
307 92 485
308 4 225
309 31 788
310 11 26
311 21 295
312 15 151
313 64 47
314 93 514
315 73 968
316 52 217
317 68 135
318 6 815
319 53 431
320 58 797
321 3 818
322 79 698
323 97 52
324 59 724
325 47 909
326 20 582
327 69 3
328 68 76
329 91 377
330 37 508
331 80 709
332 53 880
333 97 760
334 93 709
335 73 526
336 41 895
337 56 101
338 98 431
339 90 795
340 80 519
341 27 362
342 51 71
343 80 129
344 92 756
345 14 898
346 18 930
347 31 735
348 11 557
349 82 815
350 95 990
351 1 285
352 32 242
353 45 673
354 42 562
355 87 66
356 51 45
357 98 202
358 18 525
359 74 65
360 97 519
361 10 868
362 8 426
363 34 987
364 94 582
365 80 955
366 35 592
367 43 722
368 63 575
369 35 87
370 26 870
371 29 365
372 49 550
373 50 647
374 12 785
375 52 287
376 56 115
377 94 593
378 93 701
379 41 860
380 18 560
381 46 436
382 46 284
383 85 429
384 73 634
385 14 557
386 35 832
387 93 291
388 65 324
389 5 267
390 5 371
391 63 810
392 1 850
393 84 989
394 90 771
395 21 652
396 43 473
397 58 803
398 49 44
399 50 958
400 76 603
401 43 979
402 30 366
403 67 925
404 11 129
405 20 49
406 66 953
407 80 943
408 56 254
409 34 562
410 26 74
411 34 929
412 91 12
413 50 224
414 22 121
415 73 546
416 31 372
417 36 214
418 42 811
419 36 946
420 83 332
421 4 167
422 5 309
423 69 106
424 84 915
425 44 166
426 71 70
427 100 425
428 3 465
429 27 331
430 62 567
431 58 896
432 27 580
433 1 530
434 13 910
435 79 776
436 73 971
437 22 451
438 8 695
439 84 897
440 8 227
441 49 176
442 10 96
443 90 378
444 51 895
445 81 782
446 5 363
447 97 535
448 54 673
449 47 138
450 39 822
451 7 50
452 49 854
453 38 857
454 30 811
455 57 907
456 44 631
457 47 701
458 91 315
459 52 120
460 80 57
461 20 583
462 84 218
463 67 506
464 67 499
465 52 415
466 20 50
467 58 895
468 13 565
469 41 804
470 99 529
471 81 331
472 69 193
473 79 175
474 37 949
475 24 309
476 72 568
477 89 24
478 4 626
479 89 739
480 6 115
481 57 210
482 24 618
483 55 144
484 3 346
485 38 58
486 91 434
487 41 623
488 10 933
489 45 896
490 30 571
491 6 372
492 17 691
493 38 567
494 65 617
495 74 604
496 36 518
497 67 582
498 36 763
499 96 384
500 36 726
501 8 850
502 11 189
503 92 210
504 8 821
505 58 291
506 14 696
507 45 130
508 86 259
509 42 649
510 36 669
511 92 329
512 38 61
513 52 814
514 93 102
515 34 999
516 83 41
517 91 293
518 19 49
519 4 944
520 76 267
521 62 58
522 53 527
523 50 441
524 19 227
525 31 718
526 25 962
527 54 452
528 22 406
529 14 574
530 46 973
531 89 649
532 68 362
533 33 789
534 33 473
535 95 100
536 47 961
537 43 389
538 94 205
539 84 517
540 17 301
541 9 752
542 84 612
543 92 942
544 61 420
545 95 115
546 52 141
547 36 311
548 66 951
549 62 125
550 48 613
551 27 652
552 53 405
553 98 416
554 70 551
555 49 677
556 78 598
557 51 947
558 93 740
559 77 609
560 97 24
561 55 415
562 77 332
563 23 893
564 47 687
565 57 486
566 68 379
567 82 569
568 97 320
569 34 179
570 36 122
571 26 635
572 9 949
573 63 969
574 22 85
575 35 729
576 21 902
577 66 622
578 40 665
579 54 753
580 45 27
581 12 228
582 47 665
583 93 96
584 66 732
585 67 223
586 22 559
587 86 689
588 70 851
589 49 500
590 36 965
591 68 58
592 78 215
593 85 902
594 100 487
595 72 828
596 49 277
597 42 791
598 69 7
599 4 453
600 93 666
601 63 797
602 63 322
603 21 896
604 99 917
605 54 811
606 83 359
607 49 464
608 99 845
609 100 244
610 39 228
611 18 29
612 25 189
613 46 373
614 66 906
615 53 624
616 25 319
617 32 67
618 41 848
619 50 435
620 63 252
621 78 664
622 49 408
623 10 232
624 2 461
625 4 3
626 7 914
627 24 788
628 81 188
629 98 612
630 52 440
631 82 810
632 39 136
633 78 750
634 69 453
635 11 150
636 67 596
637 27 879
638 75 459
639 75 679
640 20 534
641 64 937
642 45 384
643 53 240
644 30 813
645 68 188
646 43 141
647 6 279
648 64 254
649 49 371
650 27 534
651 63 861
652 62 643
653 55 607
654 47 551
655 27 723
656 64 190
657 27 585
658 34 4
659 94 105
660 81 153
661 94 709
662 48 219
663 78 962
664 79 218
665 19 459
666 85 241
667 22 207
668 17 322
669 7 876
670 46 415
671 85 842
672 20 769
673 33 117
674 95 838
675 8 996
676 5 510
677 4 950
678 61 760
679 61 566
680 3 688
681 84 240
682 15 556
683 70 270
684 22 38
685 84 58
686 56 353
687 72 74
688 37 146
689 81 892
690 95 148
691 23 416
692 87 492
693 24 238
694 71 929
695 72 189
696 44 706
697 100 212
698 49 287
699 58 663
700 6 83
701 59 549
702 3 107
703 25 668
704 53 817
705 30 35
706 27 524
707 67 353
708 28 673
709 57 321
710 45 179
711 16 786
712 42 453
713 6 127
714 79 734
715 61 868
716 13 293
717 65 641
718 80 95
719 19 23
720 30 329
721 42 308
722 91 366
723 62 68
724 93 315
725 55 975
726 26 298
727 49 215
728 93 984
729 21 656
730 49 635
731 80 123
732 89 670
733 91 806
734 7 952
735 56 436
736 95 43
737 48 408
738 79 703
739 15 872
740 89 364
741 50 299
742 39 157
743 47 718
744 12 383
745 22 38
746 84 573
747 5 767
748 69 326
749 70 389
750 94 141
751 66 303
752 53 926
753 73 981
754 91 76
755 45 764
756 37 497
757 30 315
758 25 898
759 29 881
760 95 64
761 87 427
762 14 498
763 75 274
764 3 536
765 93 729
766 57 469
767 52 143
768 100 835
769 30 682
770 34 152
771 1 26
772 28 379
773 4 433
774 89 229
775 84 209
776 81 586
777 1 113
778 2 255
779 19 279
780 3 267
781 69 61
782 75 891
783 22 963
784 13 472
785 51 176
786 81 230
787 5 820
788 43 231
789 84 917
790 39 569
791 79 619
792 74 677
793 77 125
794 85 682
795 17 150
796 77 913
797 35 978
798 91 15
799 95 216
800 5 385
801 97 144
802 12 677
803 13 394
804 74 974
805 27 285
806 97 325
807 50 795
808 24 887
809 30 806
810 43 895
811 39 68
812 82 952
813 40 931
814 54 375
815 12 162
816 8 171
817 54 900
818 68 871
819 52 795
820 96 553
821 89 960
822 45 415
823 28 213
824 2 995
825 33 392
826 99 627
827 11 853
828 21 840
829 84 776
830 47 118
831 69 572
832 51 397
833 3 311
834 72 721
835 65 524
836 29 323
837 54 881
838 79 486
839 81 116
840 80 472
841 18 417
842 42 250
843 66 625
844 12 315
845 90 860
846 23 360
847 69 810
848 36 183
849 82 363
850 25 738
851 46 139
852 24 918
853 9 885
854 64 488
855 72 536
856 37 26
857 73 965
858 23 92
859 82 520
860 76 439
861 44 479
862 42 257
863 63 4
864 5 610
865 2 805
866 97 365
867 27 132
868 69 973
869 76 420
870 10 654
871 50 52
872 46 807
873 10 422
874 65 604
875 19 226
876 100 975
877 78 357
878 9 743
879 80 189
880 32 778
881 69 60
882 42 289
883 56 220
884 33 960
885 7 579
886 54 184
887 15 191
888 4 517
889 84 437
890 73 760
891 58 862
892 72 100
893 1 486
894 17 134
895 47 282
896 60 869
897 34 527
898 21 985
899 90 54
900 64 628
901 43 277
902 94 38
903 54 307
904 34 711
905 70 177
906 15 666
907 84 443
908 13 824
909 15 506
910 82 475
911 48 920
912 71 749
913 27 179
914 79 684
915 74 221
916 98 856
917 39 521
918 42 252
919 93 374
920 23 849
921 12 667
922 69 627
923 69 315
924 50 404
925 50 982
926 99 492
927 71 773
928 28 360
929 92 282
930 45 788
931 68 469
932 12 957
933 56 898
934 98 647
935 86 462
936 73 740
937 16 994
938 19 411
939 56 430
940 12 758
941 57 912
942 3 877
943 51 135
944 28 886
945 64 298
946 82 340
947 49 571
948 37 261
949 91 957
950 84 209
951 53 550
952 22 84
953 56 706
954 91 399
955 97 535
956 82 220
957 96 228
958 46 921
959 79 156
960 14 579
961 8 626
962 26 232
963 33 377
964 47 685
965 49 625
966 21 351
967 89 961
968 85 309
969 85 698
970 10 709
971 89 601
972 40 484
973 81 644
974 37 946
975 99 323
976 54 883
977 51 184
978 40 515
979 80 100
980 62 352
981 27 712
982 93 178
983 65 182
984 18 330
985 26 47
986 51 726
987 57 436
988 13 497
989 44 906
990 76 632
991 11 466
992 15 813
993 67 51
994 86 610
995 28 65
996 24 687
997 73 547
998 98 491
999 24 791
1000 33 43
1001 13 502
1002 81 349
1003 69 281
1004 36 545
1005 8 316
1006 25 470
1007 14 174
1008 71 107
1009 3 143
1010 7 17
1011 59 774
1012 54 612
1013 30 102
1014 79 368
1015 82 535
1016 78 140
1017 85 577
1018 26 107
1019 70 618
1020 80 814
1021 31 16
1022 86 978
1023 85 804
1024 59 743
1025 22 730
1026 38 548
1027 22 432
1028 4 533
1029 56 853
1030 35 874
1031 91 415
1032 38 756
1033 86 879
1034 83 447
1035 70 895
1036 31 76
1037 82 446
1038 27 115
1039 12 661
1040 75 731
1041 83 360
1042 78 700
1043 95 856
1044 31 904
1045 86 744
1046 45 995
1047 35 213
1048 42 991
1049 59 808
1050 74 371
1051 73 358
1052 52 507
1053 1 335
1054 10 77
1055 47 889
1056 84 673
1057 16 479
1058 30 125
1059 59 640
1060 33 764
1061 1 376
1062 67 171
1063 63 597
1064 30 153
1065 100 658
1066 68 766
1067 16 593
1068 59 437
1069 14 965
1070 54 93
1071 53 218
1072 93 621
1073 84 527
1074 100 388
1075 53 409
1076 28 914
1077 12 454
1078 7 39
1079 70 582
1080 45 856
1081 42 424
1082 24 534
1083 4 678
1084 36 280
1085 39 631
1086 31 280
1087 48 782
1088 55 519
1089 40 845
1090 27 512
1091 99 401
1092 87 999
1093 53 242
1094 42 780
1095 92 782
1096 27 89
1097 61 736
1098 22 62
1099 51 332
1100 47 138
1101 39 849
1102 80 379
1103 99 196
1104 34 923
1105 26 646
1106 59 112
1107 93 406
1108 29 728
1109 37 395
1110 41 839
1111 20 99
1112 21 85
1113 60 3
1114 37 654
1115 88 732
1116 29 799
1117 87 396
1118 82 247
1119 78 317
1120 58 163
1121 15 157
1122 10 294
1123 48 814
1124 77 326
1125 20 510
1126 56 934
1127 57 178
1128 64 496
1129 35 432
1130 65 449
1131 62 434
1132 75 368
1133 41 794
1134 81 566
1135 46 315
1136 75 313
1137 34 755
1138 31 509
1139 44 432
1140 25 53
1141 6 65
1142 89 373
1143 67 83
1144 10 287
1145 3 442
1146 32 207
1147 94 493
1148 41 438
1149 41 527
1150 15 331
1151 88 3
1152 58 472
1153 49 141
1154 27 60
1155 67 172
1156 92 550
1157 26 522
1158 41 289
1159 17 325
1160 55 866
1161 14 990
1162 37 39
1163 51 14
1164 88 377
1165 80 830
1166 88 905
1167 51 131
1168 16 610
1169 49 968
1170 39 641
1171 18 5
1172 36 373
1173 24 456
1174 26 202
1175 98 963
1176 59 434
1177 31 895
1178 61 711
1179 85 379
1180 63 165
1181 32 432
1182 59 871
1183 12 422
1184 27 43
1185 49 669
1186 37 621
1187 42 750
1188 73 375
1189 15 719
1190 4 682
1191 94 74
1192 86 76
1193 90 6
1194 27 714
1195 17 693
1196 1 402
1197 6 696
1198 63 992
1199 62 954
1200 40 484
1201 93 303
1202 87 833
1203 10 648
1204 75 336
1205 53 1000
1206 62 544
1207 69 628
1208 50 351
1209 71 523
1210 2 34
1211 90 777
1212 35 979
1213 7 578
1214 29 318
1215 65 869
1216 56 940
1217 21 370
1218 40 582
1219 68 355
1220 59 665
1221 67 837
1222 51 293
1223 92 778
1224 99 232
1225 21 591
1226 8 446
1227 8 864
1228 29 99
1229 60 610
1230 3 85
1231 11 847
1232 13 294
1233 71 162
1234 60 695
1235 37 778
1236 19 678
1237 30 536
1238 10 647
1239 39 19
1240 78 405
1241 45 845
1242 15 594
1243 93 837
1244 64 568
1245 94 865
1246 49 701
1247 43 998
1248 65 979
1249 2 202
1250 44 782
1251 63 208
1252 68 425
1253 18 996
1254 62 501
1255 98 691
1256 13 70
1257 68 349
1258 18 755
1259 87 706
1260 37 242
1261 7 250
1262 63 701
1263 96 17
1264 22 618
1265 63 587
1266 12 347
1267 68 138
1268 47 803
1269 39 444
1270 79 197
1271 78 308
1272 14 942
1273 63 522
1274 6 727
1275 1 500
1276 26 126
1277 28 172
1278 61 392
1279 81 33
1280 13 342
1281 26 101
1282 42 448
1283 51 524
1284 25 239
1285 17 493
1286 26 278
1287 29 872
1288 92 737
1289 98 794
1290 46 233
1291 82 783
1292 55 741
1293 6 293
1294 20 921
1295 93 621
1296 72 95
1297 94 119
1298 67 637
1299 80 90
1300 12 535
1301 84 196
1302 93 793
1303 77 26
1304 91 552
1305 72 314
1306 73 284
1307 56 784
1308 53 78
1309 93 321
1310 93 358
1311 79 483
1312 30 657
1313 70 130
1314 42 456
1315 93 658
1316 87 615
1317 53 901
1318 56 967
1319 69 687
1320 20 822
1321 95 439
1322 55 161
1323 52 828
1324 58 310
1325 78 888
1326 16 634
1327 10 455
1328 67 852
1329 24 887
1330 71 647
1331 96 670
1332 80 83
1333 10 930
1334 84 758
1335 94 504
1336 62 893
1337 7 909
1338 45 928
1339 26 643
1340 78 638
1341 78 289
1342 82 132
1343 93 400
1344 53 982
1345 38 312
1346 54 382
1347 92 674
1348 59 152
1349 59 718
1350 13 809
1351 86 741
1352 11 191
1353 64 134
1354 79 688
1355 40 274
1356 34 365
1357 18 251
1358 62 867
1359 17 679
1360 79 382
1361 67 650
1362 93 130
1363 60 182
1364 57 663
1365 14 358
1366 62 286
1367 38 543
1368 16 269
1369 79 306
1370 64 748
1371 78 265
1372 4 900
1373 32 335
1374 98 177
1375 92 91
1376 97 489
1377 61 479
1378 32 230
1379 38 535
1380 98 824
1381 79 721
1382 45 360
1383 12 960
1384 8 887
1385 89 206
1386 37 939
1387 69 484
1388 78 622
1389 27 760
1390 89 966
1391 97 935
1392 17 447
1393 34 315
1394 43 535
1395 3 441
1396 60 405
1397 28 478
1398 56 170
1399 24 697
1400 99 311
1401 48 870
1402 65 883
1403 87 873
1404 39 508
1405 40 142
1406 59 943
1407 43 857
1408 73 340
1409 70 815
1410 24 281
1411 37 583
1412 5 868
1413 41 948
1414 59 283
1415 74 750
1416 94 872
1417 8 585
1418 75 635
1419 36 694
1420 28 638
1421 72 244
1422 53 274
1423 48 973
1424 83 910
1425 88 715
1426 95 674
1427 72 11
1428 78 652
1429 90 461
1430 58 436
1431 85 786
1432 26 815
1433 36 202
1434 71 587
1435 83 414
1436 53 428
1437 80 752
1438 2 903
1439 11 476
1440 6 677
1441 49 565
1442 3 208
1443 27 600
1444 88 121
1445 72 904
1446 87 5
1447 81 583
1448 55 907
1449 77 159
1450 66 121
1451 46 367
1452 70 48
1453 82 260
1454 53 339
1455 90 111
1456 94 987
1457 38 219
1458 37 4
1459 55 103
1460 84 867
1461 14 20
1462 80 675
1463 55 527
1464 70 912
1465 4 344
1466 32 305
1467 11 835
1468 34 436
1469 5 569
1470 40 239
1471 15 221
1472 8 150
1473 84 680
1474 88 738
1475 8 125
1476 63 171
1477 79 135
1478 100 211
1479 34 377
1480 88 833
1481 91 840
1482 28 712
1483 24 210
1484 27 719
1485 60 341
1486 67 738
1487 21 687
1488 75 453
1489 36 832
1490 21 661
1491 29 239
1492 61 253
1493 99 974
1494 74 732
1495 78 452
1496 48 258
1497 24 362
1498 69 508
1499 48 97
1500 73 961
1501 10 27
1502 62 415
1503 61 551
1504 17 418
1505 55 480
1506 12 63
1507 95 644
1508 21 863
1509 100 789
1510 40 880
1511 27 519
1512 6 353
1513 41 580
1514 90 37
1515 80 857
1516 87 474
1517 35 149
1518 22 303
1519 29 576
1520 92 690
1521 84 953
1522 15 744
1523 33 926
1524 26 482
1525 10 107
1526 16 125
1527 26 470
1528 34 637
1529 94 793
1530 22 614
1531 31 955
1532 97 375
1533 15 575
1534 73 954
1535 3 944
1536 30 66
1537 75 447
1538 71 981
1539 19 932
1540 90 859
1541 47 834
1542 1 297
1543 97 352
1544 96 467
1545 9 344
1546 11 902
1547 47 413
1548 31 939
1549 42 602
1550 62 534
1551 17 499
1552 80 233
1553 44 595
1554 77 291
1555 48 293
1556 57 507
1557 67 599
1558 90 251
1559 70 999
1560 42 856
1561 91 922
1562 32 937
1563 69 570
1564 6 867
1565 24 683
1566 3 694
1567 29 520
1568 76 246
1569 73 651
1570 100 521
1571 66 857
1572 29 264
1573 88 76
1574 64 868
1575 42 311
1576 64 625
1577 72 196
1578 58 587
1579 8 108
1580 11 460
1581 91 138
1582 22 511
1583 35 177
1584 21 629
1585 13 29
1586 58 390
1587 29 542
1588 41 993
1589 62 845
1590 86 445
1591 49 396
1592 76 123
1593 39 158
1594 70 483
1595 35 536
1596 11 999
1597 19 879
1598 25 936
1599 21 792
1600 70 969
1601 67 218
1602 44 264
1603 85 4
1604 23 949
1605 43 225
1606 63 328
1607 37 727
1608 32 513
1609 1 25
1610 41 390
1611 40 146
1612 99 185
1613 44 952
1614 78 540
1615 68 533
1616 87 83
1617 15 134
1618 32 529
1619 62 671
1620 88 55
1621 78 127
1622 44 551
1623 13 205
1624 85 7
1625 48 586
1626 25 249
1627 45 690
1628 36 819
1629 71 334
1630 8 309
1631 91 927
1632 9 304
1633 60 404
1634 82 636
1635 19 70
1636 55 948
1637 25 978
1638 74 127
1639 16 332
1640 11 352
1641 73 472
1642 46 41
1643 94 24
1644 72 183
1645 89 248
1646 4 21
1647 84 405
1648 96 979
1649 11 798
1650 34 882
1651 45 927
1652 63 894
1653 81 704
1654 63 314
1655 1 886
1656 36 265
1657 28 727
1658 80 586
1659 19 194
1660 57 206
1661 3 844
1662 12 618
1663 85 682
1664 71 785
1665 5 896
1666 92 797
1667 30 552
1668 29 238
1669 45 776
1670 39 872
1671 88 214
1672 55 842
1673 20 345
1674 63 850
1675 97 311
1676 50 518
1677 77 274
1678 41 598
1679 46 194
1680 69 609
1681 51 181
1682 30 569
1683 51 648
1684 52 697
1685 81 439
1686 54 889
1687 17 85
1688 45 744
1689 14 71
1690 33 903
1691 88 358
1692 91 104
1693 45 544
1694 26 588
1695 87 746
1696 12 344
1697 78 988
1698 44 841
1699 76 228
1700 96 386
1701 38 37
1702 70 742
1703 29 668
1704 1 68
1705 49 319
1706 89 585
1707 67 593
1708 24 420
1709 81 552
1710 6 274
1711 71 264
1712 87 427
1713 79 536
1714 1 283
1715 54 486
1716 29 371
1717 28 871
1718 18 809
1719 32 285
1720 85 785
1721 87 248
1722 72 803
1723 97 328
1724 41 821
1725 84 891
1726 61 714
1727 26 563
1728 26 732
1729 85 210
1730 52 904
1731 97 608
1732 27 313
1733 10 263
1734 74 370
1735 40 22
1736 78 451
1737 71 172
1738 89 6
1739 2 736
1740 87 621
1741 71 161
1742 23 489
1743 42 802
1744 64 536
1745 21 16
1746 90 786
1747 65 841
1748 40 475
1749 40 173
1750 25 91
1751 58 857
1752 97 83
1753 48 616
1754 63 168
1755 93 641
1756 60 569
1757 21 379
1758 9 350
1759 100 702
1760 18 15
1761 54 654
1762 97 125
1763 2 223
1764 52 784
1765 6 744
1766 61 565
1767 97 525
1768 28 240
1769 73 444
1770 82 92
1771 79 162
1772 72 934
1773 49 848
1774 19 518
1775 60 854
1776 21 873
1777 41 621
1778 10 467
1779 18 710
1780 75 505
1781 71 891
1782 3 463
1783 6 913
1784 51 16
1785 38 321
1786 76 132
1787 46 698
1788 59 847
1789 76 450
1790 22 177
1791 19 397
1792 92 271
1793 83 196
1794 63 721
1795 79 386
1796 82 593
1797 58 683
1798 69 105
1799 96 547
1800 61 154
1801 15 372
1802 87 644
1803 50 126
1804 42 390
1805 59 870
1806 20 859
1807 43 572
1808 40 670
1809 10 379
1810 11 739
1811 92 937
1812 29 881
1813 49 276
1814 98 811
1815 17 587
1816 61 52
1817 69 648
1818 81 206
1819 43 92
1820 61 874
1821 81 622
1822 37 425
1823 86 362
1824 23 809
1825 78 440
1826 36 113
1827 12 375
1828 3 630
1829 21 250
1830 11 379
1831 33 805
1832 64 795
1833 56 538
1834 26 162
1835 76 888
1836 60 211
1837 91 512
1838 1 640
1839 66 928
1840 17 749
1841 59 583
1842 53 989
1843 92 483
1844 15 702
1845 45 770
1846 44 199
1847 56 219
1848 16 421
1849 46 128
1850 90 404
1851 45 780
1852 26 7
1853 2 515
1854 4 180
1855 26 913
1856 99 865
1857 57 734
1858 79 446
1859 27 781
1860 41 705
1861 7 68
1862 72 249
1863 85 971
1864 1 928
1865 65 603
1866 43 385
1867 34 403
1868 25 450
1869 13 292
1870 47 654
1871 64 744
1872 20 397
1873 81 941
1874 48 873
1875 20 806
1876 90 630
1877 95 242
1878 53 411
1879 54 564
1880 5 986
1881 62 403
1882 1 668
1883 73 493
1884 85 361
1885 92 607
1886 31 666
1887 90 566
1888 5 999
1889 86 619
1890 65 656
1891 86 893
1892 58 383
1893 86 431
1894 35 961
1895 15 275
1896 92 930
1897 66 71
1898 63 57
1899 6 479
1900 92 965
1901 5 343
1902 32 889
1903 85 372
1904 90 761
1905 30 362
1906 84 136
1907 12 412
1908 80 204
1909 49 752
1910 11 96
1911 50 111
1912 64 633
1913 76 344
1914 19 6
1915 12 269
1916 35 296
1917 74 670
1918 96 13
1919 97 532
1920 43 490
1921 79 85
1922 44 342
1923 50 818
1924 9 322
1925 40 64
1926 36 626
1927 53 685
1928 58 102
1929 11 578
1930 18 634
1931 2 955
1932 5 262
1933 79 879
1934 9 194
1935 43 832
1936 20 693
1937 18 602
1938 85 504
1939 45 417
1940 39 828
1941 85 985
1942 41 427
1943 22 490
1944 87 519
1945 90 278
1946 75 529
1947 32 166
1948 50 310
1949 90 307
1950 1 485
1951 51 850
1952 87 43
1953 63 812
1954 28 966
1955 97 44
1956 37 841
1957 10 488
1958 44 673
1959 49 717
1960 16 889
1961 64 919
1962 63 48
1963 26 929
1964 6 552
1965 66 388
1966 93 916
1967 39 76
1968 39 842
1969 4 315
1970 3 951
1971 34 304
1972 26 862
1973 38 661
1974 70 545
1975 36 266
1976 3 418
1977 51 173
1978 78 38
1979 56 147
1980 53 375
1981 27 819
1982 29 945
1983 82 426
1984 51 675
1985 69 465
1986 54 414
1987 49 888
1988 98 673
1989 45 782
1990 41 294
1991 89 149
1992 69 386
1993 69 185
1994 64 640
1995 64 286
1996 47 628
1997 21 89
1998 45 958
1999 25 938
2000 42 426
2001 100 992
2002 25 609
2003 37 536
2004 13 527
2005 7 898
2006 84 652
2007 21 959
2008 10 933
2009 5 143
2010 11 402
2011 37 25
2012 35 421
2013 89 768
2014 30 185
2015 14 337
2016 100 185
2017 65 856
2018 80 632
2019 36 699
2020 20 922
2021 68 502
2022 19 750
2023 77 389
2024 50 806
2025 69 545
2026 9 95
2027 82 215
2028 46 670
2029 4 93
2030 55 38
2031 1 52
2032 46 321
2033 86 439
2034 56 36
2035 97 444
2036 67 275
2037 9 509
2038 90 337
2039 91 481
2040 11 25
2041 58 721
2042 55 684
2043 45 495
2044 95 669
2045 12 684
2046 73 228
2047 7 399
2048 42 891
2049 3 698
2050 100 299
2051 71 515
2052 14 426
2053 9 744
2054 67 207
2055 23 17
2056 43 910
2057 24 341
2058 45 714
2059 91 642
2060 95 924
2061 48 692
2062 92 914
2063 91 614
2064 17 689
2065 97 25
2066 35 842
2067 79 990
2068 46 776
2069 74 613
2070 85 287
2071 71 961
2072 99 718
2073 32 76
2074 5 401
2075 34 988
2076 42 912
2077 98 296
2078 12 554
2079 20 796
2080 56 847
2081 78 481
2082 19 485
2083 8 33
2084 69 290
2085 94 280
2086 44 185
2087 91 428
2088 58 823
2089 76 322
2090 95 125
2091 89 770
2092 21 761
2093 22 44
2094 15 537
2095 54 691
2096 11 398
2097 32 760
2098 72 19
2099 43 404
2100 12 642
2101 31 353
2102 45 608
2103 4 780
2104 36 896
2105 72 42
2106 71 738
2107 75 878
2108 57 217
2109 83 681
2110 55 461
2111 95 709
2112 40 436
2113 97 981
2114 59 663
2115 16 61
2116 37 501
2117 56 607
2118 74 889
2119 78 10
2120 49 256
2121 93 761
2122 94 189
2123 61 784
2124 40 176
2125 33 349
2126 75 851
2127 46 112
2128 94 381
2129 3 999
2130 96 866
2131 37 733
2132 81 161
2133 93 608
2134 70 942
2135 50 834
2136 88 607
2137 72 989
2138 61 706
2139 10 835
2140 10 997
2141 62 75
2142 55 166
2143 90 216
2144 71 214
2145 24 543
2146 66 810
2147 16 215
2148 45 550
2149 46 831
2150 68 833
2151 93 476
2152 3 208
2153 29 269
2154 64 858
2155 91 260
2156 72 532
2157 56 596
2158 32 519
2159 3 898
2160 41 16
2161 26 5
2162 50 304
2163 59 173
2164 60 426
2165 76 415
2166 56 832
2167 87 984
2168 64 18
2169 2 330
2170 94 631
2171 73 846
2172 23 363
2173 67 555
2174 49 808
2175 15 973
2176 47 122
2177 61 730
2178 29 912
2179 3 376
2180 49 982
2181 28 670
2182 42 631
2183 34 904
2184 93 575
2185 69 590
2186 15 342
2187 75 940
2188 11 559
2189 23 956
2190 9 109
2191 14 658
2192 95 571
2193 42 569
2194 84 208
2195 52 893
2196 100 541
2197 36 445
2198 12 840
2199 55 799
2200 97 581
2201 59 723
2202 94 419
2203 13 606
2204 72 304
2205 26 986
2206 8 296
2207 47 24
2208 98 516
2209 97 287
2210 96 358
2211 56 198
2212 82 528
2213 41 313
2214 6 150
2215 92 829
2216 28 18
2217 36 165
2218 42 319
2219 97 322
2220 1 229
2221 34 119
2222 49 562
2223 81 237
2224 52 304
2225 18 717
2226 11 453
2227 34 54
2228 8 804
2229 14 915
2230 14 187
2231 33 189
2232 41 712
2233 48 248
2234 34 810
2235 97 914
2236 40 961
2237 11 816
2238 94 791
2239 32 695
2240 99 412
2241 18 824
2242 48 728
2243 96 377
2244 81 347
2245 43 341
2246 82 739
2247 50 296
2248 49 148
2249 71 996
2250 39 701
2251 94 389
2252 7 416
2253 52 354
2254 34 542
2255 2 430
2256 75 579
2257 67 404
2258 90 855
2259 15 131
2260 32 406
2261 71 457
2262 4 551
2263 27 775
2264 71 965
2265 22 580
2266 51 836
2267 17 685
2268 43 719
2269 5 945
2270 80 558
2271 60 731
2272 40 401
2273 22 304
2274 73 762
2275 45 698
2276 22 224
2277 83 688
2278 81 886
2279 23 529
2280 42 850
2281 32 428
2282 40 655
2283 20 950
2284 85 975
2285 59 693
2286 39 700
2287 96 113
2288 74 409
2289 75 23
2290 6 320
2291 34 780
2292 30 781
2293 80 24
2294 32 379
2295 24 775
2296 51 393
2297 59 977
2298 39 603
2299 34 954
2300 34 616
2301 53 460
2302 49 763
2303 94 676
2304 18 909
2305 73 736
2306 87 196
2307 22 477
2308 74 41
2309 20 353
2310 29 205
2311 3 414
2312 94 613
2313 62 911
2314 22 354
2315 29 303
2316 72 271
2317 97 89
2318 99 635
2319 55 696
2320 79 772
2321 29 873
2322 87 116
2323 18 144
2324 20 187
2325 32 925
2326 46 279
2327 24 128
2328 25 245
2329 3 197
2330 40 398
2331 58 967
2332 85 429
2333 57 742
2334 47 720
2335 84 322
2336 80 853
2337 78 138
2338 33 458
2339 2 636
2340 28 715
2341 33 406
2342 42 272
2343 52 538
2344 38 267
2345 49 602
2346 89 814
2347 54 719
2348 80 503
2349 53 593
2350 41 871
2351 63 524
2352 1 277
2353 50 771
2354 59 697
2355 43 854
2356 79 653
2357 68 744
2358 57 990
2359 89 914
2360 71 94
2361 22 589
2362 38 413
2363 98 15
2364 22 296
2365 51 153
2366 67 90
2367 87 93
2368 59 790
2369 35 495
2370 48 691
2371 9 446
2372 61 931
2373 58 833
2374 1 540
2375 97 633
2376 66 494
2377 42 222
2378 11 663
2379 96 84
2380 10 407
2381 50 420
2382 64 909
2383 20 712
2384 6 38
2385 32 27
2386 92 434
2387 99 128
2388 82 783
2389 65 732
2390 55 899
2391 35 813
2392 71 844
2393 27 753
2394 58 128
2395 1 186
2396 87 976
2397 18 203
2398 56 326
2399 61 865
2400 90 761
2401 24 709
2402 74 345
2403 38 646
2404 41 541
2405 74 608
2406 15 261
2407 79 388
2408 97 88
2409 30 210
2410 74 356
2411 90 610
2412 29 524
2413 59 449
2414 76 941
2415 72 26
2416 88 207
2417 79 728
2418 30 338
2419 4 444
2420 81 492
2421 99 446
2422 59 27
2423 31 414
2424 88 214
2425 5 572
2426 14 724
2427 20 411
2428 31 998
2429 76 40
2430 21 896
2431 1 261
2432 55 633
2433 76 934
2434 82 781
2435 39 51
2436 23 589
2437 55 543
2438 35 231
2439 47 810
2440 79 442
2441 93 118
2442 34 869
2443 14 223
2444 42 341
2445 79 406
2446 63 381
2447 86 221
2448 40 635
2449 33 986
2450 21 527
2451 29 565
2452 12 435
2453 74 571
2454 61 553
2455 23 687
2456 7 139
2457 13 784
2458 19 428
2459 7 742
2460 7 49
2461 82 62
2462 67 64
2463 37 417
2464 2 169
2465 69 260
2466 19 771
2467 93 518
2468 27 872
2469 69 826
2470 15 38
2471 39 141
2472 86 858
2473 48 555
2474 42 59
2475 39 983
2476 60 920
2477 6 143
2478 73 39
2479 77 733
2480 74 679
2481 4 281
2482 2 59
2483 19 788
2484 95 476
2485 76 874
2486 27 135
2487 18 574
2488 83 736
2489 69 360
2490 1 52
2491 8 501
2492 49 576
2493 74 133
2494 24 942
2495 66 71
2496 21 974
2497 76 914
2498 62 902
2499 48 916
2500 92 35
2501 65 793
2502 79 734
2503 63 29
2504 25 223
2505 31 931
2506 51 987
2507 43 434
2508 18 320
2509 36 654
2510 95 390
2511 42 276
2512 11 19
2513 92 467
2514 6 239
2515 95 490
2516 71 302
2517 73 571
2518 90 41
2519 61 101
2520 5 926
2521 3 374
2522 46 225
2523 96 191
2524 45 82
2525 62 549
2526 67 332
2527 28 74
2528 17 125
2529 28 607
2530 66 325
2531 53 165
2532 44 720
2533 16 858
2534 17 748
2535 92 932
2536 28 350
2537 25 562
2538 51 854
2539 94 951
2540 62 4
2541 74 461
2542 14 543
2543 34 209
2544 25 310
2545 74 530
2546 20 508
2547 74 758
2548 96 926
2549 96 880
2550 72 389
2551 46 675
2552 72 724
2553 90 683
2554 61 515
2555 79 162
2556 29 762
2557 82 615
2558 5 614
2559 45 684
2560 41 3
2561 35 40
2562 66 879
2563 27 301
2564 80 59
2565 94 809
2566 19 407
2567 96 652
2568 95 625
2569 71 639
2570 96 779
2571 74 568
2572 62 605
2573 13 507
2574 11 591
2575 5 104
2576 44 358
2577 7 178
2578 12 145
2579 4 106
2580 65 27
2581 50 628
2582 49 416
2583 13 809
2584 43 388
2585 95 38
2586 93 61
2587 6 171
2588 93 497
2589 1 504
2590 39 95
2591 57 332
2592 7 59
2593 16 603
2594 54 585
2595 8 234
2596 29 652
2597 5 356
2598 64 114
2599 87 882
2600 51 739
2601 92 976
2602 47 732
2603 100 966
2604 40 460
2605 37 255
2606 84 659
2607 40 673
2608 94 725
2609 79 183
2610 72 949
2611 83 430
2612 46 696
2613 99 485
2614 32 918
2615 8 492
2616 16 907
2617 35 120
2618 51 802
2619 74 743
2620 58 757
2621 17 775
2622 54 802
2623 10 52
2624 81 921
2625 96 727
2626 88 855
2627 36 802
2628 37 674
2629 16 300
2630 25 68
2631 81 167
2632 90 705
2633 67 961
2634 4 946
2635 58 837
2636 12 73
2637 96 934
2638 61 65
2639 91 687
2640 55 461
2641 56 977
2642 50 821
2643 79 446
2644 72 164
2645 79 874
2646 53 614
2647 83 107
2648 89 351
2649 42 387
2650 59 623
2651 40 133
2652 98 378
2653 11 845
2654 88 123
2655 33 335
2656 30 507
2657 29 291
2658 55 817
2659 3 275
2660 94 585
2661 78 996
2662 38 776
2663 46 328
2664 13 181
2665 1 847
2666 88 823
2667 34 883
2668 37 473
2669 51 71
2670 81 569
2671 95 137
2672 39 897
2673 52 321
2674 95 223
2675 78 466
2676 99 416
2677 16 87
2678 54 666
2679 94 371
2680 34 44
2681 66 891
2682 48 722
2683 2 445
2684 47 323
2685 25 351
2686 5 786
2687 19 432
2688 30 58
2689 52 16
2690 3 645
2691 18 496
2692 62 231
2693 83 344
2694 39 811
2695 12 927
2696 33 452
2697 10 799
2698 88 444
2699 2 512
2700 93 673
2701 90 326
2702 11 595
2703 16 897
2704 20 781
2705 100 106
2706 8 349
2707 30 509
2708 74 573
2709 62 541
2710 34 174
2711 87 740
2712 20 696
2713 36 925
2714 19 154
2715 42 862
2716 5 292
2717 41 431
2718 2 753
2719 73 471
2720 2 415
2721 29 177
2722 20 960
2723 81 177
2724 48 626
2725 64 291
2726 16 798
2727 94 192
2728 16 169
2729 10 146
2730 7 846
2731 54 939
2732 85 307
2733 64 938
2734 57 153
2735 62 426
2736 95 327
2737 57 389
2738 53 302
2739 82 723
2740 20 187
2741 89 118
2742 88 384
2743 97 996
2744 100 469
2745 27 710
2746 35 838
2747 36 454
2748 90 134
2749 28 887
2750 85 44
2751 32 760
2752 36 30
2753 70 307
2754 11 300
2755 88 269
2756 78 599
2757 20 240
2758 35 402
2759 12 56
2760 19 265
2761 52 294
2762 75 47
2763 24 245
2764 75 516
2765 63 549
2766 81 846
2767 87 631
2768 6 368
2769 24 730
2770 32 695
2771 34 906
2772 5 22
2773 60 64
2774 100 68
2775 8 44
2776 11 316
2777 54 863
2778 85 758
2779 38 468
2780 37 121
2781 6 965
2782 21 599
2783 95 673
2784 46 546
2785 37 453
2786 2 764
2787 53 798
2788 88 651
2789 88 714
2790 20 942
2791 86 937
2792 66 192
2793 69 474
2794 8 247
2795 8 933
2796 100 730
2797 17 300
2798 78 994
2799 68 59
2800 52 990
2801 85 161
2802 46 372
2803 40 23
2804 51 379
2805 16 805
2806 85 645
2807 32 438
2808 49 963
2809 53 780
2810 11 801
2811 44 183
2812 67 841
2813 51 257
2814 47 16
2815 85 193
2816 33 431
2817 67 704
2818 39 224
2819 92 738
2820 9 136
2821 85 21
2822 58 465
2823 73 889
2824 35 216
2825 97 822
2826 67 763
2827 59 723
2828 91 477
2829 10 510
2830 96 546
2831 63 796
2832 61 401
2833 23 445
2834 5 144
2835 77 211
2836 45 477
2837 76 177
2838 11 124
2839 50 216
2840 51 591
2841 25 919
2842 23 644
2843 35 48
2844 12 271
2845 4 986
2846 17 493
2847 28 983
2848 66 768
2849 96 624
2850 44 168
2851 16 120
2852 85 755
2853 8 179
2854 35 607
2855 98 623
2856 30 876
2857 60 882
2858 76 343
2859 7 7
2860 9 989
2861 33 193
2862 61 359
2863 11 12
2864 5 46
2865 19 967
2866 73 607
2867 84 576
2868 26 53
2869 81 462
2870 2 244
2871 7 75
2872 14 622
2873 25 303
2874 95 507
2875 23 274
2876 63 554
2877 69 327
2878 75 767
2879 6 546
2880 59 751
2881 19 864
2882 64 469
2883 68 889
2884 84 267
2885 1 607
2886 93 746
2887 89 857
2888 15 776
2889 21 511
2890 83 471
2891 97 228
2892 55 278
2893 34 824
2894 67 939
2895 48 13
2896 54 668
2897 26 427
2898 38 719
2899 13 843
2900 68 684
2901 15 789
2902 43 284
2903 27 40
2904 88 550
2905 27 336
2906 27 466
2907 98 27
2908 5 788
2909 85 28
2910 25 90
2911 34 380
2912 52 689
2913 39 46
2914 4 82
2915 63 563
2916 71 646
2917 61 59
2918 100 656
2919 31 763
2920 67 247
2921 20 105
2922 98 288
2923 54 251
2924 14 927
2925 70 750
2926 54 454
2927 86 20
2928 54 369
2929 12 573
2930 58 618
2931 39 433
2932 51 212
2933 29 544
2934 48 633
2935 90 717
2936 85 898
2937 5 77
2938 76 795
2939 51 698
2940 22 244
2941 11 678
2942 97 498
2943 24 146
2944 6 26
2945 5 511
2946 35 982
2947 18 197
2948 17 398
2949 83 651
2950 38 602
2951 41 746
2952 6 748
2953 27 343
2954 92 656
2955 15 761
2956 78 7
2957 54 388
2958 35 765
2959 53 599
2960 62 285
2961 7 335
2962 79 138
2963 65 476
2964 16 87
2965 22 839
2966 36 777
2967 12 138
2968 93 310
2969 33 545
2970 36 962
2971 79 475
2972 5 586
2973 97 641
2974 48 799
2975 61 738
2976 73 519
2977 7 755
2978 24 492
2979 93 335
2980 42 697
2981 41 611
2982 31 769
2983 14 619
2984 23 534
2985 1 137
2986 66 348
2987 64 777
2988 24 989
2989 95 926
2990 90 265
2991 36 844
2992 73 974
2993 32 618
2994 30 937
2995 44 784
2996 97 923
2997 47 281
2998 64 852
2999 14 599
3000 23 9
3001 78 611
3002 50 494
3003 93 437
3004 21 155
3005 47 55
3006 88 443
3007 43 981
3008 60 21
3009 72 939
3010 33 837
3011 45 68
3012 63 465
3013 51 42
3014 96 518
3015 89 483
3016 67 887
3017 15 670
3018 11 652
3019 8 653
3020 12 586
3021 2 458
3022 33 97
3023 3 55
3024 82 393
3025 77 486
3026 92 469
3027 18 465
3028 95 938
3029 48 565
3030 59 238
3031 4 754
3032 57 827
3033 65 22
3034 95 677
3035 48 711
3036 12 960
3037 76 917
3038 82 723
3039 1 327
3040 64 379
3041 4 19
3042 82 536
3043 88 985
3044 28 546
3045 65 434
3046 12 863
3047 72 44
3048 71 284
3049 89 303
3050 66 365
3051 88 387
3052 73 992
3053 77 630
3054 19 534
3055 9 187
3056 43 535
3057 76 606
3058 85 814
3059 35 386
3060 85 741
3061 3 267
3062 91 606
3063 79 683
3064 83 944
3065 61 887
3066 43 673
3067 23 334
3068 68 958
3069 2 340
3070 8 951
3071 7 323
3072 44 608
3073 98 106
3074 47 645
3075 54 698
3076 42 94
3077 44 470
3078 47 254
3079 100 256
3080 100 56
3081 51 487
3082 62 453
3083 13 994
3084 88 287
3085 18 484
3086 29 456
3087 31 482
3088 48 453
3089 19 209
3090 35 157
3091 66 606
3092 42 448
3093 50 504
3094 71 203
3095 50 978
3096 14 132
3097 98 939
3098 75 880
3099 12 900
3100 11 222
3101 95 145
3102 43 814
3103 36 226
3104 78 399
3105 81 239
3106 85 176
3107 76 753
3108 7 812
3109 66 227
3110 26 894
3111 2 447
3112 10 18
3113 19 314
3114 82 393
3115 92 705
3116 28 58
3117 78 914
3118 96 410
3119 32 447
3120 18 559
3121 4 14
3122 27 834
3123 27 112
3124 34 303
3125 1 372
3126 11 933
3127 17 260
3128 91 612
3129 15 530
3130 4 856
3131 40 69
3132 57 245
3133 38 501
3134 34 37
3135 82 166
3136 3 754
3137 39 680
3138 12 129
3139 3 763
3140 38 628
3141 90 485
3142 46 447
3143 49 891
3144 35 279
3145 97 512
3146 64 630
3147 15 335
3148 72 641
3149 65 647
3150 51 352
3151 30 695
3152 82 668
3153 91 314
3154 65 974
3155 17 69
3156 50 416
3157 66 15
3158 2 953
3159 34 691
3160 71 627
3161 100 998
3162 51 51
3163 78 937
3164 83 420
3165 71 172
3166 96 852
3167 19 350
3168 46 924
3169 23 860
3170 54 307
3171 99 438
3172 80 477
3173 89 201
3174 73 243
3175 34 454
3176 72 941
3177 57 725
3178 100 806
3179 30 59
3180 12 723
3181 100 113
3182 44 116
3183 7 172
3184 17 597
3185 16 588
3186 28 360
3187 34 598
3188 90 350
3189 33 179
3190 86 197
3191 63 696
3192 58 727
3193 5 180
3194 90 671
3195 24 382
3196 58 164
3197 82 275
3198 77 53
3199 30 557
3200 86 207
3201 26 363
3202 53 400
3203 58 559
3204 77 520
3205 93 857
3206 23 218
3207 37 217
3208 49 872
3209 31 355
3210 42 595
3211 36 518
3212 37 110
3213 49 254
3214 31 764
3215 55 54
3216 10 199
3217 80 794
3218 19 770
3219 79 932
3220 19 730
3221 44 322
3222 71 604
3223 65 483
3224 26 495
3225 60 58
3226 52 835
3227 81 377
3228 55 388
3229 48 875
3230 67 493
3231 96 910
3232 50 493
3233 49 923
3234 37 258
3235 25 593
3236 51 231
3237 80 785
3238 16 372
3239 11 212
3240 85 771
3241 49 10
3242 8 111
3243 41 684
3244 80 512
3245 35 832
3246 25 236
3247 12 649
3248 9 12
3249 76 407
3250 55 399
3251 79 782
3252 85 859
3253 83 816
3254 12 819
3255 9 532
3256 58 31
3257 36 274
3258 11 560
3259 27 733
3260 16 980
3261 40 995
3262 11 416
3263 76 739
3264 51 526
3265 63 554
3266 24 370
3267 51 565
3268 88 763
3269 10 386
3270 86 292
3271 18 934
3272 37 765
3273 93 857
3274 93 739
3275 44 753
3276 10 993
3277 8 710
3278 14 734
3279 61 544
3280 48 541
3281 17 978
3282 23 47
3283 22 41
3284 11 919
3285 63 280
3286 52 486
3287 86 867
3288 99 337
3289 88 635
3290 53 307
3291 65 125
3292 76 440
3293 18 226
3294 57 353
3295 4 921
3296 91 776
3297 34 774
3298 63 916
3299 4 951
3300 10 348
3301 14 88
3302 8 740
3303 92 391
3304 64 59
3305 76 105
3306 95 843
3307 77 892
3308 47 990
3309 56 945
3310 53 333
3311 76 3
3312 75 614
3313 83 580
3314 34 309
3315 81 356
3316 40 397
3317 15 78
3318 38 386
3319 86 54
3320 22 330
3321 63 180
3322 11 279
3323 39 308
3324 98 708
3325 71 100
3326 87 409
3327 66 380
3328 2 429
3329 41 22
3330 73 184
3331 13 531
3332 43 560
3333 29 841
3334 31 634
3335 53 27
3336 17 963
3337 25 554
3338 29 463
3339 34 140
3340 48 996
3341 90 971
3342 52 542
3343 89 381
3344 38 169
3345 90 197
3346 8 6
3347 35 766
3348 54 242
3349 14 148
3350 69 800
3351 70 36
3352 89 299
3353 77 413
3354 15 87
3355 2 175
3356 42 726
3357 10 731
3358 84 889
3359 10 328
3360 2 145
3361 43 922
3362 23 880
3363 77 795
3364 24 293
3365 26 220
3366 81 319
3367 81 599
3368 69 338
3369 14 150
3370 72 381
3371 22 450
3372 13 991
3373 47 777
3374 29 396
3375 89 52
3376 18 621
3377 82 51
3378 16 720
3379 6 377
3380 74 509
3381 98 911
3382 35 733
3383 29 118
3384 56 871
3385 84 953
3386 11 37
3387 20 403
3388 55 847
3389 87 357
3390 70 340
3391 58 850
3392 30 45
3393 63 855
3394 17 762
3395 27 842
3396 77 202
3397 7 223
3398 77 698
3399 96 627
3400 7 896
3401 34 863
3402 44 692
3403 64 516
3404 3 78
3405 20 38
3406 81 269
3407 18 33
3408 66 182
3409 66 190
3410 32 581
3411 36 770
3412 99 953
3413 22 60
3414 17 916
3415 99 193
3416 33 219
3417 72 155
3418 39 484
3419 30 751
3420 1 232
3421 35 751
3422 45 370
3423 34 296
3424 55 244
3425 88 398
3426 48 491
3427 33 506
3428 81 783
3429 84 473
3430 6 821
3431 78 422
3432 7 893
3433 68 178
3434 74 697
3435 47 121
3436 62 421
3437 29 209
3438 7 967
3439 53 346
3440 15 20
3441 17 419
3442 95 572
3443 10 859
3444 36 409
3445 65 544
3446 24 651
3447 54 49
3448 25 612
3449 38 611
3450 83 567
3451 87 373
3452 94 217
3453 82 161
3454 43 512
3455 1 983
3456 51 577
3457 41 829
3458 97 609
3459 44 752
3460 56 71
3461 22 560
3462 56 367
3463 36 699
3464 67 313
3465 75 683
3466 47 908
3467 97 683
3468 25 446
3469 51 518
3470 12 107
3471 97 634
3472 24 535
3473 82 189
3474 79 249
3475 79 763
3476 18 706
3477 95 401
3478 95 886
3479 82 970
3480 31 213
3481 44 555
3482 32 960
3483 81 232
3484 75 604
3485 42 930
3486 91 210
3487 17 389
3488 33 720
3489 63 56
3490 5 463
3491 94 229
3492 15 359
3493 37 824
3494 73 597
3495 66 340
3496 67 428
3497 62 545
3498 79 201
3499 82 98
3500 37 136
3501 9 653
3502 82 242
3503 43 871
3504 95 475
3505 80 105
3506 29 242
3507 7 881
3508 72 510
3509 90 578
3510 22 992
3511 52 891
3512 96 58
3513 45 289
3514 72 19
3515 28 323
3516 94 569
3517 22 235
3518 11 254
3519 67 739
3520 46 31
3521 70 435
3522 81 995
3523 59 984
3524 51 516
3525 35 515
3526 38 726
3527 94 968
3528 83 887
3529 6 41
3530 23 887
3531 94 449
3532 34 464
3533 95 218
3534 97 978
3535 26 463
3536 24 345
3537 69 717
3538 27 621
3539 7 982
3540 97 674
3541 1 794
3542 75 169
3543 31 816
3544 74 363
3545 77 32
3546 1 300
3547 49 900
3548 98 209
3549 3 91
3550 51 993
3551 92 551
3552 68 786
3553 11 688
3554 44 970
3555 81 486
3556 59 849
3557 1 141
3558 40 744
3559 18 295
3560 27 882
3561 17 103
3562 50 460
3563 35 271
3564 27 216
3565 56 958
3566 23 647
3567 1 811
3568 34 961
3569 72 95
3570 86 754
3571 69 954
3572 37 436
3573 86 729
3574 20 887
3575 61 860
3576 54 597
3577 24 921
3578 61 168
3579 42 708
3580 22 342
3581 12 979
3582 56 352
3583 28 129
3584 57 226
3585 58 796
3586 62 566
3587 96 189
3588 45 870
3589 71 381
3590 95 757
3591 38 389
3592 19 671
3593 54 894
3594 48 124
3595 31 93
3596 78 921
3597 62 38
3598 13 200
3599 11 764
3600 95 553
3601 86 465
3602 29 326
3603 58 611
3604 73 489
3605 24 986
3606 88 403
3607 39 568
3608 87 943
3609 78 584
3610 85 768
3611 99 730
3612 17 776
3613 80 249
3614 73 532
3615 22 18
3616 61 644
3617 12 697
3618 58 812
3619 97 980
3620 21 100
3621 49 183
3622 60 877
3623 12 570
3624 52 495
3625 53 804
3626 2 303
3627 17 451
3628 9 674
3629 21 724
3630 67 499
3631 94 626
3632 34 125
3633 25 11
3634 96 776
3635 33 789
3636 32 45
3637 69 18
3638 35 837
3639 44 764
3640 87 468
3641 41 854
3642 50 616
3643 40 751
3644 77 928
3645 26 664
3646 68 738
3647 35 232
3648 14 897
3649 68 762
3650 1 67
3651 97 172
3652 99 752
3653 57 574
3654 1 539
3655 53 549
3656 76 125
3657 91 249
3658 99 436
3659 31 530
3660 58 936
3661 16 109
3662 24 607
3663 2 438
3664 38 937
3665 96 128
3666 11 564
3667 12 682
3668 81 532
3669 35 599
3670 39 470
3671 52 963
3672 77 374
3673 97 860
3674 72 191
3675 17 428
3676 35 705
3677 98 561
3678 68 308
3679 84 838
3680 38 634
3681 98 132
3682 37 686
3683 89 630
3684 94 13
3685 3 975
3686 86 971
3687 14 472
3688 47 228
3689 95 423
3690 21 576
3691 22 362
3692 82 713
3693 19 652
3694 13 998
3695 8 73
3696 2 508
3697 74 628
3698 93 147
3699 99 603
3700 6 869
3701 82 771
3702 50 853
3703 56 441
3704 17 3
3705 76 461
3706 62 435
3707 25 838
3708 97 803
3709 34 498
3710 6 689
3711 56 358
3712 98 900
3713 86 97
3714 22 963
3715 76 695
3716 85 908
3717 45 462
3718 76 118
3719 74 245
3720 36 940
3721 49 363
3722 5 21
3723 24 814
3724 58 328
3725 6 354
3726 13 674
3727 10 312
3728 99 865
3729 71 574
3730 64 531
3731 76 573
3732 39 462
3733 76 445
3734 46 137
3735 88 778
3736 72 858
3737 9 732
3738 39 241
3739 63 164
3740 81 75
3741 87 434
3742 96 51
3743 13 631
3744 63 854
3745 57 25
3746 56 316
3747 4 233
3748 28 105
3749 88 929
3750 62 16
3751 80 391
3752 77 951
3753 78 312
3754 13 245
3755 64 925
3756 57 696
3757 36 963
3758 21 682
3759 40 464
3760 65 88
3761 56 825
3762 33 980
3763 70 920
3764 21 284
3765 28 455
3766 33 535
3767 37 24
3768 96 574
3769 19 989
3770 42 642
3771 93 15
3772 28 15
3773 34 709
3774 17 667
3775 69 952
3776 33 705
3777 74 889
3778 47 80
3779 67 842
3780 57 312
3781 60 608
3782 63 945
3783 49 94
3784 73 87
3785 89 985
3786 83 397
3787 42 846
3788 6 943
3789 93 424
3790 72 656
3791 11 928
3792 29 130
3793 10 156
3794 64 452
3795 13 657
3796 20 239
3797 78 804
3798 83 608
3799 66 45
3800 55 242
3801 85 419
3802 75 493
3803 58 267
3804 49 596
3805 44 613
3806 99 596
3807 99 639
3808 10 743
3809 9 327
3810 56 203
3811 83 261
3812 94 296
3813 71 29
3814 6 573
3815 23 367
3816 82 224
3817 91 835
3818 42 474
3819 65 21
3820 21 568
3821 53 97
3822 63 943
3823 99 514
3824 8 824
3825 52 566
3826 64 284
3827 14 984
3828 97 399
3829 40 847
3830 84 417
3831 21 331
3832 20 625
3833 12 302
3834 2 92
3835 61 498
3836 9 110
3837 64 82
3838 26 638
3839 51 112
3840 71 326
3841 78 853
3842 68 293
3843 33 962
3844 100 493
3845 74 611
3846 78 292
3847 9 349
3848 96 339
3849 72 536
3850 73 529
3851 97 437
3852 18 722
3853 20 104
3854 87 429
3855 8 775
3856 15 174
3857 87 76
3858 3 687
3859 78 732
3860 92 677
3861 42 667
3862 58 503
3863 16 197
3864 79 503
3865 74 503
3866 39 752
3867 24 137
3868 96 104
3869 71 847
3870 33 278
3871 87 713
3872 12 743
3873 27 842
3874 31 822
3875 23 970
3876 87 603
3877 78 509
3878 47 444
3879 1 565
3880 97 563
3881 66 797
3882 63 862
3883 67 5
3884 80 932
3885 94 122
3886 4 868
3887 40 260
3888 54 673
3889 62 613
3890 20 173
3891 79 45
3892 13 763
3893 26 340
3894 60 755
3895 6 536
3896 30 850
3897 25 892
3898 50 255
3899 71 376
3900 93 972
3901 89 348
3902 32 982
3903 35 913
3904 79 57
3905 60 885
3906 51 283
3907 27 554
3908 93 548
3909 70 368
3910 40 943
3911 87 267
3912 3 122
3913 77 469
3914 79 883
3915 71 259
3916 33 617
3917 77 543
3918 45 526
3919 2 278
3920 95 239
3921 4 613
3922 73 998
3923 63 390
3924 35 212
3925 32 754
3926 92 614
3927 14 368
3928 80 715
3929 53 318
3930 37 56
3931 49 488
3932 94 879
3933 29 69
3934 53 705
3935 33 148
3936 43 45
3937 20 395
3938 12 239
3939 42 232
3940 15 527
3941 5 854
3942 56 476
3943 68 282
3944 36 732
3945 23 345
3946 60 768
3947 17 617
3948 60 910
3949 67 584
3950 86 735
3951 61 44
3952 89 307
3953 15 201
3954 82 65
3955 77 633
3956 3 798
3957 86 674
3958 32 746
3959 66 250
3960 31 183
3961 39 557
3962 71 619
3963 82 305
3964 63 376
3965 58 672
3966 32 337
3967 8 596
3968 47 990
3969 53 551
3970 72 285
3971 47 675
3972 89 153
3973 96 444
3974 41 508
3975 78 150
3976 20 195
3977 74 860
3978 37 218
3979 46 775
3980 63 141
3981 36 412
3982 42 829
3983 17 576
3984 43 131
3985 29 212
3986 99 68
3987 18 365
3988 31 598
3989 88 695
3990 3 772
3991 28 260
3992 16 489
3993 15 987
3994 12 563
3995 36 845
3996 16 940
3997 45 251
3998 49 115
3999 4 261
4000 26 365
4001 34 209
4002 53 606
4003 94 492
4004 6 992
4005 78 831
4006 57 301
4007 62 780
4008 80 245
4009 41 134
4010 42 563
4011 58 555
4012 21 641
4013 90 731
4014 52 696
4015 13 803
4016 41 646
4017 45 852
4018 74 674
4019 17 305
4020 94 221
4021 53 120
4022 49 827
4023 9 114
4024 32 432
4025 85 366
4026 61 897
4027 58 704
4028 63 986
4029 54 300
4030 93 14
4031 48 126
4032 22 148
4033 11 122
4034 28 14
4035 21 660
4036 12 269
4037 77 21
4038 53 687
4039 67 18
4040 66 736
4041 55 828
4042 76 755
4043 74 33
4044 8 571
4045 83 667
4046 41 60
4047 11 744
4048 56 757
4049 32 659
4050 58 165
4051 74 473
4052 58 159
4053 10 703
4054 72 794
4055 9 547
4056 17 696
4057 21 67
4058 12 227
4059 17 285
4060 77 120
4061 20 386
4062 77 4
4063 65 484
4064 48 538
4065 82 520
4066 59 213
4067 100 726
4068 15 369
4069 60 306
4070 58 857
4071 24 905
4072 45 863
4073 4 376
4074 38 333
4075 80 15
4076 32 838
4077 44 278
4078 12 385
4079 41 888
4080 49 636
4081 42 990
4082 67 675
4083 14 611
4084 65 733
4085 42 504
4086 20 165
4087 68 822
4088 60 263
4089 62 30
4090 74 753
4091 66 709
4092 78 98
4093 1 758
4094 88 74
4095 48 477
4096 31 874
4097 79 856
4098 6 728
4099 7 599
4100 98 617
4101 47 718
4102 26 139
4103 88 545
4104 97 472
4105 42 697
4106 97 982
4107 90 376
4108 79 149
4109 54 417
4110 95 409
4111 82 44
4112 90 28
4113 51 702
4114 38 242
4115 91 984
4116 69 128
4117 75 699
4118 19 390
4119 20 837
4120 62 215
4121 18 395
4122 95 116
4123 65 899
4124 95 46
4125 29 461
4126 7 94
4127 92 809
4128 22 266
4129 82 61
4130 43 160
4131 74 911
4132 13 537
4133 90 445
4134 87 488
4135 59 333
4136 66 703
4137 86 238
4138 74 588
4139 83 729
4140 16 842
4141 11 987
4142 22 496
4143 94 647
4144 51 311
4145 9 296
4146 100 793
4147 21 6
4148 73 989
4149 78 362
4150 18 229
4151 10 328
4152 37 344
4153 96 730
4154 76 140
4155 93 303
4156 9 712
4157 65 299
4158 76 481
4159 50 29
4160 14 583
4161 60 523
4162 38 669
4163 97 18
4164 59 869
4165 91 556
4166 82 101
4167 61 810
4168 77 728
4169 36 223
4170 8 112
4171 80 664
4172 71 593
4173 12 915
4174 34 526
4175 97 781
4176 34 338
4177 32 946
4178 98 167
4179 14 989
4180 94 726
4181 7 304
4182 55 206
4183 9 319
4184 1 838
4185 88 533
4186 96 104
4187 80 6
4188 45 131
4189 4 208
4190 58 167
4191 9 427
4192 44 956
4193 38 494
4194 79 932
4195 79 241
4196 89 181
4197 2 34
4198 37 43
4199 7 923
4200 81 842
4201 49 637
4202 91 587
4203 39 474
4204 99 40
4205 20 19
4206 49 70
4207 80 787
4208 50 405
4209 91 891
4210 18 887
4211 54 397
4212 52 138
4213 58 639
4214 88 87
4215 20 179
4216 83 494
4217 50 266
4218 79 247
4219 4 872
4220 10 471
4221 17 198
4222 69 767
4223 20 112
4224 43 522
4225 18 737
4226 100 464
4227 12 232
4228 77 835
4229 46 120
4230 82 399
4231 54 515
4232 53 997
4233 83 412
4234 3 348
4235 5 527
4236 98 501
4237 14 142
4238 87 973
4239 95 360
4240 57 645
4241 59 660
4242 4 300
4243 15 23
4244 49 325
4245 37 218
4246 12 853
4247 87 366
4248 77 865
4249 8 827
4250 34 4
4251 81 793
4252 84 739
4253 3 445
4254 65 272
4255 88 710
4256 41 52
4257 57 898
4258 44 852
4259 84 281
4260 79 53
4261 42 509
4262 40 202
4263 8 647
4264 82 123
4265 90 676
4266 11 663
4267 51 172
4268 83 796
4269 61 616
4270 20 394
4271 29 638
4272 27 20
4273 66 413
4274 19 778
4275 83 746
4276 18 616
4277 79 931
4278 94 993
4279 73 94
4280 30 20
4281 81 607
4282 48 796
4283 79 932
4284 59 541
4285 3 655
4286 53 272
4287 23 735
4288 27 501
4289 40 744
4290 48 182
4291 41 64
4292 74 447
4293 9 823
4294 26 859
4295 76 26
4296 86 636
4297 32 127
4298 70 557
4299 36 470
4300 54 61
4301 94 211
4302 38 444
4303 20 549
4304 2 517
4305 59 305
4306 22 953
4307 96 730
4308 5 936
4309 29 323
4310 52 320
4311 59 336
4312 47 665
4313 32 285
4314 55 542
4315 84 496
4316 9 984
4317 58 480
4318 66 625
4319 10 691
4320 53 984
4321 42 984
4322 1 165
4323 55 374
4324 26 629
4325 35 484
4326 80 800
4327 42 150
4328 86 472
4329 79 549
4330 57 460
4331 25 512
4332 80 536
4333 56 696
4334 70 399
4335 22 582
4336 19 210
4337 17 77
4338 32 497
4339 7 825
4340 33 163
4341 55 658
4342 22 986
4343 18 634
4344 81 984
4345 78 941
4346 4 171
4347 48 326
4348 67 701
4349 65 531
4350 42 188
4351 7 540
4352 51 8
4353 77 287
4354 91 393
4355 91 41
4356 23 237
4357 46 94
4358 75 107
4359 77 35
4360 33 144
4361 99 787
4362 52 262
4363 97 877
4364 78 811
4365 10 586
4366 8 659
4367 72 665
4368 3 747
4369 31 666
4370 47 414
4371 98 974
4372 91 628
4373 7 624
4374 67 700
4375 29 288
4376 28 886
4377 55 254
4378 58 465
4379 83 355
4380 51 188
4381 67 457
4382 23 167
4383 96 450
4384 98 760
4385 83 364
4386 97 79
4387 45 725
4388 45 50
4389 27 267
4390 91 590
4391 94 936
4392 28 223
4393 28 698
4394 48 496
4395 50 166
4396 31 454
4397 48 519
4398 61 458
4399 99 364
4400 11 409
4401 82 802
4402 51 380
4403 44 776
4404 53 18
4405 50 504
4406 15 437
4407 34 968
4408 63 85
4409 81 528
4410 95 48
4411 83 644
4412 72 506
4413 1 127
4414 91 835
4415 28 951
4416 31 693
4417 92 621
4418 16 407
4419 44 857
4420 5 482
4421 46 496
4422 67 638
4423 58 824
4424 16 937
4425 76 579
4426 69 550
4427 99 311
4428 52 540
4429 59 559
4430 15 906
4431 91 98
4432 29 812
4433 12 209
4434 26 648
4435 31 523
4436 20 31
4437 90 531
4438 8 828
4439 42 204
4440 80 484
4441 21 896
4442 74 747
4443 60 47
4444 77 605
4445 78 261
4446 77 890
4447 30 309
4448 52 861
4449 73 289
4450 58 154
4451 23 185
4452 80 83
4453 77 51
4454 46 920
4455 31 477
4456 57 796
4457 47 903
4458 54 571
4459 95 180
4460 46 864
4461 82 704
4462 70 484
4463 16 368
4464 90 391
4465 24 640
4466 58 917
4467 31 445
4468 15 355
4469 75 740
4470 60 580
4471 39 582
4472 29 411
4473 17 877
4474 80 125
4475 60 446
4476 28 250
4477 11 138
4478 96 722
4479 3 40
4480 62 343
4481 12 233
4482 23 16
4483 98 686
4484 28 70
4485 72 160
4486 54 170
4487 28 530
4488 79 837
4489 3 778
4490 32 681
4491 19 699
4492 61 270
4493 54 126
4494 24 676
4495 47 893
4496 96 324
4497 41 490
4498 76 143
4499 65 474
4500 44 175
4501 3 91
4502 43 649
4503 90 142
4504 27 924
4505 80 741
4506 91 826
4507 80 526
4508 8 256
4509 1 189
4510 26 759
4511 56 868
4512 39 831
4513 24 411
4514 43 891
4515 98 825
4516 40 173
4517 42 39
4518 71 837
4519 69 983
4520 10 49
4521 9 227
4522 19 983
4523 59 226
4524 56 492
4525 5 829
4526 5 690
4527 7 430
4528 31 547
4529 79 176
4530 10 613
4531 94 286
4532 46 933
4533 17 675
4534 2 620
4535 67 678
4536 8 879
4537 20 27
4538 19 966
4539 48 403
4540 41 311
4541 23 619
4542 68 409
4543 96 211
4544 70 380
4545 19 430
4546 93 979
4547 44 581
4548 68 214
4549 54 832
4550 31 237
4551 6 959
4552 46 757
4553 99 78
4554 88 576
4555 72 258
4556 39 686
4557 69 20
4558 88 891
4559 56 863
4560 17 594
4561 3 766
4562 13 979
4563 72 503
4564 86 183
4565 42 267
4566 90 88
4567 13 175
4568 14 774
4569 84 970
4570 1 888
4571 80 950
4572 88 310
4573 88 776
4574 9 23
4575 19 969
4576 19 62
4577 31 778
4578 25 687
4579 88 309
4580 70 76
4581 67 749
4582 81 780
4583 82 979
4584 36 125
4585 19 117
4586 6 106
4587 12 488
4588 98 688
4589 39 386
4590 5 20
4591 77 119
4592 46 710
4593 98 517
4594 20 279
4595 66 388
4596 73 425
4597 22 248
4598 11 41
4599 19 227
4600 33 4
4601 69 157
4602 4 755
4603 71 370
4604 21 908
4605 44 496
4606 52 343
4607 29 379
4608 90 79
4609 73 183
4610 29 475
4611 20 72
4612 39 12
4613 60 717
4614 43 405
4615 11 131
4616 33 991
4617 80 730
4618 22 235
4619 71 919
4620 74 992
4621 21 732
4622 46 863
4623 27 718
4624 48 254
4625 84 985
4626 10 565
4627 80 255
4628 66 505
4629 23 871
4630 95 266
4631 79 98
4632 56 14
4633 43 718
4634 30 591
4635 25 946
4636 7 194
4637 28 903
4638 12 811
4639 17 4
4640 10 27
4641 66 777
4642 50 936
4643 54 48
4644 69 344
4645 28 167
4646 100 293
4647 50 778
4648 58 281
4649 71 619
4650 15 375
4651 24 760
4652 65 213
4653 69 964
4654 55 504
4655 37 520
4656 17 640
4657 8 755
4658 66 67
4659 51 957
4660 14 184
4661 77 269
4662 35 841
4663 58 713
4664 98 364
4665 18 68
4666 32 617
4667 13 932
4668 86 271
4669 20 709
4670 85 204
4671 44 446
4672 62 663
4673 28 876
4674 8 718
4675 98 107
4676 59 953
4677 26 459
4678 30 945
4679 1 126
4680 61 182
4681 37 604
4682 49 369
4683 21 683
4684 14 756
4685 95 905
4686 93 392
4687 19 531
4688 18 833
4689 75 387
4690 82 989
4691 53 950
4692 13 751
4693 17 734
4694 11 414
4695 42 964
4696 26 995
4697 97 632
4698 39 750
4699 80 984
4700 69 342
4701 71 43
4702 4 668
4703 63 854
4704 52 417
4705 48 725
4706 77 66
4707 85 384
4708 24 125
4709 55 807
4710 5 933
4711 2 694
4712 16 614
4713 100 391
4714 7 565
4715 79 445
4716 80 279
4717 42 919
4718 29 511
4719 88 681
4720 60 980
4721 92 944
4722 16 333
4723 89 640
4724 70 487
4725 16 596
4726 95 506
4727 71 237
4728 97 239
4729 58 600
4730 49 269
4731 85 735
4732 87 962
4733 90 955
4734 8 47
4735 85 139
4736 51 819
4737 36 495
4738 60 640
4739 12 993
4740 74 1000
4741 48 968
4742 66 340
4743 47 326
4744 63 155
4745 65 797
4746 31 362
4747 16 782
4748 61 964
4749 95 793
4750 12 524
4751 10 339
4752 95 982
4753 85 386
4754 74 532
4755 18 426
4756 12 10
4757 98 676
4758 88 541
4759 15 196
4760 49 324
4761 30 61
4762 77 212
4763 61 656
4764 50 125
4765 68 488
4766 63 11
4767 1 875
4768 99 860
4769 99 535
4770 44 224
4771 75 69
4772 29 350
4773 63 498
4774 5 906
4775 9 708
4776 70 120
4777 90 918
4778 24 491
4779 10 993
4780 70 577
4781 39 445
4782 18 282
4783 65 232
4784 88 402
4785 99 920
4786 58 690
4787 80 817
4788 9 842
4789 71 925
4790 69 699
4791 35 616
4792 44 575
4793 6 411
4794 23 800
4795 6 602
4796 76 738
4797 31 287
4798 97 166
4799 17 605
4800 95 746
4801 75 94
4802 55 864
4803 18 440
4804 24 743
4805 98 599
4806 3 100
4807 48 100
4808 72 189
4809 16 764
4810 17 76
4811 56 717
4812 33 861
4813 74 576
4814 51 519
4815 29 772
4816 75 645
4817 62 108
4818 40 403
4819 61 761
4820 94 297
4821 41 583
4822 76 727
4823 35 418
4824 53 885
4825 93 323
4826 47 89
4827 55 207
4828 55 601
4829 91 349
4830 95 661
4831 66 292
4832 59 274
4833 100 913
4834 99 673
4835 74 66
4836 5 872
4837 10 382
4838 2 326
4839 68 288
4840 8 596
4841 82 79
4842 25 450
4843 98 143
4844 23 216
4845 78 183
4846 67 903
4847 97 174
4848 54 611
4849 86 837
4850 33 672
4851 31 432
4852 89 484
4853 42 991
4854 51 801
4855 28 48
4856 44 675
4857 43 600
4858 69 220
4859 31 485
4860 100 1000
4861 79 850
4862 17 869
4863 90 9
4864 69 266
4865 77 342
4866 71 591
4867 17 64
4868 18 298
4869 15 962
4870 33 809
4871 67 443
4872 33 161
4873 77 182
4874 23 706
4875 87 251
4876 74 980
4877 40 798
4878 9 762
4879 43 72
4880 71 788
4881 28 210
4882 20 275
4883 75 766
4884 12 58
4885 96 59
4886 15 125
4887 28 920
4888 87 80
4889 84 145
4890 4 938
4891 1 598
4892 14 767
4893 65 816
4894 68 72
4895 4 26
4896 93 934
4897 76 965
4898 100 687
4899 88 961
4900 78 187
4901 33 930
4902 10 122
4903 20 98
4904 92 362
4905 86 657
4906 45 450
4907 42 846
4908 80 782
4909 54 376
4910 21 539
4911 25 95
4912 62 344
4913 12 345
4914 67 444
4915 38 270
4916 39 423
4917 7 173
4918 64 452
4919 6 748
4920 59 835
4921 22 669
4922 13 202
4923 67 998
4924 59 352
4925 70 613
4926 89 313
4927 22 949
4928 41 449
4929 71 224
4930 59 182
4931 3 575
4932 95 218
4933 17 642
4934 59 529
4935 56 476
4936 81 244
4937 11 521
4938 88 15
4939 23 700
4940 10 683
4941 76 766
4942 82 55
4943 100 29
4944 57 714
4945 65 327
4946 63 261
4947 39 678
4948 70 134
4949 82 636
4950 31 152
4951 62 78
4952 99 622
4953 42 346
4954 45 167
4955 47 319
4956 68 526
4957 71 656
4958 12 334
4959 27 970
4960 45 10
4961 64 462
4962 34 988
4963 59 457
4964 82 734
4965 91 359
4966 14 44
4967 89 774
4968 77 436
4969 92 132
4970 36 792
4971 31 346
4972 29 396
4973 63 722
4974 96 194
4975 67 906
4976 61 680
4977 38 51
4978 11 811
4979 21 339
4980 46 245
4981 29 983
4982 29 748
4983 13 426
4984 8 802
4985 80 219
4986 20 958
4987 56 728
4988 64 320
4989 11 507
4990 12 790
4991 61 440
4992 79 513
4993 86 875
4994 47 44
4995 28 377
4996 28 835
4997 54 60
4998 3 286
4999 7 522
5000 99 376
630367.0
