3000
1 32 558
2 5 502
3 16 346
4 100 700
5 82 539
6 84 583
7 88 373
8 54 454
9 24 679
10 80 867
11 99 107
12 4 849
13 34 630
14 77 521
15 62 518
16 72 62
17 99 641
18 4 807
19 73 468
20 11 750
21 38 46
22 8 590
23 80 757
24 13 599
25 22 409
26 17 115
27 15 905
28 100 718
29 86 351
30 29 459
31 72 110
32 55 91
33 14 651
34 40 509
35 48 906
36 98 261
37 84 928
38 36 414
39 32 290
40 27 720
41 28 152
42 1 844
43 55 422
44 96 622
45 20 944
46 97 950
47 37 654
48 14 299
49 64 474
50 1 885
51 21 224
52 26 283
53 82 303
54 13 169
55 95 575
56 13 605
57 36 104
58 53 136
59 32 136
60 59 506
61 70 297
62 73 517
63 92 132
64 84 236
65 13 27
66 27 861
67 77 340
68 88 819
69 10 751
70 15 438
71 29 575
72 47 740
73 3 78
74 80 341
75 66 340
76 65 292
77 42 137
78 25 240
79 70 82
80 22 270
81 38 258
82 65 104
83 84 161
84 67 760
85 83 178
86 37 19
87 96 559
88 100 213
89 56 536
90 23 215
91 43 628
92 93 215
93 20 840
94 63 833
95 44 496
96 96 78
97 29 462
98 3 349
99 49 461
100 18 797
101 94 975
102 14 701
103 15 375
104 9 259
105 92 206
106 21 452
107 91 25
108 24 631
109 53 501
110 43 174
111 77 841
112 80 711
113 61 762
114 63 137
115 60 160
116 2 621
117 24 693
118 88 558
119 15 735
120 52 564
121 27 683
122 76 480
123 64 378
124 40 48
125 90 219
126 53 539
127 91 293
128 55 270
129 25 833
130 23 988
131 91 206
132 19 93
133 64 481
134 82 467
135 45 141
136 53 470
137 48 413
138 83 428
139 100 399
140 30 548
141 77 21
142 100 26
143 77 665
144 41 522
145 18 960
146 12 298
147 56 234
148 59 670
149 8 339
150 85 889
151 89 781
152 78 331
153 97 590
154 12 426
155 89 142
156 67 233
157 45 300
158 31 859
159 57 71
160 30 90
161 4 664
162 9 336
163 19 736
164 79 746
165 13 769
166 9 896
167 70 744
168 87 215
169 98 265
170 73 384
171 75 710
172 19 392
173 13 332
174 37 77
175 4 527
176 95 110
177 73 307
178 83 638
179 20 799
180 45 608
181 58 546
182 43 716
183 28 51
184 68 772
185 59 46
186 76 295
187 14 481
188 4 436
189 68 956
190 6 193
191 93 143
192 21 775
193 48 688
194 56 391
195 27 819
196 16 82
197 69 519
198 52 417
199 53 417
200 6 390
201 49 72
202 32 518
203 40 296
204 36 307
205 4 167
206 27 164
207 88 818
208 81 565
209 39 674
210 44 727
211 57 425
212 8 632
213 99 570
214 22 471
215 45 97
216 76 868
217 72 272
218 92 220
219 66 688
220 83 994
221 54 959
222 3 447
223 52 426
224 72 264
225 93 681
226 51 966
227 94 333
228 67 956
229 61 367
230 83 11
231 94 441
232 5 543
233 74 705
234 72 24
235 65 819
236 3 197
237 51 164
238 41 745
239 3 980
240 83 631
241 81 150
242 38 912
243 33 789
244 33 82
245 34 516
246 7 958
247 92 660
248 91 879
249 58 628
250 17 734
251 27 156
252 64 413
253 6 940
254 71 182
255 72 491
256 89 898
257 39 473
258 4 742
259 41 346
260 33 162
261 37 411
262 9 97
263 48 20
264 8 123
265 48 375
266 48 147
267 39 921
268 72 131
269 14 449
270 25 588
271 97 336
272 71 284
273 10 844
274 42 974
275 14 800
276 83 724
277 79 623
278 91 34
279 91 845
280 88 709
281 43 389
282 89 147
283 81 738
284 5 102
285 67 655
286 97 55
287 82 817
288 69 279
289 66 225
290 10 638
291 43 736
292 9 625
293 12 910
294 31 5
295 44 39
296 1 60
297 97 82
298 47 856
299 77 315
300 5 907
301 49 95
302 84 824
303 54 942
304 43 103
305 97 390
306 48 962
307 22 77
308 53 424
309 85 976
310 33 435
311 93 809
312 83 810
313 41 575
314 73 197
315 62 753
316 34 501
317 37 101
318 91 363
319 99 370
320 9 202
321 22 344
322 16 16
323 5 731
324 99 388
325 1 959
326 77 640
327 39 743
328 90 379
329 50 681
330 2 972
331 40 483
332 73 650
333 83 250
334 68 9
335 77 164
336 88 867
337 74 198
338 19 338
339 89 181
340 24 788
341 21 771
342 9 190
343 91 584
344 38 179
345 40 203
346 52 45
347 5 152
348 81 641
349 76 979
350 3 749
351 2 294
352 20 186
353 92 222
354 42 475
355 82 113
356 55 142
357 37 684
358 47 594
359 41 178
360 18 437
361 38 299
362 18 182
363 44 538
364 38 546
365 81 202
366 49 320
367 17 637
368 23 465
369 43 228
370 15 965
371 94 837
372 5 400
373 76 427
374 16 87
375 98 948
376 100 64
377 16 525
378 71 698
379 90 160
380 23 105
381 21 907
382 7 341
383 45 104
384 26 273
385 66 378
386 89 737
387 16 215
388 23 35
389 33 732
390 57 278
391 24 715
392 44 676
393 33 596
394 85 939
395 99 171
396 42 920
397 100 428
398 35 508
399 27 972
400 39 642
401 78 483
402 56 573
403 38 470
404 39 944
405 50 601
406 19 627
407 11 675
408 50 914
409 86 374
410 29 325
411 61 898
412 68 99
413 60 760
414 67 444
415 41 136
416 6 946
417 17 251
418 24 134
419 22 608
420 95 465
421 66 241
422 38 949
423 19 25
424 2 430
425 11 33
426 8 952
427 95 879
428 64 41
429 65 497
430 28 978
431 43 342
432 48 461
433 24 427
434 82 984
435 15 269
436 85 219
437 47 671
438 71 133
439 61 51
440 24 682
441 14 106
442 55 488
443 51 852
444 85 457
445 37 844
446 1 487
447 36 590
448 94 501
449 42 36
450 10 477
451 25 294
452 57 140
453 33 50
454 7 243
455 95 911
456 6 873
457 13 653
458 64 315
459 51 555
460 56 823
461 80 846
462 83 141
463 70 482
464 6 937
465 17 807
466 53 161
467 49 721
468 13 924
469 89 808
470 1 561
471 73 944
472 71 785
473 29 410
474 10 665
475 73 688
476 4 669
477 15 612
478 46 263
479 32 568
480 82 128
481 56 259
482 31 500
483 74 811
484 63 630
485 1 454
486 58 508
487 27 670
488 1 804
489 49 400
490 71 970
491 25 29
492 25 745
493 87 694
494 40 256
495 29 153
496 94 632
497 56 697
498 89 184
499 59 226
500 10 546
501 32 81
502 41 849
503 100 160
504 76 394
505 51 615
506 91 76
507 88 958
508 15 931
509 9 420
510 75 992
511 16 376
512 55 31
513 55 54
514 32 520
515 70 78
516 36 197
517 15 852
518 68 125
519 61 862
520 8 988
521 90 299
522 83 271
523 89 419
524 88 340
525 58 309
526 28 433
527 96 327
528 47 819
529 80 953
530 53 248
531 72 608
532 78 54
533 92 938
534 71 167
535 84 823
536 36 57
537 38 299
538 100 519
539 53 442
540 5 144
541 31 480
542 42 424
543 53 454
544 28 966
545 43 957
546 51 748
547 27 518
548 81 525
549 37 487
550 79 423
551 40 654
552 66 631
553 47 422
554 34 878
555 35 476
556 99 916
557 28 632
558 87 662
559 72 121
560 98 690
561 78 800
562 23 719
563 96 495
564 82 659
565 63 443
566 72 756
567 23 145
568 40 146
569 14 133
570 85 824
571 57 101
572 85 136
573 16 64
574 49 836
575 88 282
576 14 291
577 52 666
578 81 542
579 22 348
580 34 469
581 14 63
582 63 94
583 17 329
584 35 109
585 53 932
586 14 939
587 57 255
588 55 81
589 66 745
590 11 835
591 96 723
592 61 478
593 57 621
594 11 78
595 48 748
596 33 186
597 46 497
598 35 141
599 53 628
600 18 223
601 76 107
602 15 90
603 35 885
604 29 898
605 7 56
606 11 638
607 55 613
608 40 412
609 95 250
610 43 142
611 78 984
612 47 247
613 6 802
614 4 464
615 80 247
616 62 140
617 13 114
618 35 384
619 79 663
620 54 37
621 53 956
622 49 428
623 11 927
624 67 187
625 55 71
626 2 895
627 3 685
628 11 354
629 48 381
630 81 194
631 32 12
632 65 339
633 39 40
634 99 31
635 14 391
636 67 739
637 4 819
638 98 482
639 93 715
640 52 6
641 85 357
642 19 941
643 35 156
644 66 191
645 40 829
646 96 375
647 10 920
648 25 42
649 20 516
650 11 16
651 69 942
652 8 900
653 36 999
654 25 788
655 19 891
656 23 268
657 59 922
658 81 493
659 93 797
660 9 136
661 14 944
662 22 403
663 57 142
664 35 24
665 31 769
666 82 999
667 17 25
668 96 488
669 44 879
670 17 744
671 91 928
672 78 990
673 68 154
674 34 784
675 12 879
676 79 114
677 53 985
678 78 329
679 70 898
680 31 474
681 11 893
682 95 556
683 28 735
684 32 322
685 87 904
686 32 890
687 71 739
688 3 514
689 62 251
690 27 492
691 29 173
692 77 372
693 32 602
694 38 590
695 100 514
696 37 243
697 62 993
698 14 959
699 92 272
700 65 647
701 97 744
702 10 879
703 43 509
704 21 282
705 75 624
706 96 956
707 42 681
708 12 294
709 75 630
710 90 377
711 83 924
712 26 422
713 92 590
714 58 314
715 32 943
716 28 594
717 51 124
718 62 498
719 18 905
720 72 6
721 14 588
722 63 821
723 41 849
724 98 251
725 100 623
726 2 877
727 94 435
728 79 196
729 24 418
730 87 66
731 59 414
732 98 464
733 75 934
734 32 247
735 31 140
736 88 59
737 80 501
738 3 137
739 87 446
740 49 532
741 74 578
742 42 979
743 98 277
744 96 33
745 48 815
746 64 470
747 47 395
748 1 303
749 7 633
750 73 7
751 16 547
752 54 224
753 91 772
754 80 47
755 83 274
756 38 914
757 24 970
758 99 50
759 22 918
760 4 818
761 13 153
762 78 599
763 98 809
764 30 123
765 4 424
766 56 410
767 16 340
768 44 974
769 11 129
770 82 195
771 2 933
772 47 476
773 84 473
774 70 11
775 56 876
776 51 739
777 62 118
778 87 961
779 46 399
780 64 5
781 22 428
782 45 774
783 65 366
784 89 682
785 16 967
786 18 446
787 86 438
788 95 720
789 11 23
790 34 968
791 84 112
792 41 404
793 14 720
794 100 191
795 56 40
796 66 832
797 60 959
798 55 415
799 46 206
800 19 981
801 15 940
802 62 229
803 19 595
804 75 109
805 19 761
806 2 872
807 55 157
808 91 853
809 79 920
810 43 676
811 21 513
812 93 793
813 19 667
814 77 947
815 93 989
816 81 868
817 35 743
818 15 198
819 78 792
820 48 555
821 5 263
822 75 172
823 80 706
824 90 790
825 12 326
826 72 534
827 22 698
828 91 238
829 49 1000
830 57 8
831 63 56
832 82 907
833 5 693
834 94 467
835 1 706
836 49 670
837 9 291
838 18 493
839 14 389
840 74 786
841 3 446
842 93 286
843 78 83
844 29 886
845 22 695
846 38 537
847 65 427
848 45 125
849 39 891
850 95 331
851 9 190
852 10 23
853 98 765
854 51 352
855 97 176
856 11 714
857 32 114
858 39 598
859 68 450
860 75 878
861 66 23
862 82 23
863 73 783
864 20 589
865 5 953
866 99 557
867 41 110
868 78 900
869 38 745
870 2 242
871 82 705
872 19 331
873 76 854
874 11 890
875 62 340
876 15 339
877 8 790
878 89 96
879 31 869
880 53 307
881 38 352
882 28 3
883 49 365
884 63 261
885 28 175
886 23 756
887 11 167
888 28 217
889 8 806
890 83 913
891 19 643
892 68 700
893 55 453
894 39 483
895 38 554
896 93 126
897 51 604
898 63 173
899 93 290
900 40 677
901 20 915
902 50 606
903 91 329
904 69 57
905 6 913
906 96 22
907 88 165
908 6 529
909 100 446
910 78 237
911 5 244
912 15 775
913 40 574
914 81 233
915 40 419
916 41 307
917 44 514
918 7 145
919 28 889
920 81 596
921 85 804
922 84 84
923 66 493
924 13 422
925 25 985
926 22 785
927 26 628
928 23 943
929 65 303
930 52 946
931 56 122
932 58 178
933 23 582
934 65 939
935 16 427
936 33 575
937 54 740
938 35 801
939 89 441
940 4 510
941 31 239
942 9 537
943 13 124
944 4 193
945 23 290
946 87 654
947 68 211
948 81 182
949 81 404
950 23 530
951 4 400
952 48 227
953 43 864
954 96 225
955 8 421
956 66 232
957 33 657
958 86 610
959 100 256
960 25 949
961 60 581
962 90 879
963 88 840
964 23 686
965 43 211
966 98 829
967 86 293
968 22 256
969 85 718
970 47 776
971 55 807
972 83 285
973 97 205
974 39 416
975 90 538
976 30 54
977 75 88
978 62 151
979 64 45
980 70 461
981 33 630
982 2 207
983 56 200
984 3 699
985 94 240
986 57 171
987 8 223
988 70 137
989 77 378
990 64 545
991 25 293
992 67 216
993 56 619
994 35 926
995 1 229
996 11 731
997 13 501
998 11 126
999 14 381
1000 1 503
1001 25 171
1002 49 679
1003 30 553
1004 35 325
1005 78 615
1006 91 326
1007 76 928
1008 81 814
1009 64 847
1010 5 837
1011 88 574
1012 87 488
1013 71 468
1014 29 881
1015 41 455
1016 53 541
1017 73 849
1018 18 215
1019 60 228
1020 69 354
1021 99 682
1022 52 861
1023 39 59
1024 87 13
1025 2 759
1026 80 283
1027 32 123
1028 60 956
1029 2 662
1030 73 536
1031 52 473
1032 7 897
1033 63 813
1034 91 835
1035 62 243
1036 1 291
1037 47 278
1038 16 484
1039 12 603
1040 90 526
1041 53 681
1042 24 228
1043 73 75
1044 77 735
1045 38 970
1046 10 818
1047 98 468
1048 72 530
1049 67 476
1050 20 551
1051 43 658
1052 31 996
1053 32 50
1054 49 187
1055 45 562
1056 88 485
1057 10 304
1058 37 366
1059 33 722
1060 92 362
1061 10 778
1062 10 619
1063 95 643
1064 76 107
1065 71 529
1066 48 763
1067 22 84
1068 22 351
1069 55 854
1070 2 528
1071 22 941
1072 44 50
1073 23 403
1074 20 7
1075 42 686
1076 31 893
1077 60 103
1078 52 288
1079 97 888
1080 38 516
1081 100 959
1082 45 842
1083 9 533
1084 100 171
1085 22 482
1086 33 755
1087 79 580
1088 67 401
1089 77 449
1090 16 176
1091 15 435
1092 59 260
1093 63 592
1094 34 929
1095 56 490
1096 43 884
1097 6 612
1098 83 989
1099 95 72
1100 79 975
1101 5 489
1102 25 346
1103 31 329
1104 79 89
1105 30 855
1106 95 951
1107 30 563
1108 45 765
1109 54 775
1110 81 610
1111 44 657
1112 86 572
1113 21 36
1114 91 747
1115 27 669
1116 67 90
1117 85 782
1118 69 423
1119 65 268
1120 51 602
1121 12 643
1122 54 466
1123 72 8
1124 18 935
1125 60 780
1126 61 7
1127 25 599
1128 81 490
1129 22 409
1130 18 498
1131 60 209
1132 7 591
1133 64 601
1134 96 217
1135 71 281
1136 18 499
1137 38 142
1138 61 584
1139 66 963
1140 20 793
1141 35 427
1142 43 444
1143 59 684
1144 39 134
1145 36 998
1146 70 437
1147 6 504
1148 17 249
1149 19 160
1150 51 950
1151 81 820
1152 98 223
1153 48 875
1154 66 109
1155 100 518
1156 70 761
1157 29 548
1158 17 857
1159 66 691
1160 42 867
1161 75 287
1162 45 164
1163 69 416
1164 85 445
1165 44 459
1166 98 789
1167 2 288
1168 79 786
1169 62 563
1170 63 767
1171 12 907
1172 56 789
1173 10 82
1174 13 406
1175 54 370
1176 52 358
1177 48 483
1178 22 703
1179 3 336
1180 6 935
1181 51 952
1182 68 523
1183 64 33
1184 28 908
1185 72 439
1186 28 701
1187 44 335
1188 62 528
1189 32 64
1190 26 12
1191 38 720
1192 9 358
1193 80 181
1194 6 676
1195 17 250
1196 79 87
1197 63 278
1198 28 901
1199 87 407
1200 67 526
1201 30 673
1202 16 787
1203 45 455
1204 57 856
1205 66 411
1206 88 466
1207 97 52
1208 47 211
1209 78 79
1210 24 100
1211 71 74
1212 58 605
1213 45 732
1214 54 894
1215 86 453
1216 100 866
1217 83 261
1218 21 487
1219 27 624
1220 11 86
1221 12 908
1222 65 231
1223 64 545
1224 66 353
1225 41 417
1226 36 694
1227 12 264
1228 63 203
1229 67 46
1230 22 713
1231 81 121
1232 38 366
1233 75 662
1234 13 65
1235 88 5
1236 35 71
1237 44 875
1238 9 14
1239 96 454
1240 58 68
1241 27 608
1242 63 995
1243 70 64
1244 6 352
1245 38 602
1246 31 325
1247 28 599
1248 70 549
1249 58 42
1250 4 336
1251 12 768
1252 47 747
1253 76 876
1254 71 796
1255 6 292
1256 82 287
1257 29 209
1258 13 779
1259 90 311
1260 78 128
1261 24 481
1262 47 469
1263 19 789
1264 18 273
1265 49 674
1266 45 546
1267 69 902
1268 50 808
1269 33 305
1270 75 131
1271 58 570
1272 32 895
1273 11 631
1274 74 252
1275 7 972
1276 77 74
1277 33 533
1278 85 880
1279 3 585
1280 47 255
1281 59 749
1282 71 150
1283 70 331
1284 6 789
1285 34 616
1286 85 288
1287 55 657
1288 52 671
1289 53 616
1290 75 207
1291 42 842
1292 85 888
1293 23 954
1294 76 810
1295 22 581
1296 86 554
1297 83 849
1298 83 615
1299 70 167
1300 28 72
1301 21 73
1302 26 694
1303 19 493
1304 62 582
1305 39 243
1306 13 546
1307 89 67
1308 59 778
1309 76 182
1310 57 319
1311 54 431
1312 98 420
1313 75 834
1314 71 507
1315 98 822
1316 87 339
1317 11 298
1318 7 542
1319 30 91
1320 100 755
1321 39 249
1322 22 994
1323 71 930
1324 92 507
1325 96 337
1326 77 578
1327 35 127
1328 95 364
1329 86 43
1330 72 594
1331 82 801
1332 91 39
1333 55 854
1334 1 115
1335 14 783
1336 74 167
1337 90 242
1338 35 32
1339 4 672
1340 86 680
1341 56 423
1342 31 228
1343 56 557
1344 66 32
1345 42 105
1346 46 503
1347 90 783
1348 4 836
1349 80 548
1350 61 97
1351 16 32
1352 30 516
1353 31 199
1354 85 76
1355 70 41
1356 95 829
1357 14 581
1358 19 224
1359 75 82
1360 27 860
1361 46 567
1362 35 708
1363 15 322
1364 18 311
1365 66 902
1366 75 367
1367 96 437
1368 85 793
1369 82 125
1370 55 388
1371 23 811
1372 4 245
1373 16 475
1374 72 634
1375 62 587
1376 57 757
1377 59 154
1378 73 375
1379 62 443
1380 30 93
1381 12 295
1382 70 130
1383 21 960
1384 38 50
1385 30 759
1386 8 917
1387 46 296
1388 8 725
1389 40 809
1390 72 286
1391 84 417
1392 92 150
1393 37 222
1394 56 574
1395 45 713
1396 45 412
1397 96 596
1398 89 901
1399 8 359
1400 59 116
1401 34 643
1402 40 815
1403 84 177
1404 59 68
1405 85 656
1406 12 505
1407 72 585
1408 64 776
1409 77 817
1410 4 839
1411 76 714
1412 97 216
1413 79 867
1414 18 829
1415 3 640
1416 22 671
1417 37 613
1418 61 588
1419 6 280
1420 94 870
1421 35 129
1422 99 159
1423 94 78
1424 60 246
1425 85 642
1426 63 896
1427 38 165
1428 2 354
1429 61 134
1430 51 391
1431 23 159
1432 81 442
1433 26 445
1434 55 926
1435 86 369
1436 10 474
1437 37 497
1438 11 832
1439 48 969
1440 45 306
1441 82 463
1442 83 783
1443 77 614
1444 71 258
1445 37 180
1446 88 177
1447 52 242
1448 77 665
1449 7 433
1450 6 549
1451 22 949
1452 11 12
1453 75 175
1454 26 631
1455 41 814
1456 38 605
1457 43 140
1458 49 495
1459 77 556
1460 29 185
1461 30 244
1462 2 134
1463 59 552
1464 76 207
1465 64 800
1466 85 344
1467 14 128
1468 48 511
1469 99 75
1470 36 650
1471 62 187
1472 37 155
1473 87 196
1474 54 742
1475 17 121
1476 88 144
1477 33 429
1478 47 340
1479 11 513
1480 52 307
1481 85 556
1482 19 48
1483 66 649
1484 5 41
1485 86 480
1486 39 257
1487 84 280
1488 27 77
1489 60 902
1490 22 688
1491 37 508
1492 35 727
1493 69 785
1494 89 768
1495 80 279
1496 90 872
1497 39 740
1498 42 984
1499 36 614
1500 58 496
1501 84 316
1502 78 562
1503 13 58
1504 90 125
1505 71 424
1506 74 340
1507 54 988
1508 8 671
1509 88 704
1510 2 500
1511 2 605
1512 86 120
1513 61 774
1514 47 51
1515 5 856
1516 16 937
1517 72 366
1518 95 191
1519 17 427
1520 80 822
1521 83 101
1522 48 651
1523 26 560
1524 69 185
1525 87 620
1526 16 99
1527 67 103
1528 88 857
1529 44 96
1530 91 104
1531 79 736
1532 88 737
1533 24 830
1534 36 539
1535 12 498
1536 52 225
1537 99 773
1538 90 484
1539 36 375
1540 76 45
1541 1 564
1542 51 784
1543 94 262
1544 87 610
1545 2 572
1546 7 405
1547 89 434
1548 48 202
1549 84 630
1550 23 754
1551 44 33
1552 84 622
1553 62 104
1554 63 36
1555 73 245
1556 70 232
1557 42 830
1558 39 383
1559 53 979
1560 52 565
1561 85 700
1562 15 784
1563 45 634
1564 38 20
1565 21 6
1566 36 346
1567 1 990
1568 74 246
1569 72 413
1570 96 801
1571 80 266
1572 2 230
1573 5 595
1574 20 7
1575 28 721
1576 22 560
1577 87 432
1578 79 389
1579 51 487
1580 51 260
1581 94 311
1582 29 821
1583 90 921
1584 1 886
1585 82 74
1586 63 656
1587 42 471
1588 13 691
1589 69 403
1590 58 823
1591 11 807
1592 24 733
1593 57 852
1594 97 70
1595 13 757
1596 71 109
1597 66 659
1598 14 907
1599 7 750
1600 36 505
1601 63 873
1602 48 264
1603 21 312
1604 28 533
1605 27 466
1606 13 122
1607 36 439
1608 11 885
1609 54 52
1610 95 320
1611 97 905
1612 80 290
1613 11 875
1614 85 482
1615 43 310
1616 46 939
1617 23 985
1618 82 248
1619 31 256
1620 2 570
1621 87 810
1622 40 851
1623 91 81
1624 99 481
1625 66 956
1626 20 279
1627 56 47
1628 45 870
1629 68 945
1630 29 41
1631 36 606
1632 76 814
1633 77 713
1634 73 272
1635 78 252
1636 7 770
1637 20 353
1638 39 927
1639 92 952
1640 75 847
1641 60 139
1642 22 732
1643 52 299
1644 85 284
1645 59 202
1646 40 959
1647 35 534
1648 54 955
1649 30 570
1650 68 943
1651 80 841
1652 60 73
1653 43 882
1654 7 328
1655 52 286
1656 38 541
1657 57 720
1658 16 357
1659 100 909
1660 11 444
1661 16 922
1662 28 702
1663 46 613
1664 91 443
1665 35 855
1666 98 576
1667 49 873
1668 53 406
1669 82 1000
1670 25 534
1671 63 608
1672 71 808
1673 67 626
1674 98 226
1675 25 700
1676 4 899
1677 87 975
1678 25 509
1679 61 79
1680 31 126
1681 28 389
1682 11 115
1683 84 793
1684 13 78
1685 2 803
1686 6 304
1687 37 919
1688 18 197
1689 1 323
1690 95 397
1691 65 761
1692 92 349
1693 52 347
1694 83 865
1695 10 657
1696 91 404
1697 99 183
1698 60 472
1699 5 640
1700 45 907
1701 30 758
1702 32 811
1703 47 711
1704 44 30
1705 21 690
1706 27 364
1707 43 592
1708 56 438
1709 80 628
1710 47 921
1711 52 810
1712 78 196
1713 12 811
1714 37 402
1715 32 709
1716 16 674
1717 78 50
1718 85 202
1719 13 447
1720 76 278
1721 4 16
1722 12 785
1723 86 388
1724 63 63
1725 69 977
1726 93 59
1727 15 82
1728 38 568
1729 23 88
1730 63 670
1731 53 432
1732 90 891
1733 22 622
1734 3 473
1735 43 813
1736 60 777
1737 59 592
1738 45 68
1739 90 539
1740 43 396
1741 92 365
1742 36 740
1743 73 665
1744 35 129
1745 61 546
1746 7 753
1747 18 45
1748 95 342
1749 51 705
1750 8 475
1751 60 768
1752 58 102
1753 6 885
1754 17 778
1755 71 156
1756 22 689
1757 17 705
1758 49 263
1759 54 608
1760 54 100
1761 64 307
1762 18 804
1763 71 855
1764 46 465
1765 69 918
1766 13 889
1767 60 755
1768 87 67
1769 54 246
1770 37 219
1771 12 222
1772 48 342
1773 71 317
1774 93 507
1775 78 866
1776 66 15
1777 75 909
1778 30 18
1779 53 678
1780 51 81
1781 65 91
1782 23 15
1783 80 708
1784 18 218
1785 87 618
1786 94 904
1787 22 911
1788 36 600
1789 29 382
1790 69 950
1791 10 501
1792 44 428
1793 57 589
1794 40 286
1795 98 116
1796 24 757
1797 5 929
1798 43 17
1799 25 765
1800 57 802
1801 66 369
1802 31 641
1803 12 106
1804 35 884
1805 44 545
1806 19 665
1807 97 664
1808 89 24
1809 9 832
1810 27 223
1811 38 994
1812 88 8
1813 37 588
1814 49 125
1815 78 227
1816 48 368
1817 21 725
1818 55 345
1819 56 827
1820 75 849
1821 52 964
1822 21 331
1823 97 791
1824 14 493
1825 58 914
1826 88 119
1827 42 985
1828 66 21
1829 6 570
1830 28 397
1831 23 909
1832 48 889
1833 45 920
1834 14 238
1835 1 312
1836 40 744
1837 43 166
1838 4 365
1839 29 623
1840 90 630
1841 6 854
1842 47 960
1843 48 873
1844 65 948
1845 33 98
1846 64 614
1847 47 818
1848 43 536
1849 75 237
1850 12 299
1851 89 54
1852 99 508
1853 45 171
1854 78 570
1855 53 200
1856 20 829
1857 98 818
1858 76 909
1859 16 437
1860 64 670
1861 32 157
1862 19 662
1863 68 142
1864 59 893
1865 17 3
1866 64 464
1867 27 495
1868 89 591
1869 33 513
1870 24 5
1871 9 83
1872 81 890
1873 43 852
1874 11 926
1875 4 964
1876 68 70
1877 90 579
1878 14 809
1879 2 614
1880 11 346
1881 48 415
1882 6 120
1883 29 361
1884 60 242
1885 85 449
1886 25 964
1887 44 228
1888 6 892
1889 54 432
1890 32 720
1891 20 435
1892 18 881
1893 85 627
1894 83 896
1895 48 947
1896 93 857
1897 99 560
1898 9 122
1899 36 163
1900 12 793
1901 73 835
1902 21 804
1903 48 599
1904 32 336
1905 35 926
1906 28 492
1907 33 251
1908 83 497
1909 9 383
1910 13 971
1911 61 104
1912 32 458
1913 23 662
1914 84 450
1915 45 867
1916 75 777
1917 38 207
1918 14 123
1919 78 343
1920 27 307
1921 3 283
1922 96 427
1923 91 783
1924 69 13
1925 70 538
1926 28 390
1927 23 362
1928 86 30
1929 87 610
1930 24 546
1931 100 455
1932 39 250
1933 90 968
1934 57 110
1935 93 387
1936 7 359
1937 32 624
1938 77 210
1939 65 451
1940 14 191
1941 42 571
1942 79 533
1943 64 725
1944 43 361
1945 79 499
1946 34 701
1947 88 68
1948 59 870
1949 15 58
1950 54 357
1951 20 796
1952 84 183
1953 47 843
1954 52 65
1955 66 160
1956 40 319
1957 83 66
1958 82 607
1959 78 809
1960 45 141
1961 87 874
1962 67 222
1963 12 38
1964 40 846
1965 62 463
1966 24 513
1967 61 973
1968 10 144
1969 51 521
1970 60 598
1971 11 502
1972 18 50
1973 21 365
1974 73 250
1975 85 677
1976 41 248
1977 41 513
1978 40 257
1979 7 448
1980 64 142
1981 35 499
1982 36 463
1983 73 703
1984 75 286
1985 69 528
1986 77 466
1987 64 947
1988 96 421
1989 41 1000
1990 29 584
1991 84 516
1992 33 597
1993 90 344
1994 25 903
1995 33 777
1996 13 957
1997 38 223
1998 63 885
1999 44 651
2000 96 484
2001 79 28
2002 42 554
2003 71 827
2004 10 933
2005 36 470
2006 8 648
2007 8 816
2008 49 709
2009 50 13
2010 56 411
2011 100 435
2012 28 304
2013 35 92
2014 32 167
2015 43 404
2016 93 326
2017 69 119
2018 77 841
2019 72 947
2020 41 494
2021 22 44
2022 56 605
2023 57 881
2024 12 170
2025 4 994
2026 13 282
2027 42 289
2028 35 223
2029 82 43
2030 48 974
2031 99 598
2032 16 220
2033 37 644
2034 35 257
2035 33 749
2036 8 623
2037 70 277
2038 89 388
2039 87 63
2040 75 262
2041 60 703
2042 75 679
2043 22 96
2044 79 48
2045 41 994
2046 87 255
2047 51 329
2048 88 975
2049 8 813
2050 40 883
2051 14 179
2052 66 637
2053 89 749
2054 35 42
2055 14 52
2056 15 81
2057 43 739
2058 54 6
2059 52 273
2060 31 243
2061 79 610
2062 4 206
2063 83 340
2064 79 392
2065 29 637
2066 48 942
2067 81 340
2068 58 215
2069 82 890
2070 87 308
2071 36 531
2072 74 345
2073 21 819
2074 76 109
2075 91 618
2076 58 450
2077 30 262
2078 93 450
2079 21 828
2080 18 936
2081 100 330
2082 70 939
2083 100 889
2084 60 952
2085 100 588
2086 33 978
2087 81 196
2088 87 91
2089 38 5
2090 20 801
2091 78 890
2092 60 143
2093 97 618
2094 43 372
2095 67 617
2096 40 905
2097 28 265
2098 23 208
2099 32 334
2100 58 816
2101 57 960
2102 84 220
2103 79 23
2104 21 983
2105 49 270
2106 27 18
2107 51 240
2108 14 718
2109 89 386
2110 99 190
2111 9 159
2112 28 870
2113 68 590
2114 26 408
2115 3 107
2116 82 198
2117 9 631
2118 79 27
2119 29 471
2120 46 331
2121 81 381
2122 51 417
2123 26 505
2124 5 635
2125 53 487
2126 20 993
2127 56 381
2128 92 213
2129 99 339
2130 36 396
2131 49 342
2132 59 180
2133 95 882
2134 31 275
2135 100 672
2136 49 986
2137 2 434
2138 96 562
2139 57 461
2140 77 78
2141 94 281
2142 20 759
2143 6 914
2144 37 612
2145 63 970
2146 4 551
2147 44 743
2148 63 589
2149 26 211
2150 5 288
2151 33 497
2152 6 88
2153 44 117
2154 30 34
2155 23 537
2156 97 846
2157 87 725
2158 45 613
2159 88 374
2160 79 209
2161 51 160
2162 99 27
2163 65 468
2164 23 516
2165 16 932
2166 61 837
2167 15 724
2168 57 807
2169 25 429
2170 50 742
2171 68 854
2172 21 144
2173 88 955
2174 75 400
2175 76 815
2176 16 750
2177 88 388
2178 44 259
2179 95 741
2180 24 452
2181 53 204
2182 100 26
2183 31 685
2184 4 814
2185 33 613
2186 22 418
2187 82 449
2188 63 378
2189 68 438
2190 15 901
2191 73 494
2192 93 956
2193 86 766
2194 14 863
2195 79 4
2196 27 511
2197 66 70
2198 100 897
2199 49 297
2200 41 963
2201 71 588
2202 65 877
2203 25 91
2204 8 868
2205 39 76
2206 28 434
2207 38 860
2208 90 642
2209 90 710
2210 21 646
2211 43 744
2212 40 13
2213 70 217
2214 70 418
2215 87 938
2216 81 731
2217 69 182
2218 7 724
2219 46 229
2220 41 404
2221 32 623
2222 1 366
2223 53 643
2224 69 866
2225 38 324
2226 41 172
2227 24 597
2228 55 239
2229 65 225
2230 98 225
2231 49 546
2232 99 734
2233 14 442
2234 52 985
2235 83 135
2236 56 774
2237 32 208
2238 95 315
2239 63 238
2240 57 654
2241 28 271
2242 81 998
2243 87 306
2244 82 418
2245 19 520
2246 34 655
2247 63 751
2248 83 367
2249 10 577
2250 97 712
2251 67 589
2252 80 949
2253 57 87
2254 93 416
2255 48 935
2256 38 796
2257 92 887
2258 74 331
2259 29 418
2260 34 369
2261 79 251
2262 68 729
2263 88 375
2264 41 310
2265 86 184
2266 89 638
2267 69 5
2268 42 587
2269 21 836
2270 84 44
2271 56 643
2272 89 122
2273 3 659
2274 29 545
2275 45 91
2276 48 292
2277 22 198
2278 48 586
2279 20 403
2280 70 922
2281 31 286
2282 68 485
2283 59 114
2284 62 867
2285 24 957
2286 77 387
2287 75 780
2288 54 171
2289 52 397
2290 3 332
2291 40 527
2292 67 137
2293 83 942
2294 65 448
2295 45 599
2296 56 73
2297 57 571
2298 27 841
2299 79 9
2300 91 643
2301 76 692
2302 79 850
2303 76 315
2304 10 544
2305 51 762
2306 7 793
2307 73 97
2308 38 522
2309 48 168
2310 74 292
2311 51 388
2312 17 428
2313 44 99
2314 5 505
2315 65 305
2316 72 612
2317 33 215
2318 63 719
2319 34 579
2320 3 444
2321 67 250
2322 10 619
2323 2 897
2324 98 788
2325 74 679
2326 100 198
2327 6 162
2328 11 661
2329 30 217
2330 7 335
2331 78 971
2332 93 121
2333 45 601
2334 22 483
2335 40 860
2336 28 469
2337 92 150
2338 22 940
2339 53 588
2340 61 900
2341 38 412
2342 25 514
2343 46 882
2344 92 601
2345 35 282
2346 45 288
2347 25 246
2348 79 150
2349 47 495
2350 14 70
2351 16 387
2352 97 983
2353 42 809
2354 81 231
2355 8 70
2356 71 946
2357 13 745
2358 97 192
2359 63 727
2360 38 544
2361 3 819
2362 98 563
2363 18 531
2364 1 354
2365 56 712
2366 83 3
2367 20 391
2368 1 160
2369 45 704
2370 3 746
2371 71 899
2372 98 508
2373 91 162
2374 82 873
2375 42 112
2376 63 695
2377 70 335
2378 9 154
2379 57 12
2380 77 559
2381 32 595
2382 63 515
2383 39 298
2384 29 796
2385 21 824
2386 35 10
2387 4 780
2388 39 59
2389 67 310
2390 51 976
2391 2 288
2392 46 443
2393 53 32
2394 83 892
2395 88 21
2396 10 337
2397 4 492
2398 100 88
2399 82 289
2400 17 952
2401 73 767
2402 95 236
2403 53 191
2404 100 619
2405 28 516
2406 80 134
2407 2 119
2408 17 162
2409 33 206
2410 47 183
2411 70 383
2412 98 962
2413 79 673
2414 15 127
2415 63 763
2416 16 79
2417 14 962
2418 8 945
2419 84 300
2420 35 772
2421 13 723
2422 94 555
2423 81 224
2424 26 178
2425 35 679
2426 36 681
2427 42 317
2428 98 476
2429 85 311
2430 54 986
2431 63 229
2432 50 570
2433 30 776
2434 30 992
2435 61 857
2436 22 654
2437 77 942
2438 97 63
2439 68 151
2440 95 395
2441 99 277
2442 48 966
2443 64 719
2444 90 878
2445 3 178
2446 77 674
2447 51 788
2448 98 108
2449 7 160
2450 32 806
2451 86 885
2452 66 264
2453 85 737
2454 86 120
2455 51 383
2456 16 473
2457 14 695
2458 68 168
2459 66 827
2460 29 800
2461 51 311
2462 100 244
2463 98 764
2464 82 755
2465 7 870
2466 29 736
2467 90 894
2468 27 619
2469 55 373
2470 72 15
2471 19 762
2472 90 67
2473 46 35
2474 52 291
2475 99 36
2476 84 569
2477 87 224
2478 66 476
2479 83 855
2480 51 516
2481 51 363
2482 9 266
2483 24 263
2484 38 546
2485 95 185
2486 58 198
2487 4 943
2488 31 547
2489 72 820
2490 60 895
2491 30 112
2492 90 481
2493 72 800
2494 79 224
2495 99 631
2496 40 198
2497 22 737
2498 44 292
2499 53 365
2500 46 174
2501 85 375
2502 19 898
2503 76 554
2504 37 601
2505 94 128
2506 91 823
2507 25 411
2508 93 686
2509 86 30
2510 74 193
2511 43 712
2512 11 534
2513 49 643
2514 49 458
2515 6 417
2516 40 791
2517 81 613
2518 91 706
2519 79 467
2520 68 397
2521 93 377
2522 66 996
2523 68 576
2524 70 155
2525 40 120
2526 52 910
2527 10 364
2528 59 991
2529 30 446
2530 13 239
2531 93 327
2532 64 794
2533 27 296
2534 3 361
2535 92 273
2536 70 779
2537 14 300
2538 77 919
2539 35 14
2540 40 380
2541 71 684
2542 79 17
2543 94 173
2544 46 221
2545 89 985
2546 77 35
2547 40 771
2548 50 769
2549 79 884
2550 93 767
2551 53 137
2552 33 103
2553 68 311
2554 38 451
2555 87 112
2556 94 489
2557 78 53
2558 42 744
2559 37 9
2560 13 966
2561 3 706
2562 81 457
2563 27 287
2564 92 751
2565 71 776
2566 8 884
2567 59 331
2568 74 174
2569 89 429
2570 4 302
2571 28 642
2572 38 574
2573 93 247
2574 96 893
2575 50 574
2576 50 606
2577 64 870
2578 25 74
2579 37 861
2580 78 649
2581 20 687
2582 1 437
2583 1 831
2584 55 180
2585 73 15
2586 59 338
2587 80 456
2588 93 158
2589 65 474
2590 32 433
2591 71 380
2592 81 54
2593 15 618
2594 84 975
2595 39 457
2596 59 821
2597 52 424
2598 42 946
2599 56 95
2600 36 463
2601 86 664
2602 82 398
2603 63 72
2604 37 689
2605 33 445
2606 57 20
2607 75 867
2608 11 296
2609 63 501
2610 60 996
2611 75 387
2612 1 619
2613 75 749
2614 32 522
2615 20 861
2616 35 247
2617 92 874
2618 15 591
2619 31 112
2620 32 479
2621 62 448
2622 35 349
2623 6 174
2624 16 265
2625 59 721
2626 55 375
2627 49 288
2628 70 924
2629 47 395
2630 32 646
2631 79 546
2632 24 759
2633 100 94
2634 30 337
2635 70 846
2636 97 558
2637 48 360
2638 51 856
2639 47 410
2640 45 102
2641 51 417
2642 86 777
2643 23 40
2644 87 143
2645 5 963
2646 91 22
2647 2 60
2648 59 284
2649 64 761
2650 48 476
2651 36 649
2652 14 109
2653 45 194
2654 96 694
2655 92 857
2656 52 828
2657 89 658
2658 44 719
2659 76 656
2660 61 195
2661 4 981
2662 33 384
2663 96 608
2664 82 840
2665 75 836
2666 27 945
2667 16 721
2668 98 579
2669 44 985
2670 100 860
2671 8 30
2672 44 623
2673 49 703
2674 34 589
2675 14 792
2676 9 280
2677 67 989
2678 80 162
2679 35 447
2680 8 279
2681 70 49
2682 34 629
2683 99 638
2684 46 875
2685 14 925
2686 89 254
2687 51 830
2688 67 43
2689 41 730
2690 9 398
2691 50 829
2692 2 310
2693 13 112
2694 65 690
2695 48 137
2696 13 717
2697 28 875
2698 41 486
2699 68 558
2700 62 286
2701 61 775
2702 99 916
2703 6 688
2704 1 208
2705 7 542
2706 90 862
2707 92 783
2708 83 370
2709 41 497
2710 14 133
2711 40 701
2712 77 661
2713 35 178
2714 58 206
2715 23 92
2716 40 530
2717 54 503
2718 69 642
2719 26 332
2720 69 267
2721 92 335
2722 64 960
2723 95 265
2724 18 239
2725 62 189
2726 54 40
2727 91 446
2728 48 616
2729 18 995
2730 39 62
2731 25 949
2732 69 693
2733 78 825
2734 59 943
2735 19 717
2736 35 795
2737 89 958
2738 7 766
2739 81 728
2740 85 12
2741 14 301
2742 81 379
2743 43 55
2744 2 619
2745 47 894
2746 57 341
2747 57 397
2748 39 475
2749 50 206
2750 29 359
2751 70 1000
2752 78 99
2753 81 555
2754 31 186
2755 9 38
2756 65 913
2757 14 470
2758 35 119
2759 37 241
2760 81 221
2761 85 800
2762 9 193
2763 2 731
2764 57 252
2765 5 525
2766 61 341
2767 81 599
2768 100 857
2769 4 834
2770 73 688
2771 11 787
2772 64 801
2773 99 915
2774 67 307
2775 22 679
2776 30 314
2777 50 76
2778 45 131
2779 43 28
2780 29 535
2781 68 60
2782 66 38
2783 66 104
2784 5 544
2785 39 17
2786 10 799
2787 20 145
2788 13 221
2789 11 803
2790 5 386
2791 39 597
2792 16 838
2793 2 511
2794 42 522
2795 6 268
2796 24 864
2797 8 882
2798 25 801
2799 36 387
2800 40 640
2801 39 650
2802 16 776
2803 81 622
2804 19 721
2805 98 124
2806 54 32
2807 74 251
2808 44 453
2809 51 775
2810 8 544
2811 69 243
2812 23 480
2813 84 959
2814 81 419
2815 59 911
2816 32 658
2817 4 888
2818 49 167
2819 85 151
2820 31 716
2821 43 226
2822 69 716
2823 84 473
2824 96 574
2825 65 542
2826 78 216
2827 55 392
2828 48 472
2829 23 573
2830 80 148
2831 4 650
2832 45 876
2833 52 661
2834 54 246
2835 85 776
2836 6 372
2837 100 735
2838 49 823
2839 26 12
2840 19 904
2841 80 123
2842 69 702
2843 41 542
2844 57 62
2845 45 23
2846 74 695
2847 40 511
2848 39 728
2849 59 572
2850 72 631
2851 66 854
2852 34 704
2853 54 348
2854 23 474
2855 36 189
2856 81 607
2857 23 256
2858 53 926
2859 1 826
2860 28 258
2861 14 667
2862 9 64
2863 66 184
2864 68 360
2865 29 702
2866 30 378
2867 41 668
2868 20 562
2869 9 214
2870 18 287
2871 66 164
2872 89 140
2873 13 744
2874 71 105
2875 20 808
2876 77 899
2877 95 938
2878 91 813
2879 33 369
2880 55 864
2881 18 824
2882 46 642
2883 66 383
2884 52 604
2885 45 187
2886 55 141
2887 14 114
2888 17 939
2889 50 16
2890 23 253
2891 47 759
2892 97 782
2893 88 183
2894 26 730
2895 43 854
2896 26 659
2897 35 899
2898 70 903
2899 4 249
2900 68 219
2901 28 118
2902 40 493
2903 82 772
2904 48 257
2905 81 162
2906 85 773
2907 89 891
2908 31 165
2909 1 311
2910 61 601
2911 35 355
2912 50 849
2913 36 667
2914 6 558
2915 44 787
2916 41 246
2917 91 5
2918 84 289
2919 79 724
2920 99 525
2921 73 95
2922 3 261
2923 3 46
2924 21 336
2925 17 852
2926 32 838
2927 68 382
2928 88 510
2929 20 576
2930 85 340
2931 24 904
2932 71 255
2933 2 611
2934 25 884
2935 43 801
2936 28 938
2937 65 284
2938 85 556
2939 10 723
2940 98 216
2941 24 173
2942 33 957
2943 30 797
2944 77 329
2945 97 288
2946 42 629
2947 36 957
2948 34 988
2949 96 320
2950 40 521
2951 20 325
2952 90 478
2953 29 414
2954 56 74
2955 81 653
2956 4 628
2957 59 639
2958 99 957
2959 72 96
2960 65 294
2961 98 771
2962 28 352
2963 83 237
2964 52 648
2965 22 199
2966 78 329
2967 22 512
2968 3 142
2969 98 825
2970 44 205
2971 18 655
2972 91 101
2973 48 14
2974 5 646
2975 97 916
2976 58 61
2977 95 634
2978 56 284
2979 37 874
2980 98 788
2981 69 99
2982 64 893
2983 6 424
2984 54 660
2985 21 470
2986 89 979
2987 63 584
2988 74 799
2989 29 70
2990 92 39
2991 36 72
2992 90 450
2993 85 4
2994 98 398
2995 42 281
2996 56 72
2997 12 270
2998 88 13
2999 71 333
3000 82 463
370074.0
