3000
1 48 85
2 83 299
3 74 42
4 100 168
5 78 755
6 75 223
7 77 972
8 83 243
9 69 42
10 24 155
11 12 912
12 16 799
13 21 332
14 24 307
15 56 952
16 40 315
17 35 987
18 52 580
19 95 167
20 38 444
21 66 141
22 82 578
23 78 39
24 82 297
25 76 95
26 42 701
27 22 170
28 23 340
29 29 177
30 56 278
31 40 518
32 54 413
33 96 665
34 31 878
35 18 12
36 27 201
37 29 253
38 94 275
39 45 67
40 30 579
41 57 546
42 71 196
43 84 380
44 64 583
45 85 929
46 3 165
47 38 725
48 64 579
49 69 746
50 61 229
51 18 864
52 77 396
53 66 737
54 6 414
55 69 330
56 4 810
57 81 544
58 83 624
59 39 718
60 21 715
61 70 987
62 55 814
63 75 873
64 80 64
65 34 607
66 23 470
67 48 904
68 85 598
69 18 809
70 100 562
71 49 540
72 4 279
73 87 365
74 72 554
75 8 654
76 70 355
77 91 315
78 16 557
79 81 538
80 4 475
81 27 66
82 76 578
83 62 250
84 92 641
85 15 1000
86 75 19
87 67 472
88 60 168
89 97 756
90 68 587
91 9 642
92 13 612
93 35 666
94 44 207
95 60 981
96 37 817
97 48 302
98 26 669
99 97 157
100 100 994
101 95 745
102 88 408
103 16 892
104 30 250
105 65 293
106 89 140
107 38 718
108 45 811
109 95 40
110 6 110
111 72 816
112 52 552
113 15 431
114 1 126
115 22 55
116 2 76
117 92 792
118 54 75
119 2 644
120 77 44
121 8 376
122 2 916
123 50 61
124 67 160
125 28 155
126 13 776
127 67 309
128 81 436
129 70 724
130 53 37
131 60 172
132 5 333
133 22 259
134 4 660
135 60 964
136 9 520
137 57 253
138 48 627
139 94 675
140 100 552
141 48 565
142 54 895
143 34 646
144 44 891
145 93 965
146 32 978
147 35 367
148 81 194
149 60 678
150 12 609
151 52 619
152 15 655
153 23 167
154 84 690
155 26 885
156 50 88
157 7 59
158 40 416
159 89 152
160 14 349
161 33 325
162 10 10
163 14 687
164 33 922
165 7 435
166 77 810
167 73 855
168 97 162
169 80 507
170 92 61
171 15 953
172 41 878
173 85 474
174 41 701
175 6 264
176 100 443
177 74 140
178 30 469
179 35 865
180 35 420
181 80 372
182 44 939
183 51 407
184 97 810
185 2 368
186 96 451
187 5 837
188 3 665
189 23 419
190 66 113
191 37 118
192 19 631
193 46 951
194 21 982
195 61 733
196 63 158
197 25 917
198 24 460
199 82 933
200 71 639
201 28 261
202 71 355
203 62 907
204 29 562
205 39 725
206 37 791
207 62 489
208 3 972
209 91 914
210 48 913
211 62 247
212 31 817
213 87 17
214 68 884
215 11 222
216 67 542
217 19 677
218 89 650
219 35 252
220 79 249
221 49 741
222 34 249
223 51 687
224 90 565
225 62 706
226 22 850
227 99 974
228 64 590
229 68 842
230 99 522
231 49 992
232 26 812
233 89 840
234 11 839
235 61 648
236 30 599
237 26 415
238 22 639
239 37 876
240 71 280
241 69 596
242 37 950
243 5 856
244 81 23
245 52 778
246 37 258
247 26 695
248 77 454
249 13 191
250 2 469
251 68 8
252 54 393
253 89 829
254 37 365
255 24 973
256 42 554
257 11 852
258 47 213
259 41 789
260 10 313
261 69 164
262 99 172
263 93 20
264 99 310
265 35 175
266 42 598
267 55 31
268 58 870
269 48 264
270 56 515
271 41 211
272 80 330
273 72 301
274 63 982
275 31 687
276 20 242
277 83 191
278 2 261
279 11 490
280 69 461
281 15 148
282 68 725
283 28 837
284 63 425
285 69 294
286 12 795
287 17 16
288 80 360
289 46 195
290 11 975
291 82 845
292 26 243
293 17 900
294 68 95
295 41 552
296 70 570
297 19 679
298 17 63
299 96 170
300 48 401
301 63 498
302 27 18
303 19 337
304 25 596
305 39 652
306 14 214
307 57 203
308 53 610
309 40 820
310 58 733
311 87 285
312 32 823
313 24 295
314 78 562
315 26 149
316 11 837
317 6 917
318 18 475
319 72 393
320 46 572
321 65 719
322 76 59
323 31 409
324 60 346
325 42 609
326 94 160
327 57 296
328 79 39
329 23 771
330 66 353
331 77 744
332 36 241
333 58 844
334 52 655
335 42 832
336 11 107
337 25 113
338 28 969
339 18 182
340 14 763
341 19 537
342 79 559
343 47 932
344 18 763
345 43 484
346 51 978
347 57 590
348 55 431
349 89 835
350 34 879
351 94 333
352 45 911
353 40 973
354 56 697
355 15 226
356 41 643
357 48 546
358 23 405
359 36 954
360 50 526
361 9 853
362 98 463
363 25 845
364 56 439
365 90 436
366 59 115
367 57 54
368 20 514
369 83 214
370 51 677
371 37 68
372 34 579
373 75 490
374 42 892
375 47 419
376 61 715
377 88 3
378 65 322
379 4 69
380 65 336
381 24 403
382 70 42
383 22 107
384 16 495
385 15 673
386 76 634
387 43 754
388 18 550
389 44 323
390 91 476
391 88 477
392 24 931
393 20 1000
394 55 223
395 15 666
396 57 329
397 75 608
398 64 207
399 51 415
400 88 279
401 86 801
402 13 165
403 13 981
404 41 760
405 57 913
406 99 875
407 47 831
408 71 657
409 44 43
410 66 382
411 38 822
412 99 894
413 11 675
414 81 802
415 8 980
416 54 740
417 70 386
418 77 222
419 50 316
420 13 818
421 34 615
422 18 611
423 90 693
424 4 837
425 4 537
426 51 420
427 41 833
428 97 853
429 74 137
430 47 859
431 59 418
432 76 383
433 27 8
434 19 294
435 98 415
436 1 646
437 41 365
438 26 261
439 61 986
440 94 317
441 53 400
442 79 311
443 25 799
444 23 196
445 22 303
446 30 701
447 12 902
448 59 331
449 41 715
450 32 98
451 1 559
452 61 878
453 25 510
454 6 178
455 86 102
456 58 251
457 90 449
458 65 616
459 22 275
460 59 913
461 4 293
462 92 977
463 33 766
464 14 589
465 21 545
466 14 202
467 13 361
468 93 989
469 45 436
470 68 599
471 35 749
472 68 950
473 11 603
474 73 741
475 79 535
476 91 744
477 27 299
478 76 481
479 14 776
480 49 567
481 28 56
482 52 142
483 76 680
484 91 328
485 33 358
486 14 960
487 58 368
488 100 541
489 44 898
490 84 159
491 61 672
492 35 488
493 100 215
494 2 301
495 11 661
496 70 167
497 18 946
498 65 354
499 93 49
500 77 420
501 64 101
502 52 71
503 53 934
504 43 124
505 76 81
506 1 827
507 91 448
508 81 89
509 82 952
510 75 611
511 85 203
512 39 985
513 3 777
514 52 530
515 10 887
516 72 705
517 21 731
518 16 69
519 98 205
520 32 688
521 82 496
522 51 500
523 67 736
524 81 866
525 68 204
526 40 422
527 24 810
528 81 521
529 26 62
530 63 216
531 74 560
532 27 891
533 1 354
534 62 899
535 70 451
536 90 835
537 61 301
538 56 677
539 95 22
540 36 810
541 82 187
542 58 136
543 42 183
544 27 318
545 25 91
546 64 806
547 54 970
548 29 514
549 78 53
550 48 824
551 99 492
552 81 857
553 91 596
554 79 404
555 18 835
556 23 684
557 77 456
558 69 842
559 9 893
560 80 179
561 71 174
562 37 803
563 19 936
564 67 297
565 59 101
566 4 536
567 42 150
568 72 606
569 3 338
570 75 463
571 48 84
572 6 12
573 83 173
574 54 147
575 74 519
576 86 56
577 68 444
578 52 817
579 29 796
580 22 594
581 24 623
582 85 559
583 53 866
584 100 117
585 64 473
586 2 496
587 92 948
588 22 462
589 19 314
590 23 824
591 45 664
592 82 743
593 5 863
594 47 218
595 79 480
596 73 225
597 7 684
598 15 943
599 76 836
600 16 608
601 83 840
602 23 388
603 5 45
604 3 106
605 3 596
606 21 491
607 4 791
608 15 785
609 95 328
610 57 958
611 26 998
612 73 171
613 69 665
614 16 334
615 25 969
616 17 638
617 66 329
618 93 991
619 28 977
620 76 272
621 72 266
622 43 217
623 82 197
624 14 182
625 73 451
626 76 810
627 57 85
628 22 402
629 95 321
630 59 762
631 43 828
632 89 984
633 97 221
634 57 434
635 31 645
636 83 902
637 27 443
638 28 12
639 99 538
640 13 902
641 81 387
642 13 211
643 45 53
644 84 209
645 69 238
646 56 115
647 77 379
648 37 521
649 87 735
650 53 551
651 95 649
652 76 859
653 99 444
654 46 264
655 16 192
656 35 960
657 32 64
658 17 628
659 29 857
660 31 28
661 19 875
662 62 217
663 86 328
664 57 79
665 77 543
666 22 634
667 58 777
668 98 967
669 17 591
670 76 666
671 89 138
672 45 810
673 91 30
674 66 491
675 93 936
676 16 890
677 32 900
678 50 891
679 51 647
680 22 794
681 64 845
682 5 42
683 39 990
684 77 464
685 49 138
686 60 695
687 48 175
688 70 649
689 86 259
690 57 266
691 19 614
692 38 306
693 44 529
694 24 457
695 54 98
696 5 839
697 27 521
698 92 358
699 18 951
700 42 431
701 38 599
702 81 414
703 37 109
704 27 801
705 63 213
706 81 16
707 56 716
708 46 250
709 71 614
710 39 380
711 85 50
712 97 673
713 83 361
714 56 880
715 1 394
716 51 896
717 67 307
718 10 622
719 55 961
720 58 988
721 34 166
722 22 190
723 68 95
724 64 45
725 2 350
726 34 687
727 76 891
728 78 821
729 9 215
730 76 346
731 42 717
732 93 149
733 41 505
734 4 832
735 55 627
736 66 172
737 94 374
738 21 316
739 46 780
740 68 907
741 81 114
742 21 426
743 79 661
744 77 795
745 68 679
746 9 813
747 10 897
748 62 261
749 60 856
750 73 461
751 45 141
752 93 683
753 80 280
754 67 667
755 82 273
756 98 406
757 92 727
758 17 706
759 58 204
760 40 225
761 55 340
762 7 412
763 9 594
764 83 698
765 27 627
766 100 702
767 35 120
768 65 729
769 10 662
770 64 845
771 32 110
772 11 313
773 18 949
774 16 391
775 97 246
776 75 189
777 57 507
778 28 473
779 33 798
780 100 310
781 89 669
782 82 925
783 55 93
784 10 257
785 3 428
786 100 972
787 87 349
788 19 162
789 85 546
790 46 702
791 51 836
792 21 271
793 89 153
794 29 828
795 87 202
796 98 934
797 80 288
798 97 852
799 20 314
800 61 367
801 45 374
802 45 310
803 53 484
804 52 564
805 81 885
806 8 681
807 44 73
808 63 762
809 8 996
810 60 253
811 95 984
812 88 208
813 65 648
814 39 550
815 69 919
816 73 820
817 17 481
818 92 818
819 67 880
820 99 440
821 98 362
822 12 157
823 23 984
824 40 456
825 95 946
826 5 137
827 70 403
828 3 918
829 27 842
830 47 987
831 19 50
832 8 629
833 52 268
834 10 223
835 46 546
836 3 288
837 10 281
838 97 943
839 57 739
840 96 191
841 37 663
842 49 560
843 85 568
844 10 756
845 68 636
846 77 29
847 32 573
848 81 627
849 90 136
850 75 537
851 92 12
852 64 255
853 84 61
854 59 441
855 29 37
856 85 159
857 88 649
858 86 53
859 2 52
860 70 429
861 1 14
862 81 697
863 16 65
864 46 401
865 16 829
866 32 454
867 29 980
868 31 52
869 59 500
870 7 447
871 89 282
872 46 653
873 91 68
874 63 643
875 37 734
876 72 339
877 26 45
878 9 481
879 40 631
880 8 265
881 2 141
882 51 72
883 98 738
884 92 972
885 69 180
886 22 992
887 42 902
888 38 811
889 87 557
890 95 992
891 18 386
892 90 485
893 92 206
894 35 236
895 76 56
896 90 457
897 46 809
898 21 557
899 25 281
900 44 731
901 60 252
902 35 559
903 80 229
904 97 614
905 40 339
906 17 120
907 30 536
908 18 16
909 61 402
910 38 806
911 49 372
912 23 882
913 59 602
914 68 942
915 73 65
916 90 653
917 43 362
918 63 596
919 42 310
920 79 384
921 94 732
922 5 956
923 17 896
924 51 263
925 18 458
926 6 298
927 75 195
928 90 605
929 15 395
930 7 852
931 32 822
932 57 841
933 96 132
934 95 320
935 43 67
936 67 409
937 38 490
938 22 186
939 21 898
940 34 587
941 19 628
942 86 474
943 10 312
944 58 187
945 72 595
946 11 551
947 17 445
948 50 835
949 82 239
950 33 909
951 46 372
952 38 153
953 4 710
954 45 899
955 1 33
956 3 581
957 32 941
958 94 497
959 34 507
960 33 374
961 84 709
962 59 836
963 40 133
964 8 827
965 10 664
966 21 274
967 58 240
968 41 183
969 71 212
970 7 529
971 78 636
972 48 613
973 13 502
974 91 745
975 10 276
976 79 842
977 3 781
978 18 96
979 91 173
980 44 346
981 46 593
982 12 448
983 91 565
984 21 469
985 48 569
986 4 556
987 46 831
988 99 6
989 1 137
990 33 90
991 24 678
992 8 345
993 13 749
994 10 961
995 35 293
996 82 838
997 23 9
998 69 423
999 2 134
1000 5 388
1001 67 597
1002 76 614
1003 18 990
1004 56 295
1005 71 184
1006 33 360
1007 31 37
1008 64 713
1009 46 216
1010 31 772
1011 96 263
1012 34 957
1013 36 595
1014 24 857
1015 27 178
1016 53 229
1017 38 129
1018 78 171
1019 58 770
1020 78 560
1021 17 124
1022 24 402
1023 60 521
1024 61 40
1025 84 889
1026 97 403
1027 67 17
1028 45 33
1029 45 101
1030 26 124
1031 74 455
1032 40 559
1033 88 834
1034 28 724
1035 63 283
1036 65 493
1037 31 122
1038 55 149
1039 7 634
1040 8 400
1041 99 607
1042 26 398
1043 58 79
1044 40 571
1045 81 100
1046 78 211
1047 50 339
1048 98 259
1049 94 915
1050 18 883
1051 41 294
1052 90 580
1053 82 637
1054 92 825
1055 38 258
1056 50 915
1057 93 862
1058 43 778
1059 87 518
1060 38 157
1061 82 914
1062 58 194
1063 60 948
1064 78 945
1065 63 60
1066 33 302
1067 63 860
1068 74 985
1069 56 584
1070 77 68
1071 65 948
1072 42 362
1073 99 549
1074 9 731
1075 27 806
1076 92 744
1077 14 32
1078 77 912
1079 24 426
1080 12 211
1081 7 782
1082 54 984
1083 31 210
1084 36 819
1085 4 977
1086 4 601
1087 41 876
1088 21 253
1089 99 430
1090 94 604
1091 4 347
1092 53 600
1093 67 194
1094 99 443
1095 58 42
1096 74 889
1097 16 158
1098 5 30
1099 42 488
1100 52 103
1101 67 744
1102 3 715
1103 54 260
1104 38 537
1105 19 270
1106 51 600
1107 66 132
1108 89 975
1109 1 683
1110 7 476
1111 89 97
1112 50 192
1113 7 313
1114 20 169
1115 75 896
1116 33 324
1117 69 713
1118 2 950
1119 26 387
1120 10 247
1121 55 930
1122 11 181
1123 43 133
1124 1 808
1125 45 458
1126 55 710
1127 39 891
1128 40 300
1129 22 22
1130 99 609
1131 66 49
1132 68 977
1133 79 92
1134 52 180
1135 44 470
1136 17 17
1137 10 141
1138 31 862
1139 23 522
1140 7 78
1141 56 762
1142 86 592
1143 89 552
1144 16 927
1145 91 166
1146 21 594
1147 17 910
1148 9 609
1149 62 89
1150 70 59
1151 55 477
1152 29 152
1153 79 168
1154 36 453
1155 91 444
1156 59 398
1157 4 635
1158 70 480
1159 39 22
1160 23 931
1161 27 81
1162 14 780
1163 98 145
1164 58 531
1165 70 425
1166 68 857
1167 58 86
1168 84 316
1169 12 129
1170 8 804
1171 38 858
1172 58 94
1173 21 384
1174 63 240
1175 70 483
1176 83 240
1177 42 613
1178 55 876
1179 68 793
1180 7 266
1181 88 531
1182 6 380
1183 33 701
1184 27 222
1185 81 151
1186 8 931
1187 4 794
1188 54 825
1189 74 965
1190 77 928
1191 27 226
1192 6 876
1193 47 127
1194 65 773
1195 49 896
1196 57 50
1197 18 353
1198 89 228
1199 79 713
1200 12 399
1201 83 710
1202 9 458
1203 19 805
1204 65 437
1205 25 674
1206 72 18
1207 100 955
1208 4 302
1209 49 14
1210 80 174
1211 36 36
1212 74 31
1213 14 78
1214 91 97
1215 58 254
1216 76 352
1217 50 786
1218 16 364
1219 47 490
1220 34 887
1221 11 28
1222 14 885
1223 79 347
1224 83 341
1225 7 833
1226 83 981
1227 88 475
1228 70 128
1229 76 492
1230 66 777
1231 21 437
1232 79 134
1233 49 151
1234 30 248
1235 18 689
1236 30 10
1237 34 357
1238 52 888
1239 2 253
1240 69 580
1241 16 711
1242 50 896
1243 60 221
1244 66 303
1245 37 311
1246 95 37
1247 88 941
1248 13 879
1249 26 337
1250 57 80
1251 32 79
1252 61 912
1253 12 962
1254 77 504
1255 87 602
1256 38 306
1257 2 101
1258 34 466
1259 19 930
1260 86 545
1261 65 529
1262 45 252
1263 92 308
1264 51 19
1265 61 27
1266 77 592
1267 59 533
1268 76 777
1269 79 659
1270 64 870
1271 87 76
1272 33 88
1273 91 931
1274 87 369
1275 16 159
1276 34 855
1277 85 386
1278 29 990
1279 16 816
1280 90 967
1281 2 654
1282 22 533
1283 91 58
1284 16 237
1285 51 339
1286 34 87
1287 42 436
1288 67 336
1289 28 772
1290 97 798
1291 32 259
1292 66 927
1293 71 743
1294 42 544
1295 9 700
1296 9 122
1297 16 26
1298 15 724
1299 34 401
1300 23 421
1301 50 504
1302 49 785
1303 9 999
1304 58 716
1305 58 740
1306 33 640
1307 50 499
1308 28 710
1309 42 557
1310 14 969
1311 28 924
1312 7 17
1313 85 364
1314 63 735
1315 59 329
1316 42 385
1317 62 969
1318 3 955
1319 15 80
1320 23 840
1321 77 502
1322 68 269
1323 17 640
1324 79 848
1325 25 137
1326 42 619
1327 14 68
1328 45 257
1329 99 551
1330 59 959
1331 59 561
1332 41 500
1333 25 398
1334 95 239
1335 54 891
1336 57 885
1337 11 856
1338 73 956
1339 31 41
1340 82 130
1341 66 771
1342 14 741
1343 59 112
1344 94 401
1345 75 885
1346 18 661
1347 34 871
1348 14 244
1349 29 418
1350 68 586
1351 45 122
1352 23 705
1353 32 127
1354 9 634
1355 12 12
1356 61 872
1357 93 358
1358 97 949
1359 82 530
1360 41 563
1361 87 597
1362 59 85
1363 17 44
1364 9 858
1365 89 425
1366 24 610
1367 52 208
1368 4 231
1369 4 108
1370 6 764
1371 80 16
1372 39 745
1373 15 608
1374 37 210
1375 73 779
1376 87 284
1377 16 17
1378 5 293
1379 25 831
1380 48 586
1381 74 191
1382 92 377
1383 79 714
1384 76 17
1385 76 631
1386 14 291
1387 25 518
1388 21 347
1389 55 251
1390 15 734
1391 57 657
1392 97 932
1393 62 82
1394 56 570
1395 51 306
1396 80 833
1397 89 659
1398 54 386
1399 81 261
1400 13 919
1401 68 162
1402 33 926
1403 18 763
1404 45 178
1405 30 56
1406 37 149
1407 24 848
1408 79 463
1409 86 748
1410 54 590
1411 93 729
1412 1 787
1413 94 474
1414 30 856
1415 47 882
1416 77 209
1417 41 126
1418 5 567
1419 2 116
1420 17 547
1421 78 4
1422 15 391
1423 30 484
1424 73 561
1425 59 600
1426 81 129
1427 95 988
1428 89 463
1429 93 68
1430 41 355
1431 89 340
1432 26 306
1433 77 574
1434 25 486
1435 85 363
1436 73 759
1437 67 680
1438 19 332
1439 23 931
1440 16 648
1441 7 186
1442 5 184
1443 14 79
1444 78 875
1445 18 157
1446 22 328
1447 8 959
1448 71 441
1449 19 842
1450 91 753
1451 57 358
1452 36 614
1453 6 218
1454 39 355
1455 21 897
1456 86 588
1457 6 463
1458 26 9
1459 9 339
1460 84 298
1461 38 705
1462 70 883
1463 69 536
1464 33 573
1465 30 278
1466 90 430
1467 40 999
1468 1 73
1469 90 305
1470 51 678
1471 66 915
1472 63 764
1473 80 693
1474 4 548
1475 85 723
1476 68 19
1477 93 42
1478 86 940
1479 55 983
1480 11 798
1481 37 357
1482 67 214
1483 44 206
1484 30 53
1485 79 623
1486 31 657
1487 46 238
1488 74 946
1489 81 230
1490 13 781
1491 30 132
1492 22 502
1493 66 74
1494 100 140
1495 8 88
1496 58 174
1497 4 328
1498 76 611
1499 85 426
1500 14 489
1501 94 694
1502 54 799
1503 59 329
1504 36 670
1505 15 66
1506 51 597
1507 4 491
1508 58 867
1509 7 44
1510 13 259
1511 20 249
1512 35 206
1513 24 901
1514 75 798
1515 75 228
1516 93 99
1517 28 369
1518 81 892
1519 63 614
1520 27 897
1521 85 804
1522 10 940
1523 29 774
1524 90 92
1525 96 569
1526 7 837
1527 2 276
1528 14 519
1529 15 810
1530 70 957
1531 70 156
1532 7 902
1533 8 709
1534 56 578
1535 47 662
1536 78 396
1537 24 237
1538 85 126
1539 50 915
1540 49 394
1541 23 689
1542 57 216
1543 49 847
1544 96 507
1545 97 153
1546 5 567
1547 45 802
1548 15 945
1549 43 907
1550 63 463
1551 63 636
1552 77 427
1553 29 649
1554 1 457
1555 29 147
1556 97 380
1557 97 909
1558 13 494
1559 15 446
1560 100 941
1561 67 660
1562 86 659
1563 34 604
1564 43 680
1565 100 968
1566 45 10
1567 73 793
1568 99 264
1569 63 420
1570 10 391
1571 43 208
1572 34 232
1573 30 698
1574 34 261
1575 9 421
1576 86 32
1577 54 49
1578 13 387
1579 16 812
1580 72 695
1581 3 921
1582 58 116
1583 85 486
1584 50 825
1585 13 572
1586 76 403
1587 14 21
1588 15 337
1589 5 122
1590 64 667
1591 53 485
1592 13 473
1593 53 583
1594 77 893
1595 10 214
1596 63 875
1597 66 892
1598 37 552
1599 57 863
1600 46 796
1601 11 206
1602 80 641
1603 11 563
1604 85 945
1605 33 998
1606 70 438
1607 9 932
1608 24 843
1609 2 848
1610 38 402
1611 59 971
1612 65 4
1613 9 226
1614 31 733
1615 57 658
1616 28 581
1617 98 652
1618 36 546
1619 19 991
1620 88 254
1621 95 551
1622 99 856
1623 20 46
1624 78 538
1625 56 534
1626 11 412
1627 9 897
1628 3 892
1629 57 157
1630 90 323
1631 88 458
1632 8 374
1633 66 187
1634 90 568
1635 60 238
1636 39 491
1637 51 725
1638 31 946
1639 15 833
1640 19 457
1641 41 702
1642 4 749
1643 63 836
1644 99 653
1645 17 664
1646 18 851
1647 65 459
1648 34 208
1649 57 791
1650 92 302
1651 32 298
1652 76 18
1653 18 118
1654 50 124
1655 64 739
1656 7 820
1657 72 710
1658 66 982
1659 65 574
1660 42 543
1661 55 192
1662 69 180
1663 30 705
1664 96 63
1665 12 809
1666 25 467
1667 27 728
1668 34 662
1669 94 654
1670 57 872
1671 88 860
1672 32 938
1673 17 155
1674 1 708
1675 74 551
1676 11 991
1677 63 811
1678 79 953
1679 19 950
1680 57 478
1681 11 384
1682 24 137
1683 86 572
1684 2 764
1685 68 518
1686 79 566
1687 45 379
1688 80 47
1689 41 387
1690 48 5
1691 72 455
1692 19 51
1693 51 619
1694 93 571
1695 6 288
1696 100 61
1697 89 847
1698 71 176
1699 69 785
1700 50 984
1701 35 20
1702 22 220
1703 22 598
1704 15 257
1705 30 285
1706 33 485
1707 34 891
1708 100 647
1709 36 892
1710 73 861
1711 56 166
1712 95 418
1713 54 587
1714 52 881
1715 64 510
1716 39 190
1717 49 780
1718 43 728
1719 70 716
1720 69 454
1721 90 933
1722 24 950
1723 91 706
1724 28 774
1725 21 229
1726 79 32
1727 75 967
1728 44 703
1729 34 802
1730 36 744
1731 75 274
1732 53 101
1733 3 204
1734 24 587
1735 68 935
1736 62 592
1737 24 970
1738 96 224
1739 14 114
1740 78 491
1741 9 272
1742 16 825
1743 25 370
1744 26 218
1745 6 910
1746 6 454
1747 76 614
1748 95 18
1749 2 261
1750 49 520
1751 59 689
1752 21 941
1753 39 718
1754 60 202
1755 16 974
1756 51 618
1757 88 454
1758 86 926
1759 64 589
1760 99 646
1761 13 64
1762 60 847
1763 87 641
1764 47 508
1765 41 570
1766 54 418
1767 100 374
1768 55 565
1769 65 174
1770 94 316
1771 67 815
1772 76 623
1773 56 341
1774 81 519
1775 8 794
1776 3 465
1777 59 217
1778 6 241
1779 35 109
1780 100 397
1781 89 951
1782 22 124
1783 85 857
1784 5 59
1785 14 322
1786 18 676
1787 22 297
1788 75 569
1789 79 735
1790 15 678
1791 90 997
1792 17 377
1793 93 652
1794 45 902
1795 62 255
1796 58 851
1797 53 516
1798 39 238
1799 9 410
1800 82 331
1801 89 487
1802 7 492
1803 6 686
1804 51 613
1805 39 70
1806 30 469
1807 48 279
1808 59 118
1809 81 29
1810 44 804
1811 60 647
1812 53 891
1813 3 201
1814 86 191
1815 67 818
1816 12 174
1817 68 103
1818 100 106
1819 4 190
1820 56 868
1821 66 860
1822 16 853
1823 5 752
1824 50 583
1825 93 635
1826 48 694
1827 62 312
1828 68 3
1829 57 22
1830 91 754
1831 32 584
1832 3 873
1833 51 538
1834 85 838
1835 8 62
1836 58 208
1837 6 930
1838 6 943
1839 67 451
1840 68 630
1841 53 673
1842 7 890
1843 32 755
1844 40 545
1845 50 770
1846 57 118
1847 100 184
1848 47 394
1849 48 983
1850 51 423
1851 39 161
1852 55 834
1853 73 12
1854 55 87
1855 64 352
1856 78 341
1857 99 620
1858 49 507
1859 75 4
1860 75 403
1861 48 15
1862 58 382
1863 75 682
1864 87 860
1865 48 285
1866 5 343
1867 39 917
1868 92 494
1869 17 220
1870 49 512
1871 89 464
1872 28 835
1873 79 603
1874 26 672
1875 45 136
1876 16 188
1877 26 681
1878 16 582
1879 73 406
1880 90 425
1881 58 906
1882 28 622
1883 70 220
1884 78 180
1885 20 985
1886 8 561
1887 88 511
1888 62 688
1889 53 432
1890 52 247
1891 38 328
1892 17 246
1893 17 265
1894 22 103
1895 64 833
1896 63 717
1897 92 775
1898 86 613
1899 14 414
1900 44 204
1901 39 968
1902 88 628
1903 60 963
1904 53 686
1905 98 332
1906 49 700
1907 4 465
1908 21 622
1909 82 835
1910 34 576
1911 71 643
1912 25 770
1913 63 970
1914 95 514
1915 51 40
1916 27 727
1917 82 814
1918 2 28
1919 46 648
1920 10 366
1921 36 66
1922 21 4
1923 29 721
1924 3 290
1925 64 820
1926 43 313
1927 28 845
1928 59 626
1929 74 732
1930 20 133
1931 72 174
1932 61 652
1933 54 752
1934 23 870
1935 31 897
1936 51 860
1937 7 334
1938 81 499
1939 26 859
1940 93 638
1941 12 723
1942 80 547
1943 48 400
1944 22 735
1945 30 458
1946 53 628
1947 52 840
1948 86 816
1949 70 881
1950 22 267
1951 44 465
1952 14 524
1953 17 801
1954 68 386
1955 22 688
1956 36 874
1957 79 912
1958 60 524
1959 83 138
1960 95 517
1961 68 426
1962 56 539
1963 94 897
1964 4 423
1965 69 748
1966 58 940
1967 45 366
1968 36 262
1969 52 602
1970 32 840
1971 25 681
1972 27 645
1973 46 432
1974 1 62
1975 20 282
1976 86 319
1977 32 382
1978 35 444
1979 43 340
1980 40 45
1981 55 614
1982 26 146
1983 94 748
1984 80 661
1985 24 302
1986 87 119
1987 72 274
1988 19 280
1989 82 651
1990 18 408
1991 7 680
1992 85 808
1993 5 373
1994 63 623
1995 20 21
1996 45 968
1997 79 31
1998 51 414
1999 26 277
2000 78 611
2001 95 924
2002 40 941
2003 3 718
2004 41 663
2005 4 706
2006 3 376
2007 47 142
2008 72 380
2009 92 833
2010 28 367
2011 38 440
2012 5 494
2013 47 799
2014 83 343
2015 10 178
2016 97 36
2017 94 723
2018 47 88
2019 98 104
2020 28 194
2021 83 543
2022 2 515
2023 19 620
2024 43 717
2025 37 266
2026 64 644
2027 58 855
2028 54 678
2029 4 225
2030 7 759
2031 89 195
2032 77 357
2033 99 682
2034 80 852
2035 18 579
2036 39 254
2037 40 823
2038 96 684
2039 40 478
2040 74 519
2041 9 108
2042 75 885
2043 18 238
2044 3 898
2045 98 942
2046 90 995
2047 35 146
2048 6 366
2049 96 673
2050 37 668
2051 64 196
2052 15 716
2053 29 995
2054 75 496
2055 42 531
2056 51 690
2057 80 430
2058 48 143
2059 100 527
2060 63 848
2061 35 485
2062 49 180
2063 26 659
2064 41 88
2065 88 659
2066 34 589
2067 56 188
2068 56 60
2069 28 675
2070 28 807
2071 37 230
2072 50 593
2073 47 242
2074 83 386
2075 96 274
2076 92 702
2077 16 154
2078 82 324
2079 44 864
2080 99 384
2081 77 908
2082 28 962
2083 28 118
2084 27 274
2085 2 873
2086 12 882
2087 49 6
2088 40 915
2089 42 65
2090 91 169
2091 7 309
2092 60 37
2093 87 175
2094 42 913
2095 43 95
2096 77 751
2097 23 681
2098 76 598
2099 66 893
2100 13 219
2101 25 427
2102 76 941
2103 72 573
2104 11 165
2105 11 839
2106 35 667
2107 14 78
2108 99 732
2109 60 379
2110 22 482
2111 33 138
2112 29 999
2113 61 946
2114 2 7
2115 25 987
2116 12 376
2117 88 689
2118 32 737
2119 89 927
2120 81 332
2121 15 208
2122 86 562
2123 64 272
2124 31 619
2125 48 888
2126 39 134
2127 59 526
2128 81 939
2129 82 387
2130 63 106
2131 15 879
2132 82 653
2133 5 766
2134 35 193
2135 47 797
2136 86 848
2137 32 132
2138 19 77
2139 43 12
2140 23 512
2141 58 275
2142 35 603
2143 65 564
2144 57 441
2145 38 241
2146 31 281
2147 41 172
2148 77 474
2149 61 248
2150 24 312
2151 67 715
2152 66 802
2153 33 102
2154 30 397
2155 71 752
2156 93 418
2157 84 19
2158 97 517
2159 8 731
2160 95 222
2161 98 157
2162 8 225
2163 45 702
2164 52 35
2165 1 139
2166 86 976
2167 99 66
2168 55 117
2169 19 994
2170 52 50
2171 42 266
2172 36 15
2173 26 302
2174 56 349
2175 33 734
2176 100 942
2177 22 206
2178 38 860
2179 86 248
2180 84 241
2181 86 516
2182 58 933
2183 21 284
2184 43 861
2185 7 128
2186 45 789
2187 52 856
2188 89 842
2189 60 167
2190 23 634
2191 26 496
2192 5 540
2193 28 106
2194 42 221
2195 66 610
2196 48 797
2197 83 35
2198 55 822
2199 55 846
2200 35 289
2201 63 939
2202 17 420
2203 9 817
2204 90 426
2205 24 126
2206 71 582
2207 47 759
2208 58 98
2209 86 898
2210 46 232
2211 56 399
2212 49 465
2213 47 502
2214 77 443
2215 52 749
2216 49 678
2217 95 378
2218 76 492
2219 16 436
2220 50 465
2221 22 530
2222 8 577
2223 79 149
2224 35 786
2225 31 317
2226 82 668
2227 42 809
2228 42 866
2229 35 845
2230 94 11
2231 42 128
2232 22 922
2233 68 577
2234 1 588
2235 39 953
2236 74 169
2237 92 995
2238 47 844
2239 56 189
2240 30 425
2241 83 132
2242 96 985
2243 73 589
2244 15 483
2245 78 387
2246 58 369
2247 51 807
2248 54 871
2249 75 660
2250 32 822
2251 37 422
2252 20 411
2253 2 421
2254 74 820
2255 62 813
2256 42 392
2257 72 566
2258 79 890
2259 60 882
2260 61 878
2261 90 881
2262 16 396
2263 38 524
2264 68 14
2265 37 292
2266 22 896
2267 53 478
2268 50 35
2269 62 896
2270 52 27
2271 84 217
2272 27 164
2273 47 253
2274 21 17
2275 79 400
2276 19 97
2277 62 34
2278 88 327
2279 63 861
2280 92 821
2281 83 136
2282 25 434
2283 88 384
2284 54 610
2285 36 401
2286 17 753
2287 54 882
2288 88 174
2289 39 474
2290 12 820
2291 37 290
2292 89 685
2293 54 102
2294 42 816
2295 14 784
2296 84 567
2297 21 886
2298 61 475
2299 23 591
2300 58 842
2301 75 166
2302 31 167
2303 34 257
2304 79 165
2305 83 439
2306 66 901
2307 24 223
2308 38 712
2309 33 730
2310 57 299
2311 49 965
2312 41 589
2313 34 23
2314 36 640
2315 52 160
2316 37 114
2317 96 259
2318 61 743
2319 84 657
2320 62 198
2321 24 466
2322 61 407
2323 35 474
2324 30 877
2325 50 957
2326 19 968
2327 28 685
2328 36 440
2329 28 159
2330 4 194
2331 1 580
2332 95 817
2333 46 780
2334 96 142
2335 57 500
2336 64 306
2337 57 35
2338 22 415
2339 99 759
2340 51 840
2341 68 470
2342 42 765
2343 22 966
2344 25 512
2345 60 500
2346 96 119
2347 45 541
2348 75 712
2349 50 620
2350 24 589
2351 82 443
2352 72 705
2353 31 889
2354 75 869
2355 52 11
2356 36 237
2357 2 638
2358 12 364
2359 41 632
2360 46 444
2361 34 279
2362 97 319
2363 49 282
2364 10 770
2365 77 738
2366 39 64
2367 19 117
2368 70 629
2369 73 833
2370 9 683
2371 41 975
2372 94 306
2373 17 528
2374 73 358
2375 45 955
2376 51 853
2377 100 993
2378 24 876
2379 16 27
2380 14 807
2381 73 22
2382 93 829
2383 53 699
2384 42 616
2385 11 340
2386 39 389
2387 99 943
2388 33 563
2389 3 516
2390 92 331
2391 96 952
2392 16 130
2393 52 627
2394 60 290
2395 31 781
2396 1 662
2397 91 469
2398 73 211
2399 78 431
2400 71 548
2401 64 236
2402 72 633
2403 9 728
2404 57 767
2405 62 492
2406 55 345
2407 28 892
2408 29 354
2409 91 112
2410 43 37
2411 92 671
2412 52 267
2413 34 412
2414 48 625
2415 13 573
2416 49 443
2417 37 625
2418 2 953
2419 51 604
2420 67 143
2421 52 35
2422 28 59
2423 87 547
2424 68 449
2425 67 919
2426 82 529
2427 85 655
2428 85 199
2429 26 44
2430 98 551
2431 65 937
2432 10 188
2433 54 480
2434 76 222
2435 64 775
2436 23 106
2437 49 414
2438 6 680
2439 99 5
2440 46 207
2441 59 921
2442 10 753
2443 55 74
2444 35 909
2445 43 247
2446 46 557
2447 81 459
2448 35 906
2449 41 383
2450 25 685
2451 42 638
2452 82 782
2453 61 241
2454 45 397
2455 27 858
2456 58 18
2457 57 664
2458 58 298
2459 75 872
2460 17 881
2461 17 687
2462 64 645
2463 68 954
2464 44 427
2465 91 693
2466 24 841
2467 8 770
2468 67 997
2469 91 637
2470 90 956
2471 38 447
2472 3 617
2473 2 609
2474 34 84
2475 91 998
2476 66 878
2477 14 891
2478 65 648
2479 56 324
2480 63 864
2481 55 329
2482 85 578
2483 26 128
2484 79 273
2485 98 902
2486 99 383
2487 79 293
2488 97 90
2489 25 465
2490 98 57
2491 81 280
2492 89 931
2493 92 80
2494 24 32
2495 31 986
2496 96 417
2497 99 718
2498 57 757
2499 26 987
2500 20 814
2501 79 19
2502 79 437
2503 32 903
2504 24 880
2505 18 541
2506 23 718
2507 22 805
2508 25 46
2509 16 669
2510 25 526
2511 79 971
2512 28 911
2513 38 508
2514 18 243
2515 14 525
2516 29 550
2517 35 824
2518 27 47
2519 98 623
2520 7 600
2521 61 606
2522 71 801
2523 4 72
2524 34 654
2525 49 278
2526 83 540
2527 75 639
2528 51 170
2529 57 929
2530 6 605
2531 96 222
2532 42 417
2533 28 120
2534 22 614
2535 91 908
2536 8 109
2537 14 123
2538 2 197
2539 37 326
2540 2 614
2541 38 37
2542 91 346
2543 32 848
2544 47 532
2545 78 894
2546 78 856
2547 5 180
2548 91 547
2549 90 173
2550 81 685
2551 12 354
2552 23 341
2553 39 880
2554 90 944
2555 76 808
2556 45 214
2557 77 592
2558 40 749
2559 57 725
2560 27 317
2561 3 841
2562 82 397
2563 87 430
2564 2 375
2565 10 588
2566 2 288
2567 53 849
2568 65 248
2569 99 996
2570 18 462
2571 93 298
2572 71 744
2573 14 640
2574 96 8
2575 96 519
2576 63 562
2577 28 880
2578 61 987
2579 78 18
2580 65 880
2581 87 4
2582 9 346
2583 42 558
2584 54 747
2585 9 168
2586 10 904
2587 12 256
2588 97 138
2589 6 79
2590 86 904
2591 24 809
2592 57 396
2593 21 943
2594 89 603
2595 75 406
2596 91 937
2597 40 740
2598 47 424
2599 69 671
2600 89 591
2601 30 208
2602 51 928
2603 40 676
2604 3 637
2605 19 330
2606 63 988
2607 34 465
2608 66 9
2609 94 70
2610 54 994
2611 76 247
2612 73 765
2613 40 340
2614 60 59
2615 17 657
2616 92 849
2617 85 882
2618 18 46
2619 97 945
2620 3 356
2621 4 270
2622 92 110
2623 41 31
2624 30 287
2625 41 867
2626 78 569
2627 11 904
2628 73 73
2629 87 898
2630 40 268
2631 6 673
2632 30 604
2633 71 195
2634 96 978
2635 62 919
2636 41 373
2637 65 558
2638 75 333
2639 25 359
2640 9 328
2641 55 120
2642 4 409
2643 44 505
2644 90 121
2645 31 201
2646 40 411
2647 38 614
2648 38 509
2649 64 962
2650 46 817
2651 53 430
2652 42 762
2653 39 319
2654 87 62
2655 81 106
2656 16 79
2657 13 268
2658 31 874
2659 28 621
2660 31 965
2661 33 726
2662 35 213
2663 5 288
2664 22 617
2665 48 786
2666 24 408
2667 42 108
2668 10 550
2669 1 573
2670 29 409
2671 70 968
2672 42 113
2673 87 435
2674 99 618
2675 83 495
2676 85 360
2677 43 539
2678 21 40
2679 9 604
2680 80 501
2681 79 22
2682 8 566
2683 37 661
2684 86 212
2685 56 153
2686 20 383
2687 61 397
2688 67 206
2689 67 557
2690 95 323
2691 3 47
2692 57 854
2693 43 263
2694 97 614
2695 92 871
2696 95 303
2697 8 328
2698 25 237
2699 34 871
2700 85 471
2701 76 86
2702 100 215
2703 31 533
2704 36 322
2705 27 347
2706 4 226
2707 55 871
2708 29 153
2709 72 542
2710 25 898
2711 39 582
2712 13 278
2713 69 303
2714 2 4
2715 24 61
2716 79 651
2717 88 800
2718 49 181
2719 73 433
2720 26 94
2721 48 527
2722 15 927
2723 66 789
2724 6 377
2725 8 726
2726 33 312
2727 85 279
2728 79 566
2729 26 851
2730 48 245
2731 8 60
2732 55 589
2733 82 982
2734 52 244
2735 38 615
2736 40 231
2737 22 894
2738 73 95
2739 64 407
2740 59 664
2741 73 940
2742 68 41
2743 16 476
2744 90 924
2745 72 407
2746 81 956
2747 27 98
2748 77 487
2749 52 887
2750 34 214
2751 44 386
2752 96 342
2753 10 285
2754 71 650
2755 14 390
2756 39 927
2757 39 837
2758 42 201
2759 14 853
2760 84 851
2761 15 506
2762 96 300
2763 40 304
2764 99 227
2765 62 798
2766 8 669
2767 38 213
2768 66 59
2769 73 952
2770 26 765
2771 11 136
2772 43 133
2773 44 927
2774 33 878
2775 84 151
2776 61 303
2777 5 170
2778 73 257
2779 75 448
2780 42 672
2781 54 917
2782 52 293
2783 28 926
2784 36 810
2785 37 50
2786 23 202
2787 6 863
2788 34 720
2789 90 940
2790 96 11
2791 49 301
2792 74 28
2793 73 629
2794 20 710
2795 2 833
2796 62 290
2797 7 84
2798 87 70
2799 97 333
2800 12 44
2801 48 51
2802 33 212
2803 74 725
2804 27 300
2805 92 319
2806 18 758
2807 78 198
2808 56 641
2809 18 847
2810 7 590
2811 95 155
2812 31 874
2813 56 75
2814 98 942
2815 76 966
2816 31 960
2817 76 410
2818 37 746
2819 95 244
2820 4 669
2821 74 28
2822 14 885
2823 60 234
2824 68 881
2825 10 203
2826 98 661
2827 48 169
2828 23 341
2829 31 629
2830 9 971
2831 9 394
2832 65 604
2833 23 247
2834 38 602
2835 28 357
2836 7 956
2837 56 574
2838 43 489
2839 9 45
2840 36 60
2841 47 979
2842 49 101
2843 61 319
2844 65 720
2845 32 551
2846 6 586
2847 39 915
2848 66 44
2849 73 864
2850 23 113
2851 73 841
2852 50 290
2853 36 758
2854 34 793
2855 44 720
2856 21 483
2857 54 914
2858 68 906
2859 68 89
2860 89 580
2861 6 540
2862 62 163
2863 42 528
2864 92 376
2865 8 7
2866 8 548
2867 57 934
2868 4 499
2869 34 232
2870 12 714
2871 66 841
2872 93 20
2873 87 93
2874 42 636
2875 75 981
2876 94 884
2877 74 252
2878 100 768
2879 70 380
2880 9 291
2881 44 940
2882 100 50
2883 90 902
2884 30 259
2885 60 464
2886 29 369
2887 59 906
2888 20 992
2889 37 682
2890 62 697
2891 1 629
2892 22 160
2893 79 311
2894 96 575
2895 89 711
2896 42 233
2897 30 351
2898 89 752
2899 75 33
2900 29 422
2901 92 608
2902 36 586
2903 63 656
2904 23 683
2905 72 737
2906 82 468
2907 3 785
2908 33 749
2909 58 351
2910 85 463
2911 50 741
2912 10 506
2913 24 508
2914 62 961
2915 15 701
2916 90 824
2917 96 291
2918 39 504
2919 12 744
2920 17 424
2921 14 957
2922 31 623
2923 32 473
2924 27 293
2925 11 36
2926 67 292
2927 30 873
2928 92 735
2929 42 213
2930 88 911
2931 32 565
2932 100 775
2933 97 244
2934 45 221
2935 10 663
2936 65 236
2937 18 790
2938 40 610
2939 10 854
2940 5 533
2941 76 337
2942 36 15
2943 79 231
2944 71 985
2945 83 230
2946 30 45
2947 48 472
2948 4 767
2949 64 702
2950 57 347
2951 55 574
2952 65 276
2953 58 306
2954 60 990
2955 59 546
2956 40 17
2957 52 318
2958 59 959
2959 30 801
2960 44 398
2961 51 880
2962 88 69
2963 95 562
2964 1 678
2965 59 637
2966 24 901
2967 3 668
2968 82 375
2969 82 938
2970 71 96
2971 2 41
2972 19 263
2973 21 482
2974 46 582
2975 13 148
2976 57 217
2977 74 853
2978 80 171
2979 3 142
2980 87 36
2981 40 812
2982 46 539
2983 56 587
2984 54 805
2985 40 580
2986 49 940
2987 72 806
2988 13 11
2989 57 903
2990 23 917
2991 10 116
2992 40 805
2993 77 560
2994 69 205
2995 52 150
2996 34 444
2997 55 692
2998 75 455
2999 80 99
3000 80 777
379566.25
