6000
1 10 794
2 45 110
3 95 489
4 92 711
5 69 670
6 58 673
7 87 3
8 20 399
9 12 97
10 89 567
11 92 730
12 19 149
13 36 640
14 1 706
15 87 409
16 36 780
17 16 129
18 38 963
19 9 310
20 74 976
21 76 419
22 38 146
23 32 98
24 37 331
25 89 82
26 95 903
27 41 979
28 50 993
29 93 427
30 70 658
31 22 580
32 21 120
33 78 109
34 38 912
35 26 76
36 28 757
37 62 324
38 57 434
39 32 992
40 92 457
41 4 460
42 63 504
43 49 309
44 32 400
45 21 687
46 58 422
47 47 13
48 12 482
49 26 496
50 35 132
51 51 621
52 26 696
53 88 615
54 93 910
55 68 717
56 12 961
57 88 536
58 94 676
59 36 383
60 27 966
61 52 71
62 39 988
63 3 647
64 27 6
65 22 916
66 79 774
67 94 57
68 8 431
69 36 485
70 74 829
71 92 194
72 84 65
73 27 614
74 45 449
75 12 13
76 24 902
77 7 48
78 37 151
79 5 767
80 75 507
81 19 629
82 48 284
83 94 575
84 50 69
85 68 568
86 63 716
87 24 202
88 99 837
89 82 734
90 29 778
91 34 509
92 32 367
93 36 247
94 38 771
95 43 943
96 42 7
97 76 774
98 14 241
99 78 539
100 70 517
101 35 232
102 45 735
103 64 37
104 49 978
105 54 319
106 9 60
107 44 121
108 42 280
109 64 781
110 54 145
111 72 202
112 54 834
113 7 424
114 42 830
115 99 489
116 97 620
117 52 65
118 75 488
119 46 459
120 84 688
121 19 426
122 56 175
123 70 707
124 82 234
125 83 235
126 91 745
127 60 821
128 38 977
129 77 114
130 26 64
131 20 624
132 96 255
133 37 177
134 37 288
135 62 232
136 59 886
137 98 388
138 99 488
139 19 180
140 39 359
141 97 843
142 69 425
143 69 836
144 79 526
145 79 864
146 28 88
147 40 587
148 2 545
149 51 50
150 65 460
151 19 725
152 82 993
153 63 239
154 15 845
155 97 516
156 94 776
157 87 907
158 90 515
159 61 561
160 80 253
161 90 225
162 33 859
163 24 883
164 9 246
165 16 57
166 78 466
167 53 666
168 73 58
169 34 841
170 70 334
171 67 364
172 30 127
173 9 898
174 93 106
175 75 830
176 26 691
177 93 174
178 47 859
179 97 357
180 65 637
181 78 825
182 36 412
183 86 130
184 25 848
185 3 583
186 67 803
187 67 108
188 34 615
189 43 519
190 36 10
191 12 788
192 15 356
193 35 193
194 2 665
195 49 575
196 33 802
197 26 946
198 10 605
199 59 716
200 16 88
201 71 615
202 84 521
203 18 736
204 27 645
205 50 318
206 15 819
207 38 227
208 67 46
209 66 118
210 43 713
211 81 19
212 20 987
213 22 368
214 24 920
215 13 966
216 97 65
217 13 326
218 46 648
219 86 249
220 99 733
221 80 290
222 63 633
223 6 871
224 40 574
225 19 537
226 3 650
227 4 28
228 57 506
229 40 605
230 58 41
231 75 840
232 26 981
233 67 542
234 52 466
235 5 5
236 53 210
237 63 156
238 32 567
239 53 650
240 82 550
241 75 414
242 79 685
243 58 45
244 22 838
245 71 753
246 73 706
247 77 971
248 26 493
249 61 589
250 36 346
251 66 222
252 23 465
253 92 239
254 21 750
255 72 195
256 92 482
257 76 269
258 78 470
259 70 425
260 23 693
261 52 66
262 73 571
263 65 796
264 84 880
265 3 307
266 13 4
267 32 819
268 53 662
269 75 908
270 67 463
271 30 575
272 61 210
273 84 958
274 15 871
275 20 886
276 22 231
277 27 126
278 64 558
279 52 482
280 12 743
281 35 767
282 29 416
283 19 55
284 21 907
285 56 493
286 81 780
287 36 345
288 49 308
289 91 186
290 64 653
291 96 155
292 72 772
293 14 484
294 79 311
295 83 114
296 55 608
297 69 74
298 35 924
299 99 414
300 45 443
301 28 21
302 9 853
303 80 273
304 23 326
305 80 306
306 64 872
307 29 169
308 93 335
309 39 921
310 5 176
311 7 854
312 53 22
313 46 188
314 10 921
315 23 259
316 91 17
317 81 98
318 72 336
319 50 594
320 79 785
321 49 735
322 65 122
323 20 459
324 32 381
325 37 699
326 57 674
327 1 439
328 40 507
329 11 18
330 19 266
331 84 806
332 66 675
333 39 696
334 76 485
335 95 720
336 53 149
337 62 156
338 85 813
339 34 405
340 52 698
341 89 399
342 68 421
343 99 410
344 72 490
345 12 990
346 87 289
347 92 140
348 69 571
349 29 747
350 71 791
351 71 955
352 71 159
353 46 453
354 87 327
355 98 251
356 4 56
357 86 976
358 45 428
359 20 118
360 84 248
361 96 491
362 64 619
363 99 411
364 21 377
365 49 914
366 88 334
367 61 340
368 70 714
369 19 507
370 86 934
371 8 718
372 65 30
373 50 245
374 89 7
375 18 337
376 74 567
377 7 870
378 44 329
379 66 851
380 55 550
381 32 166
382 21 795
383 67 653
384 73 349
385 16 803
386 36 433
387 50 966
388 55 497
389 25 465
390 80 420
391 35 654
392 90 262
393 55 442
394 90 831
395 48 253
396 19 942
397 90 547
398 12 592
399 99 557
400 9 762
401 49 693
402 46 420
403 93 410
404 52 398
405 65 982
406 6 890
407 92 984
408 69 497
409 53 266
410 87 846
411 10 217
412 5 843
413 71 851
414 70 636
415 17 609
416 72 41
417 55 533
418 91 688
419 32 625
420 73 142
421 31 389
422 56 677
423 87 951
424 20 886
425 90 735
426 63 400
427 10 775
428 61 503
429 97 990
430 57 686
431 97 574
432 96 433
433 3 361
434 90 693
435 83 818
436 72 565
437 100 145
438 59 900
439 1 225
440 13 670
441 54 224
442 41 917
443 62 11
444 54 206
445 29 389
446 34 198
447 86 125
448 33 960
449 87 601
450 11 420
451 38 121
452 45 736
453 2 776
454 60 990
455 20 184
456 35 751
457 82 159
458 21 754
459 49 5
460 47 75
461 40 747
462 35 630
463 9 694
464 53 838
465 26 471
466 16 336
467 24 521
468 63 18
469 50 13
470 97 776
471 76 90
472 84 946
473 2 644
474 65 112
475 25 916
476 95 974
477 69 118
478 99 95
479 74 316
480 82 504
481 85 302
482 58 869
483 41 832
484 59 277
485 57 210
486 5 657
487 91 151
488 49 216
489 40 324
490 3 152
491 92 686
492 89 788
493 26 809
494 51 935
495 51 640
496 55 348
497 26 355
498 85 784
499 90 209
500 42 473
501 44 880
502 82 42
503 42 689
504 54 554
505 80 1000
506 62 511
507 70 888
508 91 88
509 15 960
510 8 175
511 32 962
512 37 116
513 48 163
514 42 452
515 57 906
516 10 985
517 3 894
518 34 238
519 94 969
520 11 49
521 21 342
522 9 789
523 39 516
524 63 362
525 93 161
526 4 841
527 60 214
528 76 438
529 54 372
530 63 312
531 59 188
532 44 62
533 7 85
534 28 488
535 63 514
536 95 712
537 90 4
538 15 282
539 12 427
540 8 490
541 31 301
542 65 147
543 81 534
544 89 544
545 56 408
546 47 296
547 29 407
548 17 768
549 40 964
550 6 285
551 91 287
552 78 355
553 61 766
554 72 778
555 78 941
556 73 132
557 86 209
558 50 422
559 96 633
560 40 105
561 16 27
562 42 312
563 88 331
564 29 54
565 23 526
566 52 67
567 48 170
568 59 47
569 98 539
570 14 831
571 50 986
572 42 890
573 13 863
574 14 545
575 35 107
576 19 820
577 4 898
578 79 421
579 7 321
580 55 843
581 34 123
582 8 14
583 50 99
584 44 870
585 88 857
586 55 209
587 38 853
588 59 537
589 52 901
590 95 411
591 57 319
592 95 953
593 76 992
594 53 799
595 21 344
596 59 999
597 63 987
598 53 951
599 99 53
600 83 677
601 51 139
602 86 273
603 99 587
604 49 143
605 18 426
606 68 112
607 22 604
608 17 405
609 67 251
610 22 88
611 17 473
612 38 816
613 84 933
614 56 700
615 59 109
616 90 261
617 25 820
618 88 521
619 56 216
620 10 25
621 92 570
622 96 259
623 92 934
624 5 593
625 57 189
626 29 181
627 67 911
628 14 473
629 68 909
630 29 728
631 98 338
632 40 615
633 59 690
634 49 635
635 14 785
636 17 467
637 38 993
638 32 384
639 95 149
640 4 172
641 30 203
642 62 605
643 61 944
644 94 59
645 28 432
646 57 524
647 47 31
648 76 105
649 8 855
650 39 656
651 5 386
652 69 919
653 63 981
654 52 197
655 49 340
656 32 90
657 69 314
658 92 715
659 24 133
660 23 784
661 23 74
662 3 523
663 46 274
664 38 891
665 92 874
666 45 981
667 19 76
668 29 111
669 28 187
670 26 542
671 61 684
672 65 555
673 84 260
674 37 431
675 15 772
676 69 61
677 60 635
678 69 510
679 72 476
680 50 649
681 39 443
682 20 865
683 57 814
684 27 459
685 98 506
686 16 828
687 63 900
688 37 583
689 16 340
690 85 201
691 21 519
692 51 893
693 97 203
694 47 347
695 48 123
696 28 61
697 79 850
698 64 458
699 74 695
700 40 178
701 28 282
702 49 222
703 51 226
704 1 228
705 40 371
706 47 870
707 13 934
708 20 331
709 6 242
710 3 791
711 98 57
712 5 641
713 35 724
714 66 641
715 54 369
716 71 940
717 44 552
718 50 5
719 88 388
720 25 633
721 97 418
722 76 903
723 44 456
724 5 70
725 49 769
726 54 720
727 60 453
728 44 11
729 38 717
730 52 78
731 66 766
732 56 407
733 22 299
734 45 314
735 46 540
736 63 71
737 32 665
738 59 548
739 15 862
740 19 580
741 84 133
742 39 679
743 98 251
744 99 981
745 54 767
746 22 945
747 36 225
748 27 78
749 38 418
750 81 613
751 97 990
752 5 965
753 87 869
754 92 733
755 89 808
756 95 18
757 76 219
758 67 701
759 13 183
760 64 571
761 65 102
762 41 291
763 87 803
764 58 784
765 54 65
766 17 176
767 20 721
768 74 267
769 96 77
770 4 864
771 51 931
772 30 629
773 13 14
774 90 623
775 92 716
776 53 284
777 56 662
778 23 309
779 22 391
780 54 819
781 99 158
782 72 45
783 6 507
784 63 126
785 65 149
786 9 816
787 6 606
788 69 481
789 5 474
790 79 574
791 74 120
792 5 867
793 61 43
794 91 499
795 82 430
796 80 708
797 33 602
798 62 762
799 73 841
800 39 447
801 84 339
802 87 740
803 68 599
804 40 620
805 49 562
806 15 942
807 22 364
808 88 359
809 56 822
810 55 44
811 22 667
812 1 43
813 44 764
814 31 25
815 7 387
816 17 953
817 75 373
818 25 291
819 72 769
820 44 589
821 25 293
822 49 154
823 14 448
824 15 273
825 83 657
826 58 445
827 9 481
828 51 178
829 93 151
830 100 486
831 78 969
832 59 745
833 22 641
834 17 286
835 70 360
836 23 660
837 47 694
838 75 606
839 19 812
840 42 851
841 37 140
842 86 825
843 17 497
844 35 514
845 61 948
846 11 433
847 67 236
848 87 293
849 66 832
850 80 721
851 8 651
852 76 588
853 39 262
854 46 472
855 14 711
856 31 64
857 28 462
858 50 500
859 7 372
860 22 616
861 85 29
862 74 944
863 85 813
864 93 927
865 94 185
866 27 924
867 92 359
868 96 732
869 96 378
870 28 111
871 4 618
872 89 317
873 17 804
874 49 34
875 96 335
876 77 236
877 88 199
878 93 10
879 20 573
880 81 408
881 52 918
882 71 974
883 19 200
884 43 176
885 16 657
886 66 894
887 12 222
888 75 393
889 88 346
890 73 327
891 86 200
892 61 278
893 17 649
894 62 17
895 3 367
896 80 694
897 70 296
898 47 929
899 37 415
900 34 53
901 89 357
902 80 325
903 20 764
904 37 164
905 92 524
906 59 526
907 19 848
908 59 907
909 54 806
910 58 128
911 40 643
912 36 612
913 84 116
914 45 833
915 33 705
916 49 882
917 30 68
918 88 387
919 18 545
920 42 815
921 17 571
922 40 993
923 65 653
924 61 913
925 53 885
926 19 537
927 88 672
928 76 297
929 28 955
930 9 748
931 75 848
932 57 972
933 26 106
934 79 998
935 87 993
936 91 812
937 59 609
938 31 68
939 18 844
940 35 32
941 7 769
942 49 826
943 88 550
944 67 32
945 46 466
946 52 753
947 42 862
948 21 618
949 12 491
950 66 665
951 81 189
952 82 162
953 65 764
954 71 421
955 87 974
956 20 284
957 41 583
958 16 136
959 50 169
960 1 576
961 90 387
962 16 511
963 60 184
964 43 353
965 25 236
966 51 892
967 82 444
968 61 39
969 90 77
970 70 126
971 73 38
972 27 44
973 30 586
974 49 912
975 44 289
976 47 538
977 68 376
978 7 47
979 13 443
980 37 133
981 37 571
982 31 107
983 60 831
984 89 18
985 92 485
986 44 491
987 60 226
988 97 493
989 70 125
990 79 487
991 49 752
992 73 585
993 47 598
994 37 512
995 86 580
996 88 40
997 51 935
998 20 81
999 30 10
1000 65 873
1001 1 514
1002 21 456
1003 75 885
1004 18 436
1005 56 509
1006 28 164
1007 51 706
1008 95 845
1009 44 577
1010 99 633
1011 9 284
1012 66 465
1013 19 504
1014 41 409
1015 17 342
1016 65 437
1017 35 449
1018 86 267
1019 8 50
1020 34 666
1021 4 14
1022 20 666
1023 77 559
1024 21 65
1025 71 667
1026 52 995
1027 71 958
1028 66 627
1029 19 81
1030 47 277
1031 32 198
1032 87 852
1033 7 776
1034 23 336
1035 70 240
1036 31 732
1037 53 463
1038 3 432
1039 86 627
1040 6 696
1041 19 940
1042 32 750
1043 72 747
1044 30 149
1045 82 521
1046 1 645
1047 92 184
1048 35 705
1049 71 202
1050 16 643
1051 75 518
1052 24 532
1053 24 736
1054 59 735
1055 58 102
1056 99 211
1057 99 176
1058 51 963
1059 11 153
1060 78 881
1061 93 935
1062 66 40
1063 78 305
1064 75 278
1065 76 604
1066 32 428
1067 71 884
1068 35 833
1069 4 44
1070 29 243
1071 11 699
1072 32 150
1073 23 36
1074 87 789
1075 42 148
1076 14 996
1077 37 612
1078 40 157
1079 28 883
1080 88 928
1081 86 584
1082 69 528
1083 45 987
1084 40 958
1085 69 475
1086 28 110
1087 99 856
1088 17 755
1089 86 225
1090 97 534
1091 9 660
1092 22 993
1093 73 834
1094 96 845
1095 48 647
1096 73 244
1097 67 509
1098 100 255
1099 49 102
1100 99 212
1101 95 148
1102 79 513
1103 100 66
1104 30 265
1105 43 493
1106 37 457
1107 76 232
1108 1 146
1109 65 404
1110 83 380
1111 90 170
1112 33 441
1113 27 413
1114 16 747
1115 10 589
1116 34 991
1117 36 313
1118 43 516
1119 97 741
1120 34 107
1121 61 762
1122 50 924
1123 43 400
1124 88 500
1125 8 43
1126 54 816
1127 28 591
1128 3 631
1129 25 32
1130 93 586
1131 18 172
1132 15 982
1133 93 33
1134 4 457
1135 77 187
1136 7 798
1137 73 301
1138 12 548
1139 56 865
1140 47 811
1141 66 153
1142 20 656
1143 27 141
1144 100 808
1145 58 967
1146 75 760
1147 71 182
1148 10 422
1149 36 435
1150 19 620
1151 75 608
1152 17 290
1153 11 672
1154 53 681
1155 12 571
1156 27 799
1157 18 87
1158 57 699
1159 55 929
1160 57 389
1161 72 368
1162 19 911
1163 20 81
1164 15 999
1165 12 499
1166 85 954
1167 69 318
1168 100 236
1169 5 64
1170 73 400
1171 66 393
1172 64 662
1173 70 418
1174 79 80
1175 44 675
1176 27 876
1177 95 205
1178 75 505
1179 83 864
1180 61 508
1181 93 230
1182 79 28
1183 67 740
1184 24 320
1185 58 474
1186 67 820
1187 5 346
1188 40 227
1189 6 759
1190 90 71
1191 45 150
1192 86 230
1193 18 387
1194 82 790
1195 70 909
1196 77 132
1197 98 83
1198 60 922
1199 49 924
1200 20 356
1201 10 50
1202 41 425
1203 47 75
1204 32 860
1205 4 522
1206 63 831
1207 26 506
1208 71 669
1209 3 635
1210 21 772
1211 75 815
1212 67 210
1213 40 344
1214 98 446
1215 98 855
1216 22 288
1217 22 387
1218 72 180
1219 1 492
1220 93 594
1221 6 182
1222 83 69
1223 63 470
1224 52 623
1225 22 684
1226 96 916
1227 6 822
1228 73 523
1229 14 9
1230 49 301
1231 98 749
1232 4 747
1233 12 488
1234 7 20
1235 96 395
1236 27 84
1237 94 476
1238 8 210
1239 25 596
1240 54 973
1241 10 587
1242 37 475
1243 5 35
1244 54 553
1245 23 584
1246 35 442
1247 91 844
1248 43 880
1249 70 131
1250 6 877
1251 98 44
1252 69 663
1253 45 545
1254 86 462
1255 79 540
1256 4 901
1257 91 892
1258 58 751
1259 45 738
1260 32 654
1261 77 50
1262 66 730
1263 33 992
1264 77 123
1265 6 424
1266 48 174
1267 71 964
1268 6 276
1269 57 52
1270 32 401
1271 12 746
1272 29 677
1273 76 630
1274 96 571
1275 88 6
1276 86 231
1277 28 147
1278 33 133
1279 65 595
1280 29 694
1281 39 658
1282 55 241
1283 16 507
1284 88 344
1285 59 939
1286 54 243
1287 51 612
1288 95 301
1289 33 216
1290 63 628
1291 10 469
1292 36 852
1293 60 596
1294 55 296
1295 46 299
1296 28 501
1297 28 600
1298 42 604
1299 89 316
1300 36 303
1301 47 317
1302 85 884
1303 34 856
1304 47 518
1305 73 596
1306 89 689
1307 9 993
1308 82 310
1309 22 85
1310 91 902
1311 11 64
1312 64 528
1313 51 124
1314 30 578
1315 66 52
1316 52 63
1317 65 537
1318 27 65
1319 18 266
1320 81 781
1321 73 484
1322 89 215
1323 25 80
1324 11 694
1325 52 549
1326 15 444
1327 94 716
1328 93 941
1329 70 380
1330 28 710
1331 51 725
1332 16 315
1333 51 76
1334 78 181
1335 39 26
1336 70 359
1337 77 832
1338 44 618
1339 99 273
1340 15 824
1341 41 437
1342 32 545
1343 22 135
1344 83 56
1345 82 338
1346 65 797
1347 39 956
1348 71 168
1349 91 418
1350 69 407
1351 42 930
1352 12 673
1353 95 703
1354 58 438
1355 12 163
1356 82 193
1357 46 808
1358 56 693
1359 34 86
1360 78 966
1361 23 853
1362 4 990
1363 87 961
1364 10 11
1365 89 279
1366 75 157
1367 95 153
1368 19 522
1369 91 332
1370 50 907
1371 71 777
1372 94 242
1373 54 913
1374 15 147
1375 9 299
1376 25 775
1377 79 67
1378 68 920
1379 79 658
1380 84 640
1381 96 211
1382 43 440
1383 21 829
1384 57 835
1385 49 497
1386 9 684
1387 85 726
1388 6 78
1389 11 606
1390 47 273
1391 45 78
1392 70 462
1393 1 655
1394 92 961
1395 64 273
1396 33 290
1397 92 735
1398 59 599
1399 24 549
1400 23 970
1401 51 238
1402 32 667
1403 41 561
1404 18 88
1405 76 741
1406 83 932
1407 6 897
1408 43 211
1409 79 930
1410 5 818
1411 77 729
1412 58 421
1413 50 987
1414 43 951
1415 30 7
1416 17 114
1417 58 204
1418 64 81
1419 88 156
1420 98 259
1421 64 789
1422 70 310
1423 86 567
1424 98 985
1425 61 654
1426 31 572
1427 74 997
1428 87 178
1429 69 226
1430 75 9
1431 87 473
1432 67 380
1433 19 266
1434 87 44
1435 55 993
1436 93 997
1437 99 483
1438 27 971
1439 32 249
1440 31 47
1441 79 544
1442 67 694
1443 80 997
1444 62 975
1445 44 115
1446 75 345
1447 76 811
1448 77 498
1449 94 67
1450 10 874
1451 57 546
1452 88 74
1453 73 940
1454 14 777
1455 50 184
1456 46 202
1457 10 619
1458 14 923
1459 39 251
1460 100 743
1461 13 459
1462 64 888
1463 89 447
1464 17 328
1465 28 928
1466 85 80
1467 39 858
1468 78 568
1469 76 251
1470 54 705
1471 37 869
1472 68 141
1473 71 203
1474 32 180
1475 63 854
1476 99 38
1477 100 132
1478 97 682
1479 47 190
1480 46 739
1481 92 383
1482 68 121
1483 57 195
1484 46 177
1485 72 144
1486 56 856
1487 37 89
1488 19 573
1489 71 867
1490 13 563
1491 48 549
1492 40 317
1493 18 889
1494 49 753
1495 50 79
1496 23 844
1497 34 360
1498 51 917
1499 34 598
1500 77 22
1501 64 655
1502 66 143
1503 65 975
1504 86 330
1505 23 730
1506 57 818
1507 44 640
1508 69 939
1509 84 786
1510 50 312
1511 82 205
1512 54 316
1513 49 59
1514 35 626
1515 46 952
1516 66 911
1517 75 954
1518 50 10
1519 79 183
1520 17 35
1521 54 262
1522 58 751
1523 74 528
1524 54 172
1525 24 790
1526 32 940
1527 73 297
1528 88 141
1529 29 932
1530 7 772
1531 47 275
1532 83 606
1533 25 404
1534 64 687
1535 27 445
1536 3 935
1537 50 185
1538 54 757
1539 85 173
1540 61 171
1541 87 61
1542 43 499
1543 29 562
1544 94 830
1545 48 357
1546 71 158
1547 84 569
1548 57 689
1549 100 246
1550 23 1000
1551 25 34
1552 98 642
1553 6 250
1554 87 922
1555 38 858
1556 90 485
1557 1 309
1558 90 975
1559 54 761
1560 58 676
1561 86 954
1562 50 877
1563 66 407
1564 77 978
1565 11 112
1566 71 707
1567 29 66
1568 49 910
1569 14 924
1570 9 930
1571 39 92
1572 28 349
1573 58 759
1574 73 855
1575 15 76
1576 77 412
1577 90 251
1578 68 946
1579 60 297
1580 52 470
1581 90 615
1582 80 915
1583 66 119
1584 22 643
1585 60 267
1586 12 379
1587 25 250
1588 53 593
1589 39 826
1590 28 752
1591 67 973
1592 74 725
1593 61 755
1594 62 675
1595 75 399
1596 41 566
1597 99 410
1598 83 507
1599 3 205
1600 31 921
1601 56 967
1602 79 321
1603 54 176
1604 89 867
1605 74 119
1606 2 742
1607 21 950
1608 63 838
1609 94 872
1610 94 49
1611 49 253
1612 60 401
1613 22 62
1614 40 228
1615 14 251
1616 84 17
1617 24 20
1618 65 265
1619 45 312
1620 74 976
1621 64 630
1622 23 604
1623 13 302
1624 20 160
1625 10 385
1626 98 73
1627 15 830
1628 99 573
1629 7 482
1630 89 528
1631 25 354
1632 21 865
1633 7 357
1634 77 807
1635 62 950
1636 80 99
1637 93 317
1638 92 873
1639 75 872
1640 41 602
1641 71 772
1642 8 299
1643 71 94
1644 28 578
1645 65 576
1646 17 403
1647 1 396
1648 77 228
1649 18 956
1650 46 222
1651 83 464
1652 28 16
1653 97 600
1654 95 720
1655 14 799
1656 14 502
1657 77 869
1658 74 772
1659 52 104
1660 4 190
1661 79 629
1662 100 230
1663 20 941
1664 81 178
1665 74 573
1666 84 49
1667 51 204
1668 28 162
1669 100 754
1670 63 293
1671 52 218
1672 13 799
1673 22 294
1674 15 325
1675 56 733
1676 20 573
1677 3 663
1678 3 196
1679 67 192
1680 63 55
1681 63 218
1682 1 111
1683 70 621
1684 65 12
1685 86 439
1686 61 778
1687 77 692
1688 35 704
1689 43 393
1690 32 57
1691 84 465
1692 7 892
1693 72 50
1694 86 448
1695 22 536
1696 46 442
1697 97 114
1698 81 464
1699 46 323
1700 53 667
1701 76 924
1702 58 693
1703 70 618
1704 63 672
1705 17 933
1706 82 434
1707 99 562
1708 63 925
1709 54 839
1710 70 668
1711 60 373
1712 62 562
1713 64 547
1714 3 743
1715 45 478
1716 36 571
1717 61 189
1718 74 205
1719 100 752
1720 1 994
1721 82 924
1722 83 187
1723 7 645
1724 43 865
1725 52 882
1726 64 284
1727 51 336
1728 55 769
1729 17 187
1730 41 538
1731 88 88
1732 68 482
1733 79 680
1734 11 401
1735 44 67
1736 33 290
1737 80 537
1738 19 43
1739 13 192
1740 24 224
1741 25 14
1742 37 997
1743 23 402
1744 46 835
1745 89 329
1746 98 537
1747 46 346
1748 79 359
1749 52 403
1750 82 60
1751 100 190
1752 19 927
1753 71 64
1754 60 709
1755 70 852
1756 7 200
1757 66 598
1758 59 160
1759 42 915
1760 3 808
1761 39 533
1762 85 350
1763 77 36
1764 49 861
1765 2 614
1766 62 216
1767 14 288
1768 2 946
1769 96 411
1770 98 330
1771 33 572
1772 53 751
1773 6 69
1774 98 138
1775 33 917
1776 88 202
1777 89 536
1778 15 326
1779 38 174
1780 58 224
1781 28 416
1782 90 136
1783 78 672
1784 12 608
1785 93 30
1786 16 647
1787 20 721
1788 22 615
1789 6 306
1790 99 945
1791 88 54
1792 53 767
1793 34 169
1794 86 23
1795 88 892
1796 61 258
1797 15 969
1798 12 542
1799 97 399
1800 57 531
1801 72 154
1802 30 196
1803 87 861
1804 23 866
1805 70 336
1806 51 322
1807 25 152
1808 9 892
1809 67 848
1810 89 455
1811 10 74
1812 90 476
1813 14 435
1814 72 749
1815 7 58
1816 73 348
1817 2 832
1818 69 233
1819 85 442
1820 32 522
1821 97 784
1822 17 323
1823 59 24
1824 33 963
1825 26 209
1826 37 442
1827 85 424
1828 23 230
1829 46 298
1830 100 853
1831 66 446
1832 73 975
1833 70 451
1834 11 510
1835 34 726
1836 71 772
1837 49 344
1838 58 152
1839 13 428
1840 90 17
1841 45 517
1842 31 566
1843 52 148
1844 58 484
1845 36 146
1846 69 293
1847 84 352
1848 20 939
1849 30 44
1850 27 946
1851 17 313
1852 39 360
1853 96 315
1854 94 227
1855 86 180
1856 45 25
1857 70 238
1858 49 871
1859 18 99
1860 53 955
1861 80 380
1862 49 924
1863 26 220
1864 55 214
1865 38 628
1866 54 780
1867 45 967
1868 52 814
1869 34 573
1870 6 716
1871 64 508
1872 53 263
1873 47 741
1874 78 92
1875 16 422
1876 39 647
1877 83 164
1878 98 175
1879 8 254
1880 57 459
1881 66 738
1882 40 653
1883 77 796
1884 8 356
1885 15 958
1886 9 463
1887 52 203
1888 62 540
1889 96 370
1890 48 862
1891 8 225
1892 15 953
1893 89 690
1894 85 422
1895 17 644
1896 76 362
1897 43 98
1898 94 920
1899 15 458
1900 58 891
1901 26 926
1902 64 230
1903 25 741
1904 26 226
1905 5 414
1906 5 4
1907 61 6
1908 82 406
1909 45 47
1910 86 13
1911 85 235
1912 2 214
1913 10 788
1914 100 684
1915 77 1000
1916 42 295
1917 36 888
1918 88 306
1919 45 878
1920 52 65
1921 100 551
1922 58 610
1923 44 252
1924 35 456
1925 55 279
1926 55 548
1927 79 825
1928 19 949
1929 63 384
1930 9 547
1931 53 495
1932 74 92
1933 76 467
1934 61 428
1935 69 282
1936 85 19
1937 23 514
1938 12 38
1939 43 881
1940 60 133
1941 62 589
1942 8 536
1943 67 399
1944 69 154
1945 77 62
1946 17 575
1947 74 789
1948 5 629
1949 34 725
1950 94 840
1951 76 342
1952 48 254
1953 73 122
1954 35 766
1955 94 218
1956 42 258
1957 28 469
1958 96 55
1959 33 591
1960 47 316
1961 87 387
1962 2 808
1963 67 176
1964 83 420
1965 4 701
1966 41 601
1967 94 82
1968 36 901
1969 38 910
1970 34 658
1971 56 238
1972 36 994
1973 6 623
1974 67 428
1975 15 732
1976 93 911
1977 88 792
1978 66 896
1979 78 808
1980 69 945
1981 77 362
1982 28 54
1983 51 916
1984 87 403
1985 30 81
1986 86 75
1987 15 436
1988 2 779
1989 7 711
1990 9 253
1991 13 569
1992 78 661
1993 73 93
1994 2 690
1995 12 776
1996 30 189
1997 78 100
1998 3 450
1999 10 529
2000 29 782
2001 56 361
2002 94 591
2003 27 488
2004 49 262
2005 15 781
2006 10 745
2007 53 356
2008 71 526
2009 97 973
2010 48 308
2011 8 537
2012 1 209
2013 63 311
2014 90 732
2015 7 604
2016 19 422
2017 16 151
2018 46 608
2019 65 706
2020 43 675
2021 95 496
2022 34 55
2023 65 737
2024 22 274
2025 71 45
2026 64 443
2027 73 838
2028 72 350
2029 69 476
2030 22 44
2031 29 489
2032 11 495
2033 11 75
2034 76 132
2035 46 434
2036 49 450
2037 79 652
2038 19 947
2039 87 198
2040 32 189
2041 38 96
2042 62 381
2043 13 940
2044 87 294
2045 2 445
2046 49 10
2047 79 948
2048 37 365
2049 11 637
2050 82 856
2051 81 726
2052 93 871
2053 83 163
2054 20 412
2055 62 872
2056 46 576
2057 45 930
2058 55 503
2059 28 672
2060 92 825
2061 36 356
2062 1 384
2063 74 899
2064 42 510
2065 28 618
2066 80 860
2067 91 423
2068 16 213
2069 30 23
2070 14 581
2071 96 88
2072 25 962
2073 98 428
2074 70 697
2075 86 816
2076 88 679
2077 89 455
2078 15 718
2079 43 512
2080 33 403
2081 53 737
2082 55 891
2083 14 396
2084 3 715
2085 82 430
2086 71 423
2087 61 708
2088 78 547
2089 23 694
2090 71 159
2091 23 618
2092 45 151
2093 24 949
2094 54 708
2095 97 95
2096 6 982
2097 5 737
2098 28 304
2099 9 912
2100 95 92
2101 17 480
2102 80 214
2103 36 849
2104 91 699
2105 10 954
2106 72 96
2107 48 937
2108 40 869
2109 25 286
2110 25 63
2111 67 215
2112 50 730
2113 37 945
2114 20 403
2115 36 888
2116 66 203
2117 28 845
2118 41 276
2119 35 246
2120 48 394
2121 41 70
2122 8 856
2123 46 220
2124 22 420
2125 57 159
2126 9 102
2127 31 580
2128 82 974
2129 18 430
2130 53 481
2131 50 924
2132 31 55
2133 55 819
2134 64 341
2135 17 272
2136 57 752
2137 40 830
2138 55 294
2139 85 223
2140 74 272
2141 45 635
2142 50 254
2143 28 843
2144 78 834
2145 61 986
2146 70 484
2147 51 381
2148 13 404
2149 71 557
2150 36 708
2151 31 560
2152 26 589
2153 82 301
2154 96 870
2155 21 843
2156 48 859
2157 91 288
2158 40 622
2159 66 255
2160 49 303
2161 75 757
2162 63 132
2163 48 974
2164 70 859
2165 41 566
2166 74 986
2167 26 755
2168 10 50
2169 59 921
2170 98 844
2171 25 914
2172 23 182
2173 74 619
2174 15 284
2175 16 375
2176 96 409
2177 26 629
2178 78 663
2179 77 609
2180 34 389
2181 43 72
2182 83 847
2183 34 59
2184 58 86
2185 61 833
2186 57 793
2187 28 174
2188 61 142
2189 72 525
2190 73 192
2191 12 910
2192 73 248
2193 77 366
2194 35 374
2195 43 93
2196 17 752
2197 5 369
2198 3 422
2199 24 204
2200 82 21
2201 97 214
2202 51 341
2203 90 437
2204 12 505
2205 1 474
2206 7 96
2207 13 888
2208 29 15
2209 55 46
2210 58 751
2211 22 230
2212 88 930
2213 90 826
2214 18 260
2215 56 61
2216 51 769
2217 56 348
2218 72 604
2219 8 587
2220 3 6
2221 32 320
2222 92 987
2223 3 702
2224 34 848
2225 49 914
2226 56 24
2227 72 223
2228 44 294
2229 71 720
2230 42 534
2231 100 972
2232 6 665
2233 69 762
2234 5 913
2235 51 729
2236 51 972
2237 35 623
2238 85 971
2239 91 839
2240 53 823
2241 53 191
2242 27 314
2243 88 318
2244 64 129
2245 85 10
2246 23 196
2247 43 382
2248 56 163
2249 50 758
2250 72 479
2251 68 305
2252 3 787
2253 34 844
2254 5 419
2255 3 544
2256 63 532
2257 97 167
2258 54 920
2259 50 929
2260 23 849
2261 49 721
2262 23 486
2263 37 64
2264 88 873
2265 22 454
2266 74 638
2267 43 967
2268 76 264
2269 71 750
2270 40 189
2271 67 382
2272 13 958
2273 1 118
2274 31 862
2275 71 63
2276 8 71
2277 86 494
2278 94 556
2279 67 560
2280 50 545
2281 81 371
2282 11 8
2283 37 465
2284 95 521
2285 84 227
2286 99 397
2287 10 923
2288 20 583
2289 19 882
2290 19 696
2291 79 649
2292 39 263
2293 52 168
2294 48 647
2295 39 404
2296 31 299
2297 98 116
2298 71 156
2299 95 987
2300 86 28
2301 9 667
2302 46 114
2303 22 363
2304 94 341
2305 82 820
2306 94 183
2307 45 795
2308 59 724
2309 90 547
2310 15 930
2311 97 915
2312 85 295
2313 9 537
2314 11 339
2315 41 224
2316 61 37
2317 9 114
2318 5 936
2319 94 738
2320 19 890
2321 22 863
2322 74 721
2323 90 627
2324 49 162
2325 73 322
2326 8 944
2327 62 559
2328 7 26
2329 10 884
2330 83 144
2331 40 792
2332 99 373
2333 30 805
2334 61 791
2335 99 899
2336 31 479
2337 98 21
2338 18 698
2339 29 938
2340 86 409
2341 54 390
2342 77 938
2343 35 8
2344 61 47
2345 18 550
2346 90 249
2347 80 647
2348 6 680
2349 74 325
2350 82 681
2351 27 669
2352 27 299
2353 60 686
2354 28 141
2355 2 848
2356 80 583
2357 11 980
2358 2 452
2359 14 175
2360 45 603
2361 31 491
2362 65 485
2363 36 77
2364 62 611
2365 32 564
2366 56 208
2367 8 120
2368 64 956
2369 54 134
2370 47 465
2371 25 497
2372 49 591
2373 53 471
2374 75 525
2375 36 989
2376 84 41
2377 42 527
2378 38 46
2379 17 420
2380 47 835
2381 96 776
2382 27 440
2383 48 339
2384 4 225
2385 20 716
2386 74 653
2387 22 961
2388 84 595
2389 38 556
2390 34 293
2391 51 478
2392 40 922
2393 51 851
2394 61 80
2395 31 363
2396 29 998
2397 42 539
2398 28 352
2399 46 26
2400 45 170
2401 41 24
2402 74 475
2403 29 346
2404 10 709
2405 84 904
2406 14 983
2407 100 708
2408 54 357
2409 16 539
2410 80 199
2411 74 854
2412 69 729
2413 97 414
2414 28 405
2415 95 182
2416 87 38
2417 10 794
2418 62 725
2419 94 945
2420 85 436
2421 91 213
2422 75 932
2423 72 984
2424 17 20
2425 35 723
2426 93 113
2427 97 159
2428 78 149
2429 20 84
2430 70 235
2431 9 322
2432 77 314
2433 21 206
2434 38 86
2435 52 734
2436 77 592
2437 42 891
2438 40 934
2439 83 835
2440 14 463
2441 2 173
2442 36 366
2443 97 458
2444 74 942
2445 40 497
2446 93 356
2447 6 797
2448 11 835
2449 8 541
2450 56 644
2451 3 978
2452 52 584
2453 57 8
2454 16 408
2455 34 653
2456 26 527
2457 47 15
2458 20 971
2459 2 609
2460 81 401
2461 67 144
2462 26 104
2463 6 551
2464 84 642
2465 21 669
2466 5 528
2467 60 228
2468 28 95
2469 40 186
2470 31 589
2471 47 922
2472 79 675
2473 92 29
2474 44 171
2475 82 665
2476 53 523
2477 73 808
2478 26 882
2479 20 485
2480 51 397
2481 67 375
2482 19 963
2483 46 652
2484 2 309
2485 41 79
2486 53 40
2487 80 835
2488 41 490
2489 31 402
2490 77 878
2491 26 532
2492 69 74
2493 81 279
2494 25 295
2495 4 97
2496 92 37
2497 90 745
2498 12 116
2499 51 579
2500 34 228
2501 59 138
2502 91 402
2503 90 357
2504 58 431
2505 99 80
2506 58 462
2507 71 440
2508 82 262
2509 30 383
2510 15 531
2511 6 708
2512 27 841
2513 28 943
2514 16 392
2515 94 699
2516 52 94
2517 74 987
2518 91 890
2519 54 745
2520 38 519
2521 73 176
2522 8 940
2523 71 974
2524 62 650
2525 86 326
2526 87 4
2527 16 763
2528 19 666
2529 92 490
2530 74 483
2531 42 400
2532 78 564
2533 8 529
2534 7 565
2535 96 717
2536 53 851
2537 42 731
2538 10 41
2539 61 804
2540 26 111
2541 44 420
2542 5 546
2543 93 123
2544 75 726
2545 57 372
2546 95 775
2547 11 31
2548 91 57
2549 86 673
2550 44 639
2551 95 299
2552 60 224
2553 37 562
2554 43 649
2555 49 334
2556 50 859
2557 31 227
2558 79 442
2559 89 527
2560 33 780
2561 57 83
2562 40 154
2563 80 505
2564 75 611
2565 50 329
2566 61 998
2567 82 439
2568 71 933
2569 82 528
2570 28 604
2571 78 940
2572 81 504
2573 65 380
2574 90 181
2575 48 220
2576 48 181
2577 70 221
2578 19 41
2579 10 23
2580 10 623
2581 81 45
2582 16 134
2583 95 491
2584 77 845
2585 78 155
2586 57 953
2587 84 555
2588 36 36
2589 10 182
2590 71 499
2591 28 584
2592 86 154
2593 33 538
2594 63 432
2595 84 120
2596 85 180
2597 48 996
2598 32 427
2599 41 404
2600 75 633
2601 36 227
2602 52 533
2603 22 694
2604 58 960
2605 28 773
2606 26 629
2607 51 105
2608 68 485
2609 29 916
2610 7 334
2611 34 284
2612 32 659
2613 76 504
2614 68 251
2615 87 504
2616 35 273
2617 21 426
2618 36 512
2619 93 629
2620 25 923
2621 26 128
2622 90 968
2623 35 181
2624 90 262
2625 59 768
2626 57 443
2627 41 621
2628 34 164
2629 30 178
2630 73 423
2631 51 10
2632 62 23
2633 55 187
2634 44 755
2635 55 965
2636 61 958
2637 39 887
2638 92 255
2639 11 841
2640 67 698
2641 7 367
2642 97 318
2643 31 388
2644 53 887
2645 29 53
2646 1 407
2647 55 262
2648 89 334
2649 56 458
2650 17 65
2651 24 886
2652 63 854
2653 9 721
2654 8 701
2655 96 914
2656 21 140
2657 35 545
2658 47 810
2659 5 133
2660 42 440
2661 64 453
2662 88 351
2663 100 75
2664 40 103
2665 46 164
2666 38 567
2667 26 572
2668 11 800
2669 20 498
2670 99 13
2671 66 757
2672 73 256
2673 8 79
2674 100 821
2675 52 665
2676 52 282
2677 1 673
2678 82 527
2679 42 901
2680 51 600
2681 63 79
2682 6 371
2683 97 119
2684 42 789
2685 52 729
2686 26 121
2687 13 435
2688 35 221
2689 63 281
2690 1 63
2691 22 666
2692 74 141
2693 67 639
2694 74 509
2695 39 939
2696 6 691
2697 13 554
2698 69 953
2699 45 103
2700 83 408
2701 99 700
2702 25 820
2703 41 318
2704 1 950
2705 1 457
2706 62 715
2707 45 667
2708 51 494
2709 91 683
2710 100 631
2711 57 390
2712 80 602
2713 37 927
2714 60 576
2715 45 233
2716 61 889
2717 89 473
2718 65 343
2719 53 767
2720 50 165
2721 45 185
2722 18 891
2723 18 600
2724 57 744
2725 49 343
2726 17 532
2727 22 548
2728 78 290
2729 42 320
2730 12 176
2731 12 835
2732 90 458
2733 51 430
2734 97 796
2735 73 789
2736 56 501
2737 25 176
2738 46 973
2739 14 233
2740 80 872
2741 75 938
2742 98 519
2743 47 169
2744 41 502
2745 75 743
2746 82 916
2747 47 137
2748 19 891
2749 53 635
2750 75 864
2751 93 127
2752 9 731
2753 13 539
2754 37 334
2755 41 479
2756 15 105
2757 57 741
2758 18 479
2759 60 920
2760 9 599
2761 27 283
2762 47 517
2763 7 705
2764 12 588
2765 83 882
2766 76 714
2767 24 633
2768 32 321
2769 4 737
2770 7 732
2771 35 456
2772 55 770
2773 83 390
2774 18 426
2775 23 744
2776 70 556
2777 55 510
2778 8 57
2779 38 443
2780 63 414
2781 20 530
2782 35 794
2783 1 530
2784 57 157
2785 68 629
2786 6 519
2787 38 694
2788 49 324
2789 47 311
2790 82 58
2791 64 600
2792 36 140
2793 67 534
2794 100 246
2795 68 804
2796 77 60
2797 54 684
2798 35 266
2799 11 788
2800 78 108
2801 58 25
2802 35 478
2803 81 204
2804 58 531
2805 14 364
2806 40 997
2807 92 266
2808 4 665
2809 13 73
2810 95 673
2811 2 976
2812 14 540
2813 30 790
2814 49 480
2815 44 784
2816 39 60
2817 84 276
2818 54 580
2819 21 18
2820 19 489
2821 67 905
2822 85 337
2823 7 936
2824 59 50
2825 8 786
2826 89 372
2827 7 875
2828 11 452
2829 51 918
2830 85 470
2831 23 135
2832 39 396
2833 53 287
2834 69 368
2835 80 941
2836 21 255
2837 31 424
2838 45 817
2839 59 552
2840 8 570
2841 51 702
2842 41 362
2843 10 601
2844 93 183
2845 15 984
2846 15 987
2847 33 919
2848 54 473
2849 95 388
2850 64 264
2851 31 908
2852 11 412
2853 87 822
2854 40 984
2855 44 888
2856 43 644
2857 72 971
2858 26 200
2859 1 544
2860 98 868
2861 70 853
2862 15 867
2863 93 73
2864 70 681
2865 61 830
2866 75 578
2867 49 402
2868 35 167
2869 43 53
2870 78 871
2871 90 231
2872 9 565
2873 86 499
2874 91 183
2875 82 113
2876 10 929
2877 76 836
2878 46 175
2879 40 723
2880 3 441
2881 20 623
2882 56 877
2883 4 554
2884 91 628
2885 94 250
2886 20 195
2887 71 838
2888 97 174
2889 84 957
2890 56 47
2891 80 227
2892 15 444
2893 86 781
2894 32 440
2895 41 434
2896 39 597
2897 77 381
2898 37 237
2899 62 285
2900 61 641
2901 4 168
2902 27 164
2903 74 553
2904 37 30
2905 53 923
2906 66 197
2907 37 452
2908 60 551
2909 13 874
2910 7 996
2911 67 662
2912 39 839
2913 99 320
2914 56 626
2915 45 448
2916 16 825
2917 4 822
2918 60 570
2919 73 596
2920 85 331
2921 15 192
2922 45 603
2923 46 832
2924 92 605
2925 94 559
2926 54 602
2927 58 331
2928 53 932
2929 14 620
2930 92 698
2931 7 921
2932 1 881
2933 10 754
2934 8 724
2935 13 221
2936 52 229
2937 57 754
2938 24 926
2939 63 182
2940 4 429
2941 84 391
2942 36 926
2943 12 992
2944 39 703
2945 13 118
2946 21 401
2947 36 185
2948 54 630
2949 38 395
2950 2 148
2951 86 954
2952 63 640
2953 90 674
2954 70 180
2955 51 113
2956 75 968
2957 71 895
2958 76 383
2959 46 930
2960 71 489
2961 5 358
2962 47 734
2963 23 38
2964 26 824
2965 92 800
2966 67 315
2967 3 977
2968 16 8
2969 87 388
2970 40 87
2971 13 162
2972 71 908
2973 22 573
2974 16 931
2975 61 635
2976 54 858
2977 63 810
2978 70 502
2979 3 301
2980 74 135
2981 24 417
2982 76 29
2983 2 402
2984 92 81
2985 97 195
2986 44 919
2987 72 630
2988 79 784
2989 83 90
2990 98 822
2991 25 795
2992 83 73
2993 58 909
2994 61 528
2995 83 387
2996 8 760
2997 98 913
2998 69 231
2999 26 309
3000 66 891
3001 34 294
3002 11 406
3003 67 756
3004 88 489
3005 70 397
3006 57 899
3007 31 767
3008 65 683
3009 90 543
3010 31 515
3011 38 863
3012 31 883
3013 18 115
3014 59 725
3015 8 463
3016 78 492
3017 59 930
3018 2 25
3019 6 150
3020 43 407
3021 70 8
3022 7 639
3023 32 902
3024 36 605
3025 3 47
3026 44 749
3027 81 109
3028 24 412
3029 59 616
3030 83 144
3031 71 826
3032 94 790
3033 7 771
3034 58 866
3035 92 395
3036 23 202
3037 34 604
3038 53 457
3039 15 61
3040 75 281
3041 26 354
3042 76 994
3043 49 458
3044 65 47
3045 54 543
3046 73 982
3047 8 248
3048 98 142
3049 64 905
3050 61 153
3051 48 759
3052 91 803
3053 41 33
3054 93 212
3055 59 976
3056 22 414
3057 25 550
3058 58 478
3059 68 722
3060 12 576
3061 10 309
3062 28 146
3063 45 206
3064 28 25
3065 32 235
3066 89 117
3067 97 456
3068 34 240
3069 57 390
3070 97 485
3071 83 627
3072 4 831
3073 17 622
3074 96 991
3075 43 918
3076 41 655
3077 19 75
3078 12 690
3079 10 492
3080 100 891
3081 13 229
3082 77 57
3083 45 629
3084 49 636
3085 36 374
3086 4 593
3087 1 810
3088 83 817
3089 17 189
3090 86 252
3091 73 785
3092 40 778
3093 19 482
3094 74 486
3095 23 28
3096 29 767
3097 97 157
3098 57 233
3099 27 595
3100 43 145
3101 96 225
3102 74 108
3103 62 263
3104 1 462
3105 40 555
3106 33 683
3107 42 575
3108 5 746
3109 81 227
3110 55 104
3111 48 112
3112 9 700
3113 4 86
3114 50 274
3115 25 303
3116 49 309
3117 43 836
3118 7 813
3119 72 501
3120 49 82
3121 8 595
3122 22 59
3123 45 981
3124 48 509
3125 87 568
3126 22 780
3127 2 921
3128 62 211
3129 60 966
3130 77 830
3131 54 438
3132 75 426
3133 55 645
3134 86 768
3135 77 376
3136 87 743
3137 37 807
3138 94 273
3139 96 494
3140 21 295
3141 17 179
3142 9 345
3143 68 329
3144 66 746
3145 98 796
3146 87 338
3147 22 87
3148 34 934
3149 49 538
3150 87 664
3151 90 583
3152 96 988
3153 43 50
3154 27 11
3155 75 912
3156 5 562
3157 38 634
3158 8 574
3159 82 170
3160 79 535
3161 72 195
3162 79 714
3163 48 420
3164 92 59
3165 7 84
3166 13 423
3167 67 214
3168 7 811
3169 66 997
3170 33 532
3171 77 387
3172 100 889
3173 98 547
3174 92 291
3175 58 804
3176 1 35
3177 41 94
3178 31 548
3179 1 124
3180 59 153
3181 13 309
3182 93 303
3183 81 782
3184 100 611
3185 40 397
3186 21 767
3187 26 656
3188 72 802
3189 70 943
3190 98 857
3191 20 878
3192 16 854
3193 26 832
3194 34 962
3195 94 53
3196 43 664
3197 36 93
3198 9 565
3199 92 687
3200 90 375
3201 44 955
3202 88 479
3203 50 648
3204 71 45
3205 5 880
3206 32 929
3207 95 824
3208 84 248
3209 31 535
3210 50 516
3211 61 930
3212 81 405
3213 37 383
3214 33 557
3215 48 877
3216 93 990
3217 63 282
3218 79 17
3219 35 741
3220 6 293
3221 59 516
3222 61 559
3223 64 414
3224 86 206
3225 69 595
3226 71 491
3227 67 79
3228 53 827
3229 27 149
3230 20 175
3231 70 488
3232 54 836
3233 87 63
3234 37 40
3235 3 597
3236 99 556
3237 14 917
3238 1 54
3239 88 985
3240 72 403
3241 50 379
3242 29 840
3243 10 893
3244 50 788
3245 36 814
3246 61 749
3247 64 424
3248 50 249
3249 42 228
3250 61 880
3251 12 990
3252 65 386
3253 90 541
3254 53 394
3255 50 226
3256 79 321
3257 39 341
3258 19 535
3259 71 243
3260 51 584
3261 22 638
3262 31 102
3263 42 772
3264 33 19
3265 69 196
3266 52 420
3267 67 29
3268 84 71
3269 96 22
3270 67 591
3271 50 852
3272 40 832
3273 34 592
3274 51 722
3275 86 496
3276 10 271
3277 15 976
3278 40 670
3279 67 244
3280 3 991
3281 45 607
3282 20 247
3283 73 761
3284 22 302
3285 93 542
3286 90 170
3287 23 369
3288 12 173
3289 66 249
3290 92 699
3291 1 84
3292 60 263
3293 75 766
3294 57 262
3295 92 567
3296 9 370
3297 66 470
3298 44 774
3299 28 653
3300 50 887
3301 19 729
3302 93 4
3303 79 768
3304 16 600
3305 55 272
3306 86 910
3307 52 94
3308 82 80
3309 5 814
3310 84 880
3311 30 194
3312 7 608
3313 50 692
3314 50 819
3315 51 128
3316 97 113
3317 28 632
3318 17 244
3319 11 63
3320 16 914
3321 1 188
3322 38 447
3323 80 544
3324 36 211
3325 27 939
3326 59 617
3327 36 436
3328 44 618
3329 24 516
3330 95 76
3331 40 632
3332 10 767
3333 37 855
3334 83 644
3335 48 124
3336 77 749
3337 94 43
3338 5 81
3339 6 147
3340 93 483
3341 11 836
3342 80 750
3343 60 815
3344 17 878
3345 41 303
3346 79 476
3347 30 844
3348 4 78
3349 47 23
3350 72 154
3351 82 53
3352 17 375
3353 64 515
3354 68 257
3355 91 745
3356 58 91
3357 18 73
3358 99 983
3359 74 765
3360 98 84
3361 76 698
3362 15 784
3363 57 322
3364 3 822
3365 84 155
3366 50 115
3367 20 534
3368 9 839
3369 74 798
3370 19 638
3371 53 949
3372 45 249
3373 81 89
3374 72 976
3375 55 984
3376 8 575
3377 78 820
3378 32 645
3379 91 595
3380 77 163
3381 20 186
3382 34 877
3383 97 83
3384 33 181
3385 77 446
3386 21 50
3387 59 46
3388 67 225
3389 40 802
3390 68 634
3391 85 51
3392 43 813
3393 24 333
3394 73 877
3395 67 457
3396 20 729
3397 64 634
3398 26 431
3399 48 97
3400 10 810
3401 90 692
3402 13 30
3403 90 658
3404 36 669
3405 39 293
3406 58 259
3407 86 43
3408 32 661
3409 74 800
3410 60 768
3411 12 359
3412 77 229
3413 71 305
3414 95 988
3415 64 299
3416 15 673
3417 53 331
3418 2 904
3419 12 412
3420 7 196
3421 31 617
3422 52 861
3423 85 5
3424 93 342
3425 57 971
3426 71 56
3427 64 119
3428 98 803
3429 79 122
3430 47 694
3431 78 600
3432 79 978
3433 57 467
3434 25 131
3435 66 828
3436 22 23
3437 61 158
3438 4 430
3439 33 376
3440 68 465
3441 10 65
3442 92 732
3443 53 512
3444 51 483
3445 16 743
3446 69 383
3447 1 778
3448 48 954
3449 24 574
3450 57 955
3451 48 984
3452 54 117
3453 37 733
3454 7 251
3455 65 314
3456 37 677
3457 55 350
3458 91 767
3459 18 696
3460 90 290
3461 81 49
3462 11 874
3463 25 55
3464 89 50
3465 42 54
3466 39 326
3467 88 359
3468 19 315
3469 40 164
3470 80 337
3471 93 542
3472 53 508
3473 41 870
3474 20 389
3475 21 5
3476 1 101
3477 49 710
3478 62 296
3479 39 773
3480 22 407
3481 56 100
3482 63 170
3483 70 739
3484 47 52
3485 82 373
3486 65 444
3487 2 433
3488 56 691
3489 24 823
3490 93 383
3491 69 283
3492 52 874
3493 92 192
3494 72 877
3495 24 215
3496 94 429
3497 65 638
3498 4 34
3499 86 422
3500 6 294
3501 29 752
3502 92 476
3503 26 459
3504 30 281
3505 61 48
3506 25 51
3507 60 794
3508 85 450
3509 18 8
3510 55 509
3511 6 424
3512 99 165
3513 37 798
3514 10 835
3515 19 344
3516 30 153
3517 91 938
3518 52 680
3519 40 815
3520 29 166
3521 47 111
3522 31 292
3523 61 315
3524 54 9
3525 70 47
3526 10 570
3527 66 258
3528 56 682
3529 40 684
3530 46 982
3531 70 852
3532 73 361
3533 51 934
3534 82 220
3535 81 343
3536 37 705
3537 59 222
3538 53 130
3539 38 464
3540 11 463
3541 96 293
3542 20 149
3543 79 197
3544 82 117
3545 4 157
3546 78 865
3547 42 11
3548 82 820
3549 66 725
3550 64 495
3551 75 250
3552 44 897
3553 11 169
3554 75 958
3555 97 692
3556 19 310
3557 36 926
3558 15 132
3559 97 960
3560 12 877
3561 45 766
3562 99 283
3563 81 947
3564 56 287
3565 88 523
3566 43 625
3567 37 775
3568 99 490
3569 64 923
3570 96 951
3571 67 970
3572 69 794
3573 12 776
3574 49 419
3575 32 62
3576 61 772
3577 51 284
3578 97 430
3579 99 463
3580 24 616
3581 93 500
3582 57 930
3583 99 282
3584 82 618
3585 83 352
3586 100 586
3587 72 655
3588 6 6
3589 77 449
3590 65 144
3591 50 349
3592 48 193
3593 62 402
3594 80 99
3595 76 82
3596 14 818
3597 99 347
3598 54 707
3599 89 647
3600 74 161
3601 43 840
3602 42 631
3603 26 722
3604 76 248
3605 13 49
3606 11 154
3607 54 231
3608 89 65
3609 41 324
3610 17 307
3611 79 26
3612 77 671
3613 3 194
3614 52 870
3615 35 23
3616 100 615
3617 12 132
3618 88 785
3619 66 695
3620 82 450
3621 53 814
3622 86 289
3623 6 720
3624 82 680
3625 23 364
3626 68 809
3627 15 941
3628 74 941
3629 28 429
3630 65 339
3631 98 448
3632 32 353
3633 38 480
3634 89 29
3635 58 904
3636 34 497
3637 94 781
3638 82 178
3639 18 885
3640 51 383
3641 53 634
3642 55 736
3643 14 778
3644 23 356
3645 27 560
3646 14 185
3647 9 480
3648 70 931
3649 43 785
3650 51 333
3651 68 436
3652 91 805
3653 12 139
3654 13 979
3655 20 446
3656 51 669
3657 100 222
3658 87 1000
3659 47 363
3660 69 43
3661 68 867
3662 32 507
3663 28 609
3664 81 192
3665 52 950
3666 91 648
3667 75 739
3668 21 456
3669 46 417
3670 41 789
3671 24 281
3672 81 80
3673 1 753
3674 100 775
3675 17 340
3676 44 538
3677 23 158
3678 10 417
3679 52 82
3680 7 181
3681 30 87
3682 35 338
3683 50 594
3684 12 546
3685 63 753
3686 27 725
3687 40 239
3688 68 117
3689 64 539
3690 39 918
3691 98 116
3692 75 960
3693 20 487
3694 45 577
3695 77 774
3696 67 96
3697 90 71
3698 74 350
3699 27 790
3700 83 815
3701 35 642
3702 11 483
3703 68 409
3704 44 963
3705 41 963
3706 85 299
3707 19 28
3708 52 230
3709 70 695
3710 78 272
3711 81 177
3712 68 616
3713 51 961
3714 41 433
3715 95 110
3716 13 671
3717 27 66
3718 86 997
3719 72 872
3720 40 6
3721 57 883
3722 61 946
3723 69 324
3724 42 294
3725 15 851
3726 14 943
3727 74 891
3728 79 701
3729 81 375
3730 18 184
3731 79 872
3732 12 41
3733 12 123
3734 18 130
3735 1 350
3736 81 22
3737 21 100
3738 28 642
3739 84 778
3740 94 618
3741 92 426
3742 12 141
3743 94 478
3744 15 696
3745 36 538
3746 16 91
3747 21 500
3748 44 269
3749 45 884
3750 16 354
3751 50 683
3752 42 347
3753 59 71
3754 35 907
3755 39 494
3756 73 608
3757 7 280
3758 3 768
3759 27 242
3760 57 17
3761 57 180
3762 62 503
3763 45 631
3764 47 582
3765 3 201
3766 51 485
3767 96 259
3768 60 347
3769 35 867
3770 36 532
3771 84 32
3772 91 720
3773 16 70
3774 49 213
3775 47 610
3776 46 857
3777 2 168
3778 91 300
3779 23 175
3780 29 936
3781 16 778
3782 13 566
3783 30 540
3784 27 678
3785 21 556
3786 51 494
3787 45 359
3788 49 702
3789 33 949
3790 44 421
3791 46 73
3792 70 601
3793 28 15
3794 69 407
3795 48 914
3796 79 320
3797 3 638
3798 20 96
3799 38 516
3800 98 21
3801 35 376
3802 96 380
3803 18 902
3804 79 835
3805 8 852
3806 99 103
3807 67 49
3808 32 874
3809 83 635
3810 99 103
3811 22 305
3812 10 80
3813 48 857
3814 51 487
3815 90 367
3816 47 102
3817 74 984
3818 44 150
3819 54 315
3820 50 343
3821 56 100
3822 5 527
3823 92 120
3824 35 552
3825 30 769
3826 48 851
3827 81 368
3828 37 762
3829 95 672
3830 17 501
3831 47 730
3832 49 906
3833 83 482
3834 31 887
3835 11 525
3836 1 553
3837 42 379
3838 73 208
3839 100 353
3840 24 65
3841 77 42
3842 96 931
3843 10 264
3844 46 257
3845 70 130
3846 58 788
3847 1 251
3848 59 727
3849 47 212
3850 85 446
3851 95 405
3852 9 392
3853 1 143
3854 62 191
3855 14 449
3856 57 298
3857 24 377
3858 8 505
3859 78 185
3860 19 375
3861 85 886
3862 21 971
3863 43 140
3864 39 111
3865 75 777
3866 67 109
3867 11 307
3868 92 543
3869 74 556
3870 76 757
3871 21 868
3872 40 665
3873 73 577
3874 24 161
3875 51 317
3876 94 731
3877 49 951
3878 97 368
3879 9 361
3880 64 990
3881 89 96
3882 88 865
3883 62 565
3884 13 113
3885 53 596
3886 72 45
3887 90 64
3888 65 927
3889 15 513
3890 50 527
3891 42 53
3892 38 61
3893 21 767
3894 30 666
3895 30 513
3896 24 209
3897 60 946
3898 42 423
3899 52 367
3900 42 449
3901 60 472
3902 72 237
3903 26 910
3904 40 371
3905 35 909
3906 21 861
3907 68 30
3908 16 411
3909 67 359
3910 89 410
3911 83 55
3912 50 441
3913 70 677
3914 37 936
3915 88 207
3916 24 444
3917 13 495
3918 70 621
3919 74 514
3920 60 3
3921 19 46
3922 94 800
3923 9 675
3924 77 433
3925 71 248
3926 67 308
3927 16 535
3928 84 180
3929 91 694
3930 33 415
3931 70 763
3932 94 903
3933 53 842
3934 56 781
3935 53 583
3936 25 440
3937 52 726
3938 55 995
3939 86 768
3940 41 592
3941 86 939
3942 4 923
3943 24 309
3944 68 285
3945 2 309
3946 54 853
3947 60 217
3948 40 126
3949 97 638
3950 44 518
3951 89 242
3952 14 408
3953 20 768
3954 51 653
3955 13 680
3956 68 191
3957 85 204
3958 26 436
3959 43 754
3960 13 605
3961 49 250
3962 34 802
3963 87 70
3964 75 306
3965 24 173
3966 18 323
3967 93 387
3968 45 661
3969 47 97
3970 67 280
3971 99 936
3972 63 588
3973 89 667
3974 83 694
3975 62 720
3976 23 869
3977 67 193
3978 81 626
3979 7 952
3980 17 876
3981 27 309
3982 17 867
3983 66 438
3984 19 236
3985 69 609
3986 62 655
3987 83 445
3988 44 920
3989 6 207
3990 75 113
3991 50 700
3992 16 571
3993 43 883
3994 47 916
3995 57 11
3996 29 988
3997 61 921
3998 2 548
3999 40 967
4000 8 617
4001 98 246
4002 66 398
4003 3 749
4004 63 608
4005 100 139
4006 83 720
4007 80 441
4008 12 373
4009 77 770
4010 15 485
4011 67 882
4012 23 848
4013 89 398
4014 27 97
4015 42 727
4016 55 909
4017 12 807
4018 79 690
4019 51 724
4020 56 35
4021 36 268
4022 58 696
4023 16 248
4024 38 673
4025 15 899
4026 49 454
4027 41 716
4028 80 755
4029 21 811
4030 45 387
4031 9 991
4032 86 30
4033 56 614
4034 7 526
4035 38 985
4036 30 897
4037 80 588
4038 35 788
4039 11 677
4040 34 657
4041 57 804
4042 32 613
4043 69 311
4044 30 154
4045 6 148
4046 26 468
4047 85 136
4048 33 421
4049 57 424
4050 57 644
4051 44 180
4052 94 813
4053 69 443
4054 15 206
4055 32 708
4056 39 278
4057 70 474
4058 77 636
4059 71 143
4060 73 212
4061 38 42
4062 25 35
4063 45 82
4064 42 132
4065 37 65
4066 46 346
4067 43 124
4068 43 39
4069 71 393
4070 22 276
4071 46 7
4072 69 338
4073 87 644
4074 70 402
4075 52 900
4076 85 723
4077 24 280
4078 70 265
4079 6 222
4080 26 607
4081 41 165
4082 2 100
4083 27 210
4084 49 158
4085 69 291
4086 31 931
4087 90 436
4088 92 193
4089 82 601
4090 26 500
4091 31 561
4092 3 283
4093 21 821
4094 32 221
4095 10 955
4096 23 435
4097 60 593
4098 95 368
4099 61 403
4100 72 934
4101 92 243
4102 15 827
4103 88 923
4104 90 861
4105 91 953
4106 52 596
4107 49 724
4108 9 780
4109 2 236
4110 47 193
4111 65 341
4112 2 487
4113 95 649
4114 46 596
4115 34 153
4116 49 642
4117 9 542
4118 71 661
4119 20 965
4120 16 468
4121 3 432
4122 64 361
4123 93 899
4124 34 994
4125 97 478
4126 57 843
4127 48 949
4128 70 494
4129 62 937
4130 64 358
4131 77 348
4132 80 539
4133 92 117
4134 58 846
4135 17 622
4136 81 211
4137 87 105
4138 7 274
4139 79 534
4140 19 647
4141 44 506
4142 60 98
4143 94 595
4144 26 551
4145 36 87
4146 53 341
4147 18 5
4148 7 248
4149 69 386
4150 38 985
4151 32 927
4152 85 464
4153 65 764
4154 89 178
4155 26 636
4156 37 567
4157 10 750
4158 58 795
4159 75 687
4160 94 747
4161 49 399
4162 41 707
4163 90 235
4164 45 517
4165 91 441
4166 97 439
4167 94 447
4168 39 331
4169 94 550
4170 58 927
4171 96 681
4172 84 854
4173 41 100
4174 68 791
4175 8 399
4176 28 36
4177 44 117
4178 66 352
4179 96 773
4180 58 639
4181 57 704
4182 66 97
4183 6 812
4184 73 699
4185 5 842
4186 71 203
4187 6 730
4188 3 970
4189 50 61
4190 29 173
4191 69 516
4192 80 603
4193 2 827
4194 6 221
4195 95 831
4196 24 729
4197 99 496
4198 56 449
4199 30 898
4200 99 772
4201 30 112
4202 7 75
4203 38 9
4204 3 760
4205 94 848
4206 72 289
4207 48 309
4208 73 665
4209 74 546
4210 68 434
4211 77 695
4212 2 976
4213 79 125
4214 42 976
4215 23 926
4216 93 558
4217 30 982
4218 54 916
4219 59 249
4220 52 449
4221 56 256
4222 71 407
4223 96 210
4224 71 515
4225 66 563
4226 36 408
4227 63 941
4228 58 411
4229 28 996
4230 89 598
4231 49 398
4232 25 383
4233 42 156
4234 22 312
4235 28 47
4236 4 586
4237 19 880
4238 76 869
4239 26 965
4240 15 74
4241 82 742
4242 44 319
4243 97 30
4244 94 615
4245 12 833
4246 62 826
4247 16 222
4248 81 874
4249 69 629
4250 13 256
4251 80 820
4252 38 401
4253 57 716
4254 24 161
4255 89 402
4256 72 688
4257 61 78
4258 95 207
4259 62 475
4260 75 965
4261 82 845
4262 63 665
4263 7 497
4264 88 997
4265 66 186
4266 94 602
4267 21 302
4268 75 225
4269 91 403
4270 20 483
4271 71 151
4272 85 136
4273 90 564
4274 9 576
4275 35 488
4276 62 396
4277 5 634
4278 71 711
4279 11 505
4280 79 897
4281 34 561
4282 18 730
4283 16 292
4284 98 612
4285 44 157
4286 38 764
4287 65 312
4288 24 619
4289 44 656
4290 33 212
4291 8 641
4292 80 316
4293 4 80
4294 18 586
4295 59 835
4296 92 844
4297 89 119
4298 65 907
4299 11 337
4300 5 853
4301 94 373
4302 80 657
4303 51 807
4304 83 827
4305 88 409
4306 46 773
4307 26 890
4308 27 672
4309 96 161
4310 52 166
4311 56 894
4312 96 988
4313 95 826
4314 31 383
4315 67 629
4316 64 306
4317 69 561
4318 91 773
4319 7 153
4320 77 74
4321 6 411
4322 11 57
4323 79 798
4324 70 540
4325 21 872
4326 49 793
4327 38 778
4328 97 89
4329 23 347
4330 34 662
4331 44 974
4332 36 249
4333 77 25
4334 71 593
4335 66 941
4336 99 411
4337 21 272
4338 80 999
4339 29 706
4340 100 512
4341 79 206
4342 62 512
4343 1 717
4344 7 465
4345 49 959
4346 22 658
4347 81 255
4348 84 194
4349 84 985
4350 86 976
4351 21 234
4352 57 476
4353 100 794
4354 98 524
4355 35 543
4356 84 843
4357 82 423
4358 6 887
4359 17 756
4360 10 635
4361 36 500
4362 4 606
4363 5 3
4364 34 768
4365 66 658
4366 34 206
4367 63 813
4368 8 401
4369 11 803
4370 19 561
4371 80 94
4372 32 678
4373 55 458
4374 67 93
4375 7 657
4376 58 614
4377 22 700
4378 89 119
4379 11 246
4380 93 817
4381 71 428
4382 40 906
4383 22 53
4384 50 650
4385 43 216
4386 90 197
4387 85 988
4388 35 343
4389 93 595
4390 94 217
4391 86 805
4392 95 231
4393 60 527
4394 87 83
4395 12 129
4396 24 817
4397 81 668
4398 39 915
4399 23 181
4400 59 361
4401 59 132
4402 62 998
4403 66 377
4404 62 523
4405 28 603
4406 17 406
4407 76 420
4408 21 325
4409 38 481
4410 77 211
4411 57 622
4412 11 472
4413 25 984
4414 78 121
4415 98 456
4416 45 280
4417 34 715
4418 15 870
4419 13 992
4420 34 435
4421 74 770
4422 72 849
4423 60 767
4424 12 458
4425 82 62
4426 29 727
4427 59 848
4428 12 379
4429 78 695
4430 89 298
4431 23 19
4432 63 150
4433 70 68
4434 70 891
4435 45 560
4436 4 738
4437 6 615
4438 34 734
4439 62 277
4440 3 110
4441 35 970
4442 60 337
4443 58 762
4444 72 39
4445 45 596
4446 57 424
4447 55 211
4448 85 437
4449 24 296
4450 44 142
4451 64 689
4452 1 294
4453 25 272
4454 3 580
4455 29 133
4456 16 503
4457 71 223
4458 26 592
4459 26 258
4460 17 967
4461 2 671
4462 44 207
4463 35 248
4464 42 543
4465 64 374
4466 44 626
4467 91 937
4468 100 93
4469 38 861
4470 58 217
4471 4 724
4472 67 206
4473 56 543
4474 69 956
4475 68 957
4476 88 308
4477 48 13
4478 9 522
4479 73 562
4480 85 415
4481 69 654
4482 91 313
4483 73 282
4484 22 478
4485 1 843
4486 31 584
4487 94 672
4488 52 205
4489 30 667
4490 41 653
4491 38 545
4492 85 698
4493 14 86
4494 91 296
4495 47 904
4496 36 502
4497 89 574
4498 68 130
4499 100 960
4500 77 653
4501 84 253
4502 98 757
4503 76 226
4504 76 546
4505 49 873
4506 29 4
4507 37 359
4508 60 587
4509 27 939
4510 30 652
4511 95 713
4512 24 472
4513 35 820
4514 10 671
4515 95 195
4516 1 250
4517 46 879
4518 83 559
4519 47 862
4520 74 247
4521 48 701
4522 1 445
4523 20 823
4524 4 80
4525 59 876
4526 51 118
4527 57 443
4528 66 904
4529 58 328
4530 3 254
4531 80 302
4532 3 571
4533 2 927
4534 71 505
4535 87 543
4536 24 983
4537 61 80
4538 1 58
4539 4 437
4540 31 653
4541 56 613
4542 30 577
4543 3 945
4544 61 262
4545 2 165
4546 91 289
4547 94 284
4548 84 302
4549 39 924
4550 98 947
4551 32 621
4552 86 742
4553 97 303
4554 16 452
4555 73 875
4556 72 662
4557 6 282
4558 67 381
4559 20 331
4560 52 996
4561 100 412
4562 50 291
4563 15 388
4564 87 194
4565 49 711
4566 9 718
4567 68 155
4568 51 279
4569 89 493
4570 55 143
4571 49 556
4572 98 3
4573 67 832
4574 44 543
4575 92 757
4576 5 155
4577 59 768
4578 95 156
4579 55 448
4580 47 827
4581 1 684
4582 43 265
4583 70 841
4584 64 280
4585 54 523
4586 58 665
4587 23 752
4588 99 383
4589 91 559
4590 95 116
4591 77 953
4592 18 361
4593 50 126
4594 32 696
4595 64 230
4596 52 125
4597 34 546
4598 18 138
4599 31 173
4600 13 398
4601 86 86
4602 69 682
4603 26 222
4604 66 284
4605 2 439
4606 33 710
4607 55 302
4608 87 968
4609 59 933
4610 6 691
4611 33 931
4612 98 66
4613 86 736
4614 87 505
4615 64 954
4616 65 562
4617 38 972
4618 71 379
4619 64 23
4620 54 908
4621 68 827
4622 80 847
4623 71 534
4624 90 103
4625 20 402
4626 5 431
4627 23 723
4628 58 952
4629 35 323
4630 64 3
4631 56 691
4632 42 59
4633 25 398
4634 29 959
4635 47 851
4636 93 216
4637 59 515
4638 31 453
4639 76 226
4640 59 816
4641 6 595
4642 47 879
4643 28 153
4644 36 590
4645 50 622
4646 75 753
4647 87 540
4648 44 673
4649 40 682
4650 20 438
4651 59 866
4652 74 188
4653 35 401
4654 52 455
4655 74 340
4656 68 590
4657 18 361
4658 48 693
4659 88 720
4660 61 406
4661 81 496
4662 63 215
4663 19 608
4664 24 440
4665 30 124
4666 37 358
4667 76 333
4668 61 765
4669 4 510
4670 60 384
4671 22 375
4672 78 987
4673 85 684
4674 50 295
4675 52 343
4676 32 661
4677 81 440
4678 75 607
4679 53 571
4680 23 461
4681 39 279
4682 80 915
4683 32 581
4684 14 974
4685 90 985
4686 16 480
4687 2 340
4688 93 888
4689 48 899
4690 58 431
4691 86 861
4692 76 7
4693 32 7
4694 51 61
4695 75 180
4696 5 475
4697 77 294
4698 77 534
4699 71 268
4700 32 159
4701 35 351
4702 63 677
4703 14 646
4704 83 334
4705 30 431
4706 27 593
4707 53 146
4708 87 761
4709 71 877
4710 26 923
4711 59 140
4712 76 780
4713 71 898
4714 91 360
4715 49 460
4716 22 607
4717 23 39
4718 19 971
4719 23 168
4720 69 736
4721 12 272
4722 74 799
4723 57 575
4724 62 744
4725 94 115
4726 15 758
4727 88 220
4728 68 795
4729 23 399
4730 21 844
4731 18 754
4732 56 757
4733 74 980
4734 52 243
4735 82 707
4736 6 420
4737 94 955
4738 16 703
4739 6 51
4740 7 219
4741 65 647
4742 80 646
4743 37 767
4744 77 830
4745 94 20
4746 67 26
4747 42 570
4748 17 520
4749 5 27
4750 44 446
4751 79 645
4752 36 997
4753 30 45
4754 60 873
4755 95 386
4756 66 133
4757 48 410
4758 8 156
4759 85 120
4760 14 847
4761 6 929
4762 8 29
4763 10 749
4764 57 767
4765 100 241
4766 97 355
4767 57 171
4768 63 819
4769 47 926
4770 65 752
4771 70 886
4772 64 248
4773 47 271
4774 64 907
4775 40 382
4776 69 190
4777 71 933
4778 91 200
4779 93 966
4780 16 912
4781 31 198
4782 93 618
4783 5 853
4784 72 257
4785 82 576
4786 13 507
4787 80 716
4788 100 72
4789 31 917
4790 17 72
4791 15 210
4792 36 530
4793 100 740
4794 93 442
4795 38 94
4796 91 668
4797 88 231
4798 85 601
4799 18 844
4800 82 145
4801 100 942
4802 34 908
4803 21 329
4804 99 999
4805 54 319
4806 51 272
4807 31 327
4808 50 302
4809 87 629
4810 50 131
4811 14 493
4812 66 282
4813 50 538
4814 91 922
4815 22 444
4816 53 240
4817 44 357
4818 67 468
4819 98 469
4820 89 85
4821 77 475
4822 77 839
4823 16 649
4824 50 53
4825 37 819
4826 58 943
4827 91 740
4828 78 862
4829 48 681
4830 11 93
4831 57 573
4832 91 153
4833 10 210
4834 1 12
4835 28 437
4836 3 611
4837 63 748
4838 75 623
4839 74 372
4840 9 111
4841 100 840
4842 53 471
4843 67 385
4844 77 639
4845 84 302
4846 24 144
4847 38 585
4848 28 388
4849 55 267
4850 42 874
4851 23 640
4852 90 919
4853 87 62
4854 51 191
4855 67 707
4856 82 540
4857 28 798
4858 45 762
4859 46 451
4860 63 390
4861 25 638
4862 5 139
4863 65 25
4864 96 808
4865 69 747
4866 8 452
4867 25 703
4868 10 919
4869 18 299
4870 6 97
4871 91 720
4872 45 29
4873 87 166
4874 33 323
4875 13 652
4876 95 770
4877 30 171
4878 54 103
4879 97 687
4880 64 856
4881 30 650
4882 71 101
4883 30 95
4884 14 338
4885 19 465
4886 30 208
4887 26 191
4888 61 372
4889 22 354
4890 66 382
4891 32 90
4892 24 918
4893 95 346
4894 19 962
4895 80 286
4896 33 929
4897 25 611
4898 95 24
4899 33 660
4900 82 974
4901 91 713
4902 36 154
4903 52 715
4904 56 801
4905 42 48
4906 65 490
4907 8 149
4908 64 762
4909 41 277
4910 61 121
4911 50 872
4912 96 876
4913 91 229
4914 75 539
4915 92 616
4916 10 84
4917 77 413
4918 44 960
4919 23 374
4920 95 959
4921 74 357
4922 22 171
4923 66 275
4924 20 808
4925 3 660
4926 89 906
4927 96 570
4928 63 504
4929 60 848
4930 58 892
4931 93 235
4932 91 309
4933 98 69
4934 57 624
4935 50 713
4936 34 508
4937 56 385
4938 10 586
4939 30 12
4940 23 590
4941 17 510
4942 5 735
4943 13 375
4944 90 937
4945 53 176
4946 89 955
4947 13 739
4948 53 13
4949 20 130
4950 60 467
4951 13 481
4952 73 871
4953 50 355
4954 51 804
4955 57 282
4956 41 199
4957 28 542
4958 36 447
4959 42 689
4960 2 901
4961 64 267
4962 63 719
4963 12 482
4964 20 65
4965 53 454
4966 68 429
4967 43 993
4968 52 731
4969 49 885
4970 6 647
4971 41 284
4972 99 646
4973 89 602
4974 11 614
4975 94 807
4976 98 748
4977 14 480
4978 87 707
4979 71 306
4980 48 119
4981 63 168
4982 84 361
4983 6 972
4984 71 988
4985 17 578
4986 70 350
4987 88 909
4988 65 548
4989 71 718
4990 86 956
4991 45 446
4992 7 710
4993 73 706
4994 27 810
4995 66 769
4996 18 249
4997 83 40
4998 71 839
4999 40 23
5000 92 707
5001 85 153
5002 67 25
5003 1 894
5004 84 176
5005 46 101
5006 41 203
5007 97 66
5008 28 92
5009 22 252
5010 49 204
5011 35 796
5012 56 69
5013 76 377
5014 29 598
5015 4 710
5016 43 436
5017 69 258
5018 72 986
5019 99 370
5020 76 683
5021 17 138
5022 99 949
5023 77 136
5024 58 154
5025 54 788
5026 22 897
5027 64 897
5028 88 62
5029 24 791
5030 43 272
5031 9 359
5032 97 240
5033 79 786
5034 49 592
5035 51 763
5036 68 478
5037 92 879
5038 42 585
5039 67 233
5040 63 990
5041 15 97
5042 84 893
5043 17 236
5044 10 965
5045 42 867
5046 36 775
5047 43 475
5048 64 972
5049 80 721
5050 70 278
5051 76 211
5052 42 709
5053 89 970
5054 48 268
5055 28 867
5056 14 439
5057 35 917
5058 97 783
5059 14 691
5060 78 777
5061 34 506
5062 52 348
5063 24 740
5064 88 234
5065 65 7
5066 70 274
5067 43 715
5068 3 833
5069 10 415
5070 75 948
5071 37 552
5072 87 529
5073 19 171
5074 26 528
5075 8 135
5076 74 113
5077 65 897
5078 87 949
5079 74 115
5080 27 77
5081 20 200
5082 58 491
5083 13 975
5084 22 559
5085 83 979
5086 99 786
5087 72 196
5088 19 481
5089 6 596
5090 93 554
5091 20 689
5092 69 142
5093 10 825
5094 94 710
5095 62 82
5096 2 168
5097 43 284
5098 59 241
5099 31 786
5100 70 827
5101 96 960
5102 68 859
5103 4 979
5104 30 991
5105 63 504
5106 74 17
5107 30 659
5108 3 424
5109 15 918
5110 72 713
5111 77 616
5112 21 495
5113 68 312
5114 71 146
5115 39 183
5116 13 830
5117 35 228
5118 10 294
5119 45 361
5120 71 979
5121 36 617
5122 20 808
5123 48 662
5124 3 334
5125 72 917
5126 37 736
5127 35 319
5128 47 337
5129 97 885
5130 36 335
5131 87 821
5132 32 388
5133 86 629
5134 45 752
5135 97 943
5136 82 898
5137 83 975
5138 81 881
5139 57 588
5140 25 901
5141 41 644
5142 81 798
5143 3 900
5144 50 331
5145 57 661
5146 77 664
5147 62 417
5148 8 254
5149 75 875
5150 18 987
5151 39 900
5152 61 423
5153 74 570
5154 43 718
5155 91 964
5156 84 330
5157 81 423
5158 64 538
5159 88 239
5160 11 596
5161 82 393
5162 90 717
5163 94 226
5164 33 442
5165 11 145
5166 44 563
5167 43 966
5168 82 865
5169 48 55
5170 90 416
5171 3 121
5172 89 447
5173 72 386
5174 56 521
5175 74 66
5176 13 551
5177 8 586
5178 58 758
5179 2 852
5180 29 953
5181 26 932
5182 26 562
5183 96 5
5184 47 825
5185 44 215
5186 91 835
5187 72 202
5188 36 548
5189 36 939
5190 65 753
5191 22 458
5192 99 349
5193 52 685
5194 5 290
5195 66 270
5196 92 703
5197 85 783
5198 60 832
5199 85 314
5200 88 666
5201 2 733
5202 11 655
5203 41 636
5204 94 903
5205 41 944
5206 27 530
5207 78 996
5208 69 24
5209 73 471
5210 70 538
5211 22 787
5212 29 608
5213 50 542
5214 82 500
5215 46 43
5216 88 102
5217 74 271
5218 85 29
5219 86 547
5220 72 692
5221 29 247
5222 73 217
5223 76 191
5224 5 846
5225 77 802
5226 58 124
5227 51 956
5228 77 527
5229 54 369
5230 11 627
5231 5 377
5232 84 192
5233 68 483
5234 59 608
5235 85 271
5236 50 298
5237 51 36
5238 67 250
5239 17 535
5240 54 207
5241 50 408
5242 97 103
5243 66 951
5244 21 61
5245 37 454
5246 21 943
5247 21 574
5248 95 866
5249 78 343
5250 64 945
5251 31 674
5252 39 141
5253 95 700
5254 100 822
5255 4 680
5256 71 827
5257 49 708
5258 41 884
5259 96 914
5260 32 482
5261 50 375
5262 8 82
5263 34 848
5264 99 654
5265 86 965
5266 77 1000
5267 12 352
5268 88 109
5269 82 981
5270 93 530
5271 24 896
5272 74 885
5273 27 205
5274 17 423
5275 23 357
5276 10 250
5277 17 721
5278 33 396
5279 78 333
5280 69 346
5281 1 738
5282 45 432
5283 39 572
5284 24 269
5285 68 418
5286 38 744
5287 7 103
5288 98 546
5289 13 668
5290 56 917
5291 69 667
5292 69 518
5293 96 43
5294 71 913
5295 91 11
5296 51 66
5297 76 455
5298 33 919
5299 45 865
5300 58 767
5301 5 685
5302 88 873
5303 49 217
5304 11 687
5305 60 304
5306 32 553
5307 1 864
5308 24 383
5309 85 735
5310 89 86
5311 35 563
5312 73 836
5313 49 932
5314 86 646
5315 85 241
5316 37 955
5317 8 451
5318 99 612
5319 60 958
5320 17 973
5321 27 434
5322 89 629
5323 82 394
5324 85 884
5325 69 232
5326 90 128
5327 58 304
5328 85 204
5329 94 296
5330 46 763
5331 52 199
5332 12 344
5333 28 777
5334 28 566
5335 68 7
5336 16 698
5337 85 596
5338 10 254
5339 35 11
5340 36 260
5341 73 766
5342 93 313
5343 48 891
5344 33 635
5345 27 667
5346 43 219
5347 61 951
5348 45 455
5349 67 231
5350 11 92
5351 28 473
5352 28 895
5353 42 715
5354 97 926
5355 68 86
5356 41 359
5357 69 380
5358 70 642
5359 46 173
5360 95 654
5361 91 618
5362 23 909
5363 80 322
5364 27 76
5365 9 523
5366 97 15
5367 98 229
5368 36 865
5369 66 118
5370 72 314
5371 73 457
5372 16 727
5373 73 877
5374 80 459
5375 26 831
5376 51 489
5377 1 110
5378 60 73
5379 66 799
5380 14 760
5381 43 611
5382 24 218
5383 16 220
5384 100 316
5385 12 642
5386 65 135
5387 49 895
5388 73 95
5389 17 981
5390 61 973
5391 81 483
5392 9 398
5393 74 705
5394 43 910
5395 4 355
5396 89 529
5397 57 301
5398 27 897
5399 73 782
5400 62 843
5401 29 623
5402 78 428
5403 5 892
5404 28 110
5405 42 524
5406 50 834
5407 93 247
5408 84 86
5409 29 889
5410 85 333
5411 16 478
5412 7 109
5413 97 933
5414 5 344
5415 62 847
5416 39 358
5417 73 228
5418 52 492
5419 7 101
5420 7 740
5421 11 345
5422 97 756
5423 73 973
5424 3 355
5425 69 217
5426 36 459
5427 53 776
5428 30 486
5429 57 25
5430 40 842
5431 25 989
5432 60 437
5433 14 147
5434 3 403
5435 92 723
5436 70 376
5437 66 335
5438 78 783
5439 42 773
5440 58 741
5441 92 177
5442 1 44
5443 62 775
5444 17 189
5445 59 435
5446 23 928
5447 28 420
5448 20 206
5449 59 517
5450 23 699
5451 84 853
5452 71 645
5453 76 94
5454 81 11
5455 72 64
5456 29 370
5457 84 984
5458 44 847
5459 94 494
5460 10 575
5461 63 679
5462 83 369
5463 24 873
5464 39 640
5465 70 499
5466 83 656
5467 100 355
5468 37 20
5469 10 452
5470 77 331
5471 84 904
5472 91 96
5473 1 893
5474 15 871
5475 33 309
5476 25 102
5477 73 121
5478 1 876
5479 41 223
5480 68 863
5481 85 58
5482 80 453
5483 60 402
5484 54 597
5485 56 118
5486 67 102
5487 57 35
5488 42 990
5489 41 29
5490 98 458
5491 60 105
5492 2 990
5493 67 171
5494 13 261
5495 95 824
5496 71 581
5497 99 228
5498 83 39
5499 16 75
5500 79 691
5501 17 936
5502 22 664
5503 18 232
5504 94 611
5505 30 916
5506 7 945
5507 11 634
5508 33 982
5509 62 742
5510 79 131
5511 46 371
5512 41 537
5513 75 970
5514 84 918
5515 71 315
5516 95 152
5517 89 245
5518 1 229
5519 25 106
5520 82 797
5521 58 585
5522 60 553
5523 42 853
5524 1 137
5525 92 48
5526 26 885
5527 94 907
5528 31 719
5529 11 823
5530 70 560
5531 85 5
5532 69 817
5533 13 822
5534 4 173
5535 14 160
5536 25 165
5537 64 339
5538 51 542
5539 4 917
5540 99 661
5541 9 794
5542 83 237
5543 28 201
5544 93 547
5545 57 509
5546 89 185
5547 16 902
5548 26 270
5549 87 445
5550 50 512
5551 33 148
5552 62 870
5553 74 182
5554 47 590
5555 82 716
5556 33 111
5557 69 921
5558 65 914
5559 86 188
5560 52 284
5561 99 271
5562 68 482
5563 84 918
5564 54 950
5565 49 829
5566 69 972
5567 45 422
5568 38 683
5569 87 996
5570 62 523
5571 14 797
5572 89 948
5573 45 971
5574 17 680
5575 46 464
5576 96 988
5577 82 835
5578 45 497
5579 18 696
5580 47 754
5581 45 729
5582 84 758
5583 46 356
5584 25 309
5585 92 624
5586 32 686
5587 48 713
5588 54 697
5589 56 686
5590 28 781
5591 67 992
5592 49 877
5593 67 133
5594 74 26
5595 74 667
5596 2 965
5597 39 390
5598 98 784
5599 91 424
5600 16 84
5601 8 855
5602 89 884
5603 61 662
5604 20 281
5605 62 665
5606 43 540
5607 91 845
5608 35 544
5609 95 780
5610 61 545
5611 22 366
5612 4 166
5613 62 711
5614 16 656
5615 76 634
5616 60 276
5617 76 46
5618 88 505
5619 71 338
5620 99 904
5621 62 176
5622 18 755
5623 98 570
5624 9 701
5625 33 676
5626 13 388
5627 3 766
5628 70 329
5629 25 660
5630 89 671
5631 32 445
5632 58 785
5633 61 966
5634 2 988
5635 36 739
5636 99 533
5637 84 946
5638 24 849
5639 56 618
5640 28 242
5641 24 776
5642 73 694
5643 14 957
5644 23 271
5645 67 483
5646 61 109
5647 93 376
5648 93 925
5649 56 205
5650 49 987
5651 59 238
5652 34 866
5653 48 347
5654 33 474
5655 28 323
5656 46 619
5657 78 88
5658 23 935
5659 37 535
5660 75 923
5661 70 338
5662 4 41
5663 16 420
5664 19 601
5665 81 705
5666 13 486
5667 29 985
5668 15 540
5669 56 324
5670 26 455
5671 2 564
5672 39 29
5673 24 994
5674 39 826
5675 57 370
5676 12 676
5677 100 35
5678 58 206
5679 80 942
5680 31 502
5681 55 774
5682 56 39
5683 82 507
5684 16 650
5685 39 160
5686 64 890
5687 90 27
5688 83 781
5689 80 720
5690 42 547
5691 44 921
5692 2 857
5693 53 378
5694 92 586
5695 19 471
5696 89 793
5697 100 102
5698 36 337
5699 88 822
5700 17 397
5701 48 263
5702 42 57
5703 65 979
5704 46 315
5705 41 7
5706 41 433
5707 50 833
5708 11 54
5709 17 659
5710 59 855
5711 19 297
5712 86 549
5713 25 151
5714 90 255
5715 86 426
5716 41 54
5717 8 370
5718 100 888
5719 59 610
5720 62 615
5721 20 972
5722 84 400
5723 83 176
5724 69 181
5725 26 238
5726 58 341
5727 80 212
5728 14 347
5729 59 673
5730 58 273
5731 80 189
5732 56 76
5733 69 653
5734 35 531
5735 92 23
5736 68 251
5737 33 742
5738 62 17
5739 32 955
5740 78 612
5741 56 875
5742 41 411
5743 44 673
5744 24 905
5745 60 357
5746 42 528
5747 79 843
5748 81 11
5749 17 686
5750 68 319
5751 25 926
5752 23 882
5753 16 177
5754 95 374
5755 95 227
5756 90 42
5757 52 63
5758 30 322
5759 25 36
5760 86 138
5761 56 779
5762 45 432
5763 9 406
5764 44 603
5765 73 87
5766 11 225
5767 17 184
5768 47 705
5769 67 209
5770 51 392
5771 38 899
5772 9 1000
5773 91 816
5774 33 586
5775 17 310
5776 2 371
5777 84 397
5778 90 683
5779 76 835
5780 55 11
5781 99 157
5782 44 701
5783 21 758
5784 68 668
5785 51 945
5786 15 433
5787 84 571
5788 1 926
5789 41 268
5790 64 575
5791 59 243
5792 24 476
5793 69 902
5794 34 287
5795 27 38
5796 88 730
5797 59 829
5798 94 516
5799 17 593
5800 17 50
5801 29 225
5802 34 337
5803 3 976
5804 50 943
5805 9 512
5806 10 991
5807 74 375
5808 55 433
5809 29 50
5810 13 170
5811 78 23
5812 81 14
5813 22 938
5814 8 644
5815 47 873
5816 3 670
5817 92 130
5818 45 98
5819 4 780
5820 94 573
5821 96 166
5822 87 580
5823 60 38
5824 99 228
5825 78 275
5826 78 317
5827 95 616
5828 41 825
5829 2 740
5830 77 150
5831 1 168
5832 49 528
5833 90 459
5834 23 406
5835 31 315
5836 6 184
5837 41 574
5838 22 341
5839 32 879
5840 9 436
5841 31 410
5842 42 113
5843 91 907
5844 54 686
5845 21 665
5846 46 759
5847 86 548
5848 30 112
5849 30 625
5850 45 952
5851 84 167
5852 63 224
5853 78 66
5854 44 335
5855 97 779
5856 64 508
5857 26 321
5858 99 795
5859 31 946
5860 16 956
5861 31 186
5862 100 687
5863 43 456
5864 95 262
5865 29 597
5866 13 905
5867 34 884
5868 95 142
5869 79 26
5870 48 600
5871 71 532
5872 85 76
5873 19 725
5874 2 462
5875 97 963
5876 12 384
5877 51 990
5878 86 207
5879 47 306
5880 6 101
5881 67 696
5882 91 193
5883 91 767
5884 60 583
5885 98 423
5886 79 60
5887 29 761
5888 92 781
5889 7 298
5890 54 254
5891 53 84
5892 78 652
5893 38 770
5894 36 781
5895 19 213
5896 98 548
5897 39 717
5898 6 839
5899 40 158
5900 92 547
5901 56 989
5902 60 379
5903 79 145
5904 84 358
5905 81 450
5906 32 196
5907 89 216
5908 46 132
5909 13 375
5910 84 846
5911 41 830
5912 4 899
5913 96 468
5914 22 170
5915 98 868
5916 76 337
5917 26 582
5918 62 507
5919 71 431
5920 35 38
5921 24 202
5922 93 772
5923 50 285
5924 74 947
5925 93 396
5926 66 50
5927 29 426
5928 98 662
5929 24 890
5930 79 74
5931 78 869
5932 89 429
5933 72 133
5934 7 188
5935 6 186
5936 11 875
5937 83 321
5938 88 628
5939 67 676
5940 94 301
5941 92 834
5942 10 790
5943 85 740
5944 78 781
5945 41 426
5946 65 49
5947 17 917
5948 74 495
5949 76 85
5950 31 793
5951 35 46
5952 21 783
5953 43 114
5954 30 346
5955 2 208
5956 54 990
5957 15 636
5958 45 720
5959 46 796
5960 12 574
5961 76 636
5962 66 543
5963 67 669
5964 95 63
5965 86 809
5966 23 341
5967 65 348
5968 55 41
5969 76 438
5970 33 283
5971 45 472
5972 36 912
5973 50 740
5974 85 135
5975 67 891
5976 6 463
5977 65 546
5978 5 30
5979 86 175
5980 92 15
5981 55 505
5982 80 511
5983 23 307
5984 7 538
5985 34 668
5986 78 881
5987 22 627
5988 21 938
5989 68 450
5990 51 942
5991 43 92
5992 80 902
5993 32 159
5994 25 279
5995 74 591
5996 86 116
5997 94 696
5998 74 40
5999 30 728
6000 15 983
754468.75
