1000
1 11 679
2 45 967
3 77 565
4 62 891
5 12 476
6 90 170
7 67 461
8 46 751
9 96 815
10 54 233
11 49 157
12 32 471
13 78 640
14 41 11
15 8 733
16 14 217
17 8 559
18 33 282
19 89 795
20 8 657
21 27 358
22 45 653
23 52 211
24 40 317
25 79 260
26 74 886
27 35 274
28 30 537
29 18 931
30 3 405
31 30 855
32 6 928
33 23 257
34 64 831
35 74 422
36 98 926
37 92 54
38 61 67
39 23 362
40 33 456
41 80 132
42 3 706
43 70 645
44 36 460
45 67 986
46 19 395
47 98 444
48 27 361
49 26 120
50 31 793
51 83 959
52 74 580
53 53 634
54 81 356
55 13 101
56 75 605
57 5 861
58 24 553
59 32 754
60 53 139
61 76 784
62 51 869
63 67 283
64 23 446
65 60 78
66 60 504
67 96 983
68 50 253
69 86 893
70 19 302
71 100 551
72 12 21
73 81 120
74 27 878
75 5 376
76 18 693
77 23 474
78 14 785
79 7 878
80 34 95
81 16 540
82 53 202
83 36 221
84 36 889
85 71 921
86 34 410
87 91 892
88 78 818
89 69 94
90 90 399
91 76 369
92 66 345
93 40 765
94 15 338
95 17 751
96 86 431
97 33 85
98 73 144
99 99 794
100 58 999
101 50 54
102 54 755
103 27 628
104 65 79
105 52 818
106 90 250
107 66 570
108 85 310
109 13 140
110 90 987
111 33 660
112 57 624
113 52 152
114 33 135
115 53 558
116 85 820
117 59 141
118 28 282
119 73 626
120 2 688
121 43 741
122 79 550
123 46 573
124 99 56
125 32 635
126 49 809
127 29 384
128 9 608
129 85 346
130 68 678
131 98 944
132 100 477
133 64 193
134 96 18
135 9 817
136 40 814
137 46 774
138 4 842
139 71 604
140 97 118
141 51 580
142 48 119
143 34 362
144 64 38
145 4 669
146 51 437
147 22 792
148 56 93
149 61 458
150 89 971
151 45 185
152 41 375
153 56 902
154 98 857
155 27 662
156 45 897
157 46 678
158 87 603
159 69 134
160 3 140
161 47 856
162 84 659
163 80 564
164 29 327
165 89 236
166 80 868
167 2 714
168 60 268
169 57 170
170 59 121
171 70 57
172 40 443
173 9 517
174 68 961
175 80 747
176 12 168
177 25 422
178 9 204
179 71 653
180 76 244
181 98 850
182 91 382
183 11 474
184 95 355
185 43 138
186 42 870
187 96 846
188 88 829
189 64 192
190 89 801
191 20 546
192 5 214
193 17 844
194 5 65
195 16 450
196 67 21
197 20 30
198 9 409
199 58 34
200 74 977
201 70 613
202 71 763
203 1 869
204 18 385
205 36 307
206 76 67
207 5 811
208 99 837
209 23 653
210 76 514
211 70 311
212 90 873
213 38 107
214 86 312
215 93 672
216 75 390
217 39 558
218 20 176
219 17 987
220 94 241
221 32 312
222 20 278
223 2 74
224 20 141
225 82 716
226 80 777
227 93 509
228 95 164
229 47 619
230 88 986
231 82 197
232 40 317
233 22 392
234 79 941
235 34 733
236 94 82
237 93 641
238 71 702
239 68 89
240 66 918
241 87 67
242 18 596
243 17 185
244 40 218
245 44 866
246 73 71
247 100 504
248 93 817
249 42 323
250 20 683
251 93 725
252 15 496
253 73 838
254 58 151
255 59 767
256 50 913
257 84 172
258 47 406
259 8 474
260 41 148
261 29 31
262 68 988
263 22 209
264 31 668
265 80 869
266 98 347
267 32 854
268 79 439
269 77 241
270 21 728
271 48 941
272 2 607
273 45 449
274 53 819
275 53 203
276 7 632
277 67 606
278 31 299
279 29 648
280 46 935
281 9 654
282 87 382
283 81 532
284 37 403
285 97 533
286 60 291
287 8 49
288 11 764
289 11 895
290 2 266
291 99 771
292 49 285
293 45 490
294 30 867
295 93 691
296 47 169
297 90 839
298 36 189
299 1 980
300 5 916
301 1 452
302 24 96
303 13 730
304 93 57
305 96 253
306 80 596
307 26 191
308 1 737
309 13 311
310 66 607
311 25 29
312 95 474
313 43 42
314 55 174
315 74 409
316 5 443
317 32 146
318 28 254
319 88 433
320 56 627
321 83 108
322 85 866
323 57 647
324 27 286
325 64 479
326 39 234
327 8 232
328 38 329
329 75 327
330 89 440
331 40 442
332 45 781
333 38 115
334 9 412
335 61 32
336 39 646
337 23 380
338 96 336
339 41 966
340 9 567
341 1 48
342 87 211
343 71 102
344 57 664
345 10 995
346 76 617
347 5 293
348 83 912
349 17 700
350 15 965
351 71 960
352 76 31
353 91 579
354 48 47
355 40 435
356 66 738
357 60 127
358 15 852
359 39 508
360 4 154
361 36 926
362 37 94
363 18 53
364 17 201
365 4 821
366 58 361
367 47 635
368 18 334
369 44 776
370 30 970
371 58 307
372 3 594
373 14 622
374 85 149
375 29 845
376 92 507
377 33 326
378 67 992
379 1 595
380 17 565
381 90 435
382 4 780
383 62 504
384 83 237
385 41 154
386 68 396
387 91 52
388 24 108
389 99 223
390 61 552
391 35 867
392 12 871
393 33 21
394 1 725
395 89 155
396 57 910
397 51 643
398 78 732
399 81 328
400 20 150
401 60 188
402 21 694
403 86 990
404 52 84
405 74 597
406 45 879
407 25 395
408 66 114
409 93 310
410 49 497
411 32 326
412 41 465
413 84 859
414 49 694
415 55 888
416 35 564
417 79 908
418 45 910
419 51 239
420 82 748
421 23 929
422 94 405
423 54 972
424 3 863
425 40 840
426 88 808
427 39 187
428 44 442
429 29 233
430 19 552
431 66 406
432 69 194
433 56 740
434 16 350
435 85 630
436 94 293
437 84 308
438 65 729
439 35 673
440 20 233
441 1 600
442 12 313
443 60 805
444 17 181
445 85 313
446 25 86
447 89 95
448 64 570
449 24 861
450 83 942
451 37 677
452 8 919
453 27 617
454 40 140
455 42 463
456 90 150
457 44 511
458 49 823
459 89 357
460 88 935
461 42 703
462 60 283
463 82 561
464 43 626
465 27 12
466 65 86
467 78 814
468 70 758
469 24 342
470 11 630
471 5 889
472 97 16
473 99 414
474 93 222
475 2 612
476 49 854
477 71 86
478 15 706
479 96 199
480 2 679
481 10 479
482 36 237
483 2 431
484 11 971
485 100 885
486 45 69
487 51 566
488 80 279
489 25 667
490 64 244
491 18 386
492 56 221
493 28 827
494 62 186
495 9 196
496 83 86
497 48 563
498 76 501
499 8 450
500 45 812
501 82 632
502 26 819
503 5 700
504 89 642
505 29 264
506 52 245
507 76 508
508 52 632
509 21 787
510 47 393
511 37 508
512 32 676
513 53 498
514 17 224
515 45 201
516 28 340
517 52 996
518 35 400
519 57 811
520 33 300
521 23 125
522 13 841
523 68 99
524 12 811
525 70 785
526 72 799
527 80 939
528 94 913
529 29 123
530 63 706
531 62 977
532 55 387
533 31 239
534 85 770
535 68 679
536 86 152
537 31 958
538 32 782
539 11 692
540 85 545
541 19 40
542 13 271
543 19 858
544 34 618
545 77 835
546 93 160
547 63 397
548 30 615
549 82 77
550 48 38
551 61 577
552 52 608
553 48 165
554 45 633
555 41 294
556 84 618
557 1 623
558 57 485
559 98 297
560 65 965
561 31 319
562 42 518
563 33 934
564 86 375
565 43 363
566 55 402
567 14 110
568 90 272
569 69 311
570 19 485
571 38 826
572 100 900
573 46 956
574 44 273
575 65 690
576 13 455
577 87 131
578 80 240
579 79 869
580 4 237
581 17 737
582 67 750
583 81 134
584 90 902
585 90 659
586 45 123
587 11 930
588 65 76
589 95 526
590 9 889
591 21 896
592 35 320
593 37 538
594 6 47
595 8 298
596 9 450
597 28 908
598 46 421
599 36 148
600 23 881
601 19 18
602 40 832
603 81 746
604 94 578
605 93 165
606 87 54
607 76 67
608 39 115
609 37 202
610 16 424
611 96 354
612 92 58
613 86 996
614 70 475
615 75 390
616 22 387
617 30 659
618 77 481
619 31 114
620 94 941
621 37 615
622 13 861
623 66 260
624 5 848
625 58 232
626 62 796
627 75 891
628 11 545
629 49 734
630 25 437
631 78 454
632 38 509
633 1 509
634 97 766
635 86 270
636 64 950
637 42 291
638 34 173
639 16 640
640 97 398
641 48 322
642 74 863
643 46 32
644 41 664
645 42 271
646 73 339
647 17 815
648 59 414
649 61 999
650 14 308
651 40 932
652 94 57
653 72 353
654 94 613
655 2 732
656 65 260
657 14 473
658 22 105
659 86 137
660 100 795
661 60 903
662 39 396
663 44 639
664 90 28
665 85 620
666 39 95
667 92 847
668 87 304
669 91 818
670 39 133
671 52 336
672 1 10
673 72 33
674 99 707
675 28 635
676 9 152
677 59 781
678 97 633
679 94 432
680 93 326
681 85 684
682 46 576
683 15 802
684 43 959
685 20 655
686 24 676
687 11 665
688 46 159
689 59 129
690 28 61
691 48 790
692 47 135
693 37 909
694 54 293
695 23 722
696 83 34
697 55 280
698 39 22
699 67 538
700 25 232
701 59 674
702 43 480
703 67 936
704 33 411
705 15 783
706 91 950
707 54 70
708 52 119
709 33 86
710 21 981
711 68 706
712 71 390
713 30 178
714 83 421
715 34 548
716 38 897
717 81 47
718 40 504
719 4 165
720 74 697
721 56 53
722 87 750
723 50 572
724 2 859
725 53 503
726 31 35
727 28 879
728 82 170
729 20 808
730 55 432
731 79 911
732 19 630
733 87 476
734 6 940
735 20 647
736 82 444
737 80 553
738 43 494
739 29 787
740 34 50
741 41 366
742 21 526
743 87 999
744 60 497
745 1 356
746 42 845
747 92 105
748 26 438
749 81 321
750 80 952
751 17 464
752 45 988
753 24 547
754 62 78
755 53 275
756 78 407
757 51 775
758 75 774
759 35 426
760 28 404
761 29 425
762 35 102
763 28 93
764 53 564
765 33 903
766 34 57
767 27 528
768 69 455
769 56 155
770 2 657
771 40 695
772 24 250
773 86 844
774 98 120
775 87 282
776 43 495
777 92 373
778 14 888
779 98 87
780 20 511
781 8 730
782 58 370
783 21 367
784 50 738
785 30 160
786 38 524
787 16 419
788 18 875
789 7 344
790 6 673
791 13 570
792 27 883
793 43 810
794 34 734
795 21 192
796 20 633
797 23 697
798 73 180
799 40 574
800 63 737
801 40 84
802 63 944
803 86 904
804 37 892
805 52 92
806 13 613
807 85 801
808 100 841
809 18 721
810 73 602
811 46 902
812 72 929
813 95 386
814 93 749
815 49 200
816 99 71
817 46 692
818 38 928
819 78 719
820 45 567
821 63 73
822 57 873
823 11 387
824 18 347
825 21 473
826 63 902
827 67 752
828 45 716
829 50 511
830 87 880
831 46 770
832 32 91
833 26 961
834 14 97
835 1 939
836 30 420
837 41 301
838 31 848
839 65 592
840 91 462
841 35 155
842 92 718
843 13 965
844 15 916
845 86 858
846 37 143
847 65 276
848 81 268
849 57 637
850 53 596
851 25 279
852 12 173
853 67 975
854 3 442
855 77 622
856 43 186
857 68 357
858 15 213
859 45 397
860 70 649
861 78 801
862 99 399
863 39 795
864 39 592
865 46 828
866 79 880
867 45 641
868 22 294
869 72 810
870 5 58
871 83 73
872 62 131
873 75 297
874 35 61
875 82 816
876 84 460
877 55 578
878 47 632
879 90 996
880 48 281
881 78 95
882 60 868
883 20 448
884 18 745
885 57 380
886 85 526
887 92 777
888 54 928
889 61 14
890 67 13
891 87 42
892 41 608
893 14 792
894 84 200
895 61 769
896 47 181
897 87 97
898 79 991
899 17 544
900 2 353
901 40 591
902 75 269
903 40 882
904 38 362
905 59 592
906 95 323
907 56 984
908 77 273
909 4 697
910 70 245
911 40 561
912 53 736
913 14 962
914 100 89
915 60 364
916 45 671
917 30 395
918 80 628
919 73 212
920 32 154
921 29 822
922 80 671
923 74 348
924 87 300
925 100 880
926 15 552
927 51 932
928 44 605
929 7 972
930 48 91
931 46 680
932 85 917
933 47 471
934 20 237
935 80 197
936 12 365
937 61 301
938 75 714
939 41 717
940 27 673
941 83 704
942 83 104
943 80 662
944 48 832
945 15 881
946 74 236
947 30 918
948 56 344
949 12 176
950 19 111
951 51 924
952 42 950
953 55 315
954 70 882
955 11 413
956 84 387
957 20 566
958 31 93
959 22 713
960 96 622
961 36 51
962 61 680
963 46 819
964 56 700
965 89 192
966 28 308
967 41 212
968 69 181
969 47 726
970 55 735
971 98 155
972 54 124
973 20 540
974 63 75
975 16 991
976 16 296
977 1 277
978 94 267
979 71 945
980 19 968
981 6 723
982 71 73
983 41 305
984 76 234
985 59 572
986 1 581
987 6 93
988 25 462
989 15 924
990 82 97
991 51 452
992 34 9
993 94 649
994 93 152
995 35 418
996 61 450
997 26 884
998 26 432
999 75 242
1000 42 496
125637.25
