7000
1 34 703
2 52 744
3 36 965
4 52 996
5 23 85
6 83 613
7 84 487
8 3 19
9 89 979
10 86 283
11 83 224
12 88 975
13 65 593
14 57 787
15 42 961
16 24 130
17 16 454
18 46 508
19 41 651
20 46 685
21 46 884
22 24 358
23 72 141
24 68 582
25 93 217
26 30 146
27 32 790
28 38 710
29 35 680
30 65 569
31 83 888
32 52 344
33 60 37
34 30 607
35 73 65
36 77 636
37 59 213
38 79 398
39 98 609
40 59 630
41 47 977
42 11 348
43 85 434
44 92 435
45 51 961
46 58 531
47 67 195
48 63 440
49 29 734
50 83 441
51 41 853
52 52 254
53 70 547
54 51 220
55 49 756
56 65 996
57 67 28
58 29 588
59 87 991
60 85 754
61 23 814
62 72 866
63 55 21
64 49 43
65 68 509
66 29 789
67 63 879
68 94 185
69 89 121
70 23 949
71 41 715
72 71 424
73 18 286
74 90 974
75 42 326
76 72 615
77 83 548
78 57 30
79 52 43
80 20 603
81 14 586
82 89 140
83 8 378
84 91 613
85 21 532
86 70 890
87 24 199
88 14 958
89 57 996
90 32 402
91 39 735
92 100 713
93 54 36
94 62 948
95 29 85
96 59 878
97 81 851
98 76 127
99 56 977
100 84 290
101 25 909
102 45 689
103 72 276
104 76 379
105 7 962
106 21 275
107 78 847
108 3 370
109 17 77
110 45 473
111 89 565
112 4 711
113 32 12
114 43 271
115 75 900
116 32 597
117 80 588
118 78 403
119 36 872
120 7 691
121 36 344
122 46 607
123 8 911
124 66 652
125 15 113
126 66 692
127 77 475
128 90 724
129 81 829
130 74 706
131 98 257
132 8 249
133 93 345
134 64 686
135 95 285
136 2 63
137 24 947
138 52 645
139 56 932
140 16 721
141 29 804
142 70 357
143 50 461
144 41 185
145 85 53
146 12 682
147 90 746
148 86 121
149 88 245
150 40 651
151 6 818
152 35 560
153 19 113
154 48 166
155 45 603
156 94 471
157 13 215
158 75 513
159 4 550
160 51 574
161 80 798
162 78 890
163 43 713
164 69 64
165 14 208
166 20 972
167 74 605
168 79 88
169 70 705
170 40 595
171 43 126
172 38 36
173 53 25
174 16 281
175 25 805
176 36 218
177 32 346
178 12 140
179 94 220
180 94 963
181 79 295
182 61 822
183 3 840
184 55 953
185 22 642
186 51 825
187 95 838
188 39 510
189 43 753
190 66 195
191 67 101
192 36 577
193 64 8
194 56 47
195 69 674
196 31 867
197 69 556
198 33 818
199 80 511
200 28 594
201 35 185
202 50 806
203 78 433
204 53 668
205 22 434
206 94 885
207 29 664
208 76 999
209 67 301
210 97 248
211 54 489
212 41 85
213 65 933
214 57 981
215 47 426
216 81 131
217 57 989
218 91 23
219 64 550
220 18 338
221 2 577
222 82 558
223 37 698
224 5 411
225 74 68
226 84 836
227 40 855
228 59 993
229 58 779
230 63 789
231 96 256
232 83 233
233 39 414
234 85 345
235 28 373
236 84 987
237 58 87
238 73 615
239 59 791
240 24 835
241 47 254
242 22 365
243 92 71
244 60 977
245 11 253
246 23 895
247 85 867
248 89 878
249 41 504
250 80 886
251 69 285
252 78 572
253 41 874
254 23 539
255 11 167
256 22 953
257 4 233
258 96 693
259 53 906
260 79 810
261 12 438
262 32 53
263 65 309
264 42 598
265 12 568
266 67 305
267 49 149
268 56 139
269 6 481
270 46 15
271 34 200
272 31 933
273 64 261
274 93 748
275 21 821
276 75 453
277 51 296
278 90 278
279 86 89
280 29 749
281 7 977
282 67 327
283 83 903
284 27 618
285 73 460
286 71 621
287 4 531
288 99 185
289 65 531
290 13 420
291 16 40
292 2 566
293 15 587
294 38 456
295 54 858
296 20 187
297 69 457
298 79 117
299 5 5
300 73 959
301 79 797
302 91 461
303 24 744
304 60 939
305 46 571
306 90 426
307 73 978
308 35 124
309 63 686
310 56 3
311 25 675
312 79 752
313 40 656
314 79 167
315 63 44
316 38 40
317 8 112
318 24 164
319 21 438
320 90 100
321 76 937
322 62 677
323 23 503
324 90 338
325 17 747
326 32 317
327 61 826
328 26 473
329 77 132
330 83 136
331 98 561
332 95 335
333 59 995
334 97 80
335 69 473
336 37 270
337 62 224
338 23 371
339 76 722
340 21 262
341 51 321
342 72 596
343 44 876
344 77 13
345 38 417
346 58 182
347 12 259
348 50 710
349 17 467
350 58 919
351 82 717
352 37 521
353 71 719
354 64 963
355 31 707
356 46 272
357 34 137
358 72 374
359 44 532
360 86 403
361 16 218
362 5 485
363 76 607
364 21 734
365 49 629
366 50 247
367 28 154
368 3 777
369 79 6
370 44 158
371 50 515
372 36 358
373 20 301
374 98 804
375 92 993
376 20 296
377 52 187
378 80 193
379 65 679
380 15 459
381 95 424
382 96 264
383 81 423
384 47 307
385 75 706
386 58 643
387 56 803
388 6 211
389 73 189
390 75 60
391 84 995
392 30 635
393 96 470
394 67 496
395 64 695
396 72 733
397 42 73
398 72 614
399 80 823
400 59 134
401 83 517
402 25 259
403 79 198
404 8 535
405 22 818
406 22 643
407 70 220
408 47 993
409 20 568
410 11 52
411 42 835
412 19 604
413 94 530
414 96 295
415 81 769
416 93 191
417 51 404
418 41 674
419 92 507
420 10 262
421 100 394
422 54 337
423 79 65
424 99 763
425 12 515
426 14 701
427 52 454
428 74 878
429 49 836
430 14 420
431 42 210
432 18 17
433 74 631
434 68 866
435 43 257
436 89 448
437 36 668
438 30 18
439 70 603
440 52 33
441 16 579
442 63 570
443 74 639
444 10 168
445 26 851
446 57 307
447 37 140
448 14 311
449 87 666
450 55 14
451 78 65
452 62 879
453 71 688
454 24 546
455 56 230
456 61 138
457 89 222
458 3 250
459 73 605
460 39 337
461 63 191
462 5 116
463 73 132
464 57 255
465 23 281
466 91 937
467 83 126
468 15 928
469 13 293
470 85 192
471 14 99
472 100 372
473 78 631
474 42 47
475 37 940
476 45 656
477 3 609
478 26 244
479 30 106
480 23 552
481 48 11
482 37 146
483 49 366
484 98 425
485 92 399
486 61 549
487 34 309
488 82 448
489 10 918
490 77 324
491 65 279
492 72 488
493 69 222
494 56 526
495 68 605
496 73 801
497 56 608
498 38 586
499 40 47
500 18 898
501 60 402
502 43 536
503 10 444
504 88 169
505 54 909
506 26 836
507 55 691
508 75 31
509 55 281
510 30 926
511 35 455
512 48 701
513 54 867
514 89 727
515 19 810
516 32 516
517 82 211
518 45 171
519 99 728
520 48 628
521 22 718
522 26 778
523 37 104
524 28 323
525 63 591
526 16 880
527 92 253
528 91 696
529 7 619
530 42 187
531 18 205
532 11 361
533 97 87
534 11 993
535 59 668
536 77 904
537 6 100
538 14 474
539 97 12
540 57 229
541 73 484
542 4 165
543 38 792
544 33 705
545 44 292
546 15 446
547 84 941
548 16 771
549 29 477
550 42 836
551 20 146
552 35 276
553 71 582
554 31 675
555 25 981
556 77 65
557 91 218
558 21 408
559 45 346
560 44 567
561 50 25
562 54 911
563 29 234
564 56 910
565 90 989
566 82 946
567 76 131
568 80 848
569 41 833
570 82 605
571 23 831
572 52 827
573 10 537
574 55 431
575 61 882
576 36 531
577 9 508
578 89 731
579 75 475
580 97 413
581 51 739
582 20 664
583 78 741
584 83 191
585 41 99
586 86 415
587 63 994
588 6 509
589 57 180
590 37 275
591 99 214
592 9 491
593 89 228
594 45 65
595 14 225
596 9 11
597 93 513
598 73 570
599 59 63
600 4 105
601 45 215
602 7 378
603 57 764
604 52 862
605 87 879
606 56 919
607 71 442
608 15 933
609 10 940
610 2 706
611 32 516
612 50 25
613 72 623
614 59 971
615 65 880
616 42 472
617 8 640
618 43 989
619 68 859
620 10 349
621 83 404
622 28 92
623 39 771
624 28 281
625 41 315
626 78 751
627 41 74
628 96 474
629 49 754
630 16 368
631 37 587
632 10 91
633 34 142
634 21 411
635 59 858
636 20 471
637 49 637
638 68 810
639 84 690
640 38 317
641 60 701
642 23 826
643 76 928
644 54 63
645 51 136
646 61 888
647 64 856
648 40 203
649 59 990
650 1 496
651 26 266
652 37 620
653 76 815
654 69 756
655 20 335
656 78 320
657 44 354
658 54 358
659 11 682
660 45 915
661 51 921
662 70 691
663 100 475
664 77 791
665 67 39
666 61 445
667 98 582
668 77 685
669 73 153
670 70 771
671 13 616
672 7 463
673 47 18
674 18 824
675 4 572
676 58 415
677 85 750
678 52 235
679 26 982
680 66 910
681 20 306
682 90 272
683 41 773
684 61 219
685 70 11
686 92 305
687 96 673
688 22 840
689 6 741
690 51 772
691 41 342
692 62 158
693 37 993
694 23 167
695 27 952
696 71 968
697 23 212
698 55 867
699 37 247
700 44 950
701 73 780
702 8 977
703 6 299
704 10 803
705 50 64
706 32 822
707 73 983
708 21 390
709 46 242
710 87 413
711 87 215
712 100 489
713 85 691
714 72 687
715 52 142
716 24 724
717 25 759
718 82 583
719 77 275
720 94 240
721 73 776
722 93 989
723 44 951
724 21 171
725 33 1000
726 27 527
727 98 536
728 30 556
729 55 174
730 55 417
731 75 750
732 93 427
733 85 837
734 69 711
735 42 292
736 7 131
737 26 217
738 77 904
739 43 152
740 41 917
741 67 606
742 100 258
743 14 202
744 47 615
745 40 361
746 45 225
747 64 34
748 37 842
749 94 836
750 94 257
751 96 629
752 51 867
753 59 945
754 73 605
755 4 144
756 82 789
757 22 95
758 93 830
759 26 662
760 80 3
761 64 138
762 3 424
763 20 751
764 93 829
765 29 414
766 13 592
767 4 347
768 97 622
769 22 640
770 77 660
771 63 407
772 51 790
773 13 652
774 20 419
775 22 165
776 75 859
777 6 713
778 22 308
779 9 229
780 19 203
781 77 646
782 14 650
783 5 193
784 33 484
785 70 424
786 2 393
787 95 981
788 6 508
789 25 143
790 75 15
791 80 65
792 21 188
793 89 421
794 22 893
795 45 924
796 87 447
797 79 962
798 91 250
799 12 405
800 68 44
801 74 9
802 95 497
803 84 451
804 10 783
805 26 677
806 91 877
807 38 474
808 23 131
809 98 769
810 22 123
811 65 256
812 51 981
813 95 335
814 23 574
815 32 396
816 66 824
817 20 781
818 70 636
819 52 531
820 26 797
821 23 414
822 51 572
823 6 161
824 15 199
825 80 898
826 82 68
827 22 470
828 16 17
829 47 807
830 51 830
831 59 895
832 52 883
833 23 258
834 9 974
835 57 346
836 70 11
837 59 282
838 20 266
839 57 898
840 26 898
841 15 129
842 65 274
843 60 997
844 88 678
845 51 258
846 88 931
847 83 335
848 88 921
849 11 738
850 51 36
851 93 805
852 34 762
853 52 574
854 56 713
855 32 627
856 85 43
857 74 839
858 60 699
859 11 685
860 7 236
861 4 891
862 82 171
863 22 256
864 10 981
865 100 626
866 8 497
867 47 643
868 62 576
869 39 815
870 66 178
871 81 815
872 16 773
873 95 762
874 77 234
875 47 336
876 5 765
877 35 530
878 39 397
879 2 286
880 55 860
881 65 731
882 93 597
883 75 89
884 73 822
885 73 656
886 82 346
887 73 328
888 99 274
889 42 168
890 53 712
891 29 106
892 18 202
893 64 313
894 67 354
895 12 899
896 15 448
897 97 235
898 59 162
899 15 69
900 19 999
901 82 311
902 53 868
903 69 210
904 30 729
905 76 54
906 44 758
907 61 608
908 23 757
909 8 326
910 53 495
911 63 316
912 26 52
913 17 193
914 34 224
915 37 489
916 83 444
917 95 458
918 36 842
919 67 999
920 29 4
921 70 142
922 82 717
923 98 92
924 99 558
925 92 224
926 76 821
927 47 633
928 49 289
929 67 262
930 98 201
931 42 874
932 6 537
933 39 558
934 93 763
935 17 629
936 6 373
937 66 296
938 33 718
939 35 525
940 76 916
941 20 825
942 80 98
943 32 103
944 89 909
945 16 635
946 39 770
947 58 811
948 25 392
949 77 980
950 96 106
951 2 454
952 81 531
953 32 786
954 30 865
955 89 43
956 100 540
957 17 563
958 99 48
959 41 527
960 97 454
961 41 72
962 66 945
963 11 354
964 59 212
965 17 280
966 99 963
967 33 505
968 56 679
969 88 169
970 58 929
971 92 878
972 4 64
973 32 701
974 53 823
975 25 285
976 36 848
977 66 761
978 54 179
979 36 339
980 26 93
981 52 751
982 95 290
983 10 108
984 72 936
985 80 588
986 64 661
987 11 174
988 46 576
989 85 242
990 18 513
991 47 82
992 25 492
993 33 45
994 11 238
995 10 933
996 70 5
997 66 83
998 11 975
999 90 137
1000 44 6
1001 76 461
1002 66 83
1003 31 877
1004 58 435
1005 88 452
1006 20 202
1007 96 287
1008 10 280
1009 18 220
1010 28 619
1011 41 889
1012 82 729
1013 51 327
1014 13 942
1015 70 67
1016 50 470
1017 23 685
1018 46 62
1019 36 499
1020 48 160
1021 96 561
1022 93 256
1023 60 417
1024 25 624
1025 19 947
1026 56 385
1027 55 250
1028 78 122
1029 81 125
1030 68 90
1031 97 649
1032 5 950
1033 68 518
1034 40 638
1035 31 715
1036 18 56
1037 16 571
1038 85 766
1039 25 673
1040 61 727
1041 61 70
1042 34 601
1043 85 467
1044 12 39
1045 16 180
1046 85 481
1047 72 827
1048 79 310
1049 12 602
1050 51 604
1051 22 957
1052 50 429
1053 77 19
1054 55 185
1055 39 56
1056 22 97
1057 42 92
1058 22 683
1059 69 718
1060 76 169
1061 72 841
1062 42 333
1063 1 829
1064 27 558
1065 28 33
1066 8 679
1067 88 623
1068 23 657
1069 60 280
1070 9 759
1071 21 961
1072 60 123
1073 9 937
1074 64 38
1075 18 11
1076 48 666
1077 40 447
1078 47 158
1079 27 145
1080 46 385
1081 35 273
1082 97 719
1083 15 412
1084 11 281
1085 5 223
1086 39 326
1087 80 793
1088 4 821
1089 17 511
1090 27 373
1091 37 646
1092 97 731
1093 45 969
1094 42 224
1095 27 149
1096 52 744
1097 25 647
1098 69 661
1099 39 723
1100 4 789
1101 4 118
1102 21 619
1103 76 25
1104 63 21
1105 12 532
1106 100 617
1107 68 557
1108 98 900
1109 3 410
1110 11 108
1111 97 815
1112 84 276
1113 1 366
1114 41 643
1115 87 829
1116 82 254
1117 47 16
1118 55 287
1119 67 73
1120 82 84
1121 34 99
1122 76 304
1123 32 775
1124 96 772
1125 66 386
1126 97 797
1127 89 924
1128 1 688
1129 56 384
1130 60 467
1131 94 366
1132 53 144
1133 70 33
1134 24 940
1135 96 580
1136 12 228
1137 100 232
1138 8 4
1139 76 219
1140 98 420
1141 41 527
1142 47 565
1143 29 156
1144 1 271
1145 49 145
1146 3 108
1147 25 425
1148 38 91
1149 17 373
1150 51 320
1151 69 892
1152 55 9
1153 13 62
1154 66 429
1155 94 697
1156 70 587
1157 100 24
1158 42 396
1159 90 39
1160 94 764
1161 98 51
1162 80 439
1163 31 657
1164 20 931
1165 82 218
1166 98 326
1167 4 914
1168 46 130
1169 45 565
1170 97 153
1171 57 309
1172 70 613
1173 22 486
1174 15 869
1175 14 866
1176 60 441
1177 61 862
1178 96 57
1179 8 255
1180 15 277
1181 53 232
1182 72 4
1183 62 383
1184 90 730
1185 25 290
1186 7 133
1187 44 338
1188 43 102
1189 49 722
1190 19 297
1191 59 888
1192 24 759
1193 93 464
1194 92 753
1195 79 427
1196 83 985
1197 100 836
1198 88 248
1199 12 407
1200 8 39
1201 69 930
1202 93 736
1203 73 145
1204 22 31
1205 49 164
1206 46 428
1207 59 253
1208 8 19
1209 11 667
1210 40 490
1211 32 828
1212 4 737
1213 31 60
1214 11 467
1215 67 651
1216 39 609
1217 41 244
1218 80 734
1219 40 461
1220 76 711
1221 97 409
1222 6 350
1223 24 386
1224 38 733
1225 88 947
1226 62 116
1227 92 140
1228 59 880
1229 9 575
1230 22 810
1231 49 651
1232 49 983
1233 27 986
1234 23 185
1235 28 352
1236 16 359
1237 10 106
1238 33 680
1239 79 283
1240 82 126
1241 87 43
1242 85 304
1243 19 538
1244 91 91
1245 93 618
1246 92 654
1247 28 653
1248 32 753
1249 83 893
1250 80 552
1251 60 574
1252 18 132
1253 96 958
1254 75 813
1255 25 589
1256 71 555
1257 62 968
1258 93 17
1259 46 74
1260 79 985
1261 6 332
1262 37 971
1263 21 737
1264 59 74
1265 22 872
1266 27 371
1267 9 372
1268 72 14
1269 14 795
1270 73 892
1271 54 576
1272 34 217
1273 44 138
1274 15 756
1275 39 122
1276 13 354
1277 96 711
1278 37 999
1279 21 165
1280 30 410
1281 68 887
1282 7 250
1283 20 404
1284 80 219
1285 25 397
1286 29 537
1287 90 845
1288 25 247
1289 46 734
1290 65 90
1291 18 189
1292 62 27
1293 84 299
1294 50 487
1295 24 103
1296 27 460
1297 79 466
1298 10 56
1299 44 81
1300 51 210
1301 3 382
1302 75 693
1303 6 925
1304 73 97
1305 89 216
1306 72 424
1307 12 988
1308 35 540
1309 80 294
1310 15 802
1311 52 773
1312 80 266
1313 17 450
1314 80 972
1315 68 455
1316 37 94
1317 78 99
1318 96 970
1319 21 154
1320 85 153
1321 52 260
1322 71 761
1323 61 461
1324 75 835
1325 42 707
1326 47 213
1327 4 326
1328 39 782
1329 5 463
1330 81 812
1331 73 227
1332 94 249
1333 72 155
1334 28 835
1335 73 814
1336 73 181
1337 25 422
1338 23 226
1339 62 213
1340 61 58
1341 51 451
1342 75 423
1343 92 294
1344 43 952
1345 59 362
1346 1 17
1347 35 508
1348 48 443
1349 96 267
1350 84 594
1351 27 183
1352 3 745
1353 13 56
1354 47 486
1355 30 403
1356 96 109
1357 50 194
1358 29 743
1359 96 834
1360 27 56
1361 65 969
1362 43 690
1363 61 468
1364 89 940
1365 24 408
1366 60 46
1367 14 733
1368 3 116
1369 26 667
1370 83 433
1371 98 997
1372 32 264
1373 25 581
1374 67 911
1375 16 539
1376 76 634
1377 72 466
1378 28 509
1379 63 493
1380 75 273
1381 9 32
1382 42 533
1383 43 253
1384 55 113
1385 80 343
1386 27 128
1387 93 508
1388 52 653
1389 82 531
1390 40 775
1391 49 554
1392 38 637
1393 47 938
1394 18 189
1395 6 854
1396 89 452
1397 65 840
1398 78 313
1399 50 118
1400 79 568
1401 12 975
1402 33 434
1403 51 973
1404 4 663
1405 27 531
1406 36 876
1407 22 180
1408 6 546
1409 65 916
1410 3 620
1411 14 542
1412 52 688
1413 24 91
1414 39 719
1415 83 319
1416 25 736
1417 23 263
1418 12 220
1419 2 228
1420 75 632
1421 7 879
1422 24 538
1423 50 436
1424 78 43
1425 20 235
1426 58 197
1427 64 698
1428 72 385
1429 68 578
1430 6 752
1431 85 386
1432 35 192
1433 35 114
1434 17 634
1435 90 482
1436 90 310
1437 8 125
1438 22 534
1439 1 522
1440 33 962
1441 87 36
1442 44 568
1443 18 852
1444 74 577
1445 32 825
1446 59 350
1447 20 869
1448 58 792
1449 49 112
1450 89 46
1451 83 839
1452 30 824
1453 83 443
1454 14 520
1455 19 871
1456 74 412
1457 96 430
1458 13 235
1459 93 430
1460 39 153
1461 16 657
1462 58 242
1463 36 778
1464 31 741
1465 72 906
1466 4 253
1467 16 202
1468 88 408
1469 34 724
1470 19 356
1471 33 616
1472 72 682
1473 43 673
1474 95 965
1475 53 178
1476 61 570
1477 57 718
1478 43 165
1479 81 190
1480 39 283
1481 97 381
1482 34 334
1483 41 500
1484 56 240
1485 85 937
1486 92 378
1487 75 571
1488 36 556
1489 84 539
1490 43 143
1491 47 865
1492 31 185
1493 30 993
1494 93 518
1495 88 184
1496 25 751
1497 26 8
1498 34 930
1499 30 306
1500 91 954
1501 68 747
1502 91 832
1503 21 510
1504 67 368
1505 26 345
1506 47 203
1507 30 727
1508 48 50
1509 100 160
1510 59 991
1511 75 951
1512 73 616
1513 99 105
1514 1 505
1515 26 751
1516 26 872
1517 9 325
1518 66 466
1519 3 607
1520 7 225
1521 12 197
1522 73 570
1523 91 334
1524 72 543
1525 63 153
1526 62 163
1527 44 449
1528 90 484
1529 40 245
1530 10 25
1531 54 969
1532 73 386
1533 90 442
1534 65 182
1535 10 844
1536 57 447
1537 59 423
1538 12 962
1539 31 806
1540 24 629
1541 47 129
1542 80 454
1543 21 733
1544 22 17
1545 71 232
1546 12 939
1547 9 390
1548 5 613
1549 78 25
1550 74 732
1551 56 580
1552 95 11
1553 58 323
1554 50 926
1555 89 955
1556 89 148
1557 88 432
1558 40 378
1559 3 118
1560 16 40
1561 52 337
1562 93 749
1563 53 820
1564 9 295
1565 59 836
1566 3 603
1567 48 447
1568 66 20
1569 99 482
1570 94 150
1571 60 592
1572 45 194
1573 38 237
1574 2 508
1575 70 235
1576 49 911
1577 51 514
1578 11 889
1579 56 110
1580 44 394
1581 77 365
1582 81 786
1583 14 24
1584 95 945
1585 16 466
1586 22 214
1587 91 47
1588 24 582
1589 96 582
1590 65 755
1591 86 74
1592 14 719
1593 53 988
1594 94 613
1595 34 760
1596 7 333
1597 34 653
1598 49 932
1599 91 553
1600 69 92
1601 41 360
1602 24 706
1603 33 229
1604 75 533
1605 12 784
1606 69 927
1607 27 232
1608 46 97
1609 53 246
1610 63 60
1611 75 451
1612 36 370
1613 49 766
1614 85 461
1615 44 602
1616 68 100
1617 92 685
1618 11 171
1619 37 287
1620 8 512
1621 18 579
1622 89 681
1623 58 3
1624 89 815
1625 81 507
1626 14 826
1627 61 958
1628 89 291
1629 12 609
1630 18 53
1631 80 534
1632 79 542
1633 79 78
1634 75 236
1635 74 951
1636 24 655
1637 26 377
1638 20 99
1639 90 632
1640 95 432
1641 64 717
1642 32 139
1643 32 277
1644 34 338
1645 65 43
1646 26 368
1647 61 9
1648 22 382
1649 4 415
1650 30 408
1651 35 481
1652 54 691
1653 43 305
1654 57 910
1655 18 775
1656 82 333
1657 84 275
1658 13 702
1659 29 801
1660 56 94
1661 13 157
1662 16 831
1663 82 403
1664 15 977
1665 83 867
1666 13 167
1667 88 883
1668 71 472
1669 75 314
1670 31 227
1671 57 653
1672 62 466
1673 59 772
1674 16 557
1675 59 381
1676 62 14
1677 48 927
1678 22 934
1679 20 579
1680 81 397
1681 68 222
1682 83 504
1683 8 633
1684 17 85
1685 14 71
1686 21 225
1687 81 450
1688 66 377
1689 9 558
1690 32 209
1691 28 430
1692 76 245
1693 10 84
1694 74 401
1695 95 514
1696 54 198
1697 17 899
1698 46 456
1699 85 325
1700 98 5
1701 95 550
1702 41 478
1703 83 900
1704 28 934
1705 56 743
1706 8 177
1707 48 240
1708 87 605
1709 88 414
1710 10 216
1711 82 749
1712 77 24
1713 96 657
1714 62 817
1715 54 368
1716 16 79
1717 30 742
1718 16 691
1719 40 376
1720 6 930
1721 43 817
1722 92 72
1723 67 732
1724 47 422
1725 40 49
1726 32 109
1727 3 18
1728 44 559
1729 26 861
1730 79 806
1731 8 509
1732 3 717
1733 25 711
1734 72 482
1735 65 427
1736 87 225
1737 60 211
1738 72 994
1739 57 278
1740 59 694
1741 28 53
1742 43 907
1743 53 118
1744 23 628
1745 65 839
1746 23 882
1747 86 486
1748 77 199
1749 20 168
1750 2 508
1751 84 841
1752 17 824
1753 12 714
1754 96 364
1755 53 3
1756 51 624
1757 19 149
1758 70 595
1759 80 83
1760 6 793
1761 22 657
1762 61 616
1763 62 274
1764 94 884
1765 65 345
1766 94 269
1767 67 955
1768 95 612
1769 70 137
1770 65 796
1771 7 461
1772 44 847
1773 33 942
1774 96 651
1775 16 129
1776 46 430
1777 38 297
1778 4 108
1779 75 289
1780 43 771
1781 41 54
1782 46 318
1783 16 986
1784 35 547
1785 79 751
1786 47 866
1787 30 770
1788 74 34
1789 16 686
1790 92 298
1791 93 735
1792 89 17
1793 24 645
1794 72 850
1795 23 524
1796 47 705
1797 1 102
1798 74 771
1799 47 833
1800 84 777
1801 56 682
1802 23 813
1803 9 49
1804 60 703
1805 52 773
1806 74 869
1807 49 659
1808 35 205
1809 9 143
1810 77 525
1811 83 913
1812 42 26
1813 48 22
1814 45 694
1815 37 479
1816 36 654
1817 62 844
1818 61 174
1819 25 537
1820 84 891
1821 49 78
1822 70 925
1823 10 43
1824 53 328
1825 53 134
1826 60 107
1827 78 795
1828 34 870
1829 11 78
1830 71 655
1831 12 867
1832 63 116
1833 75 243
1834 35 188
1835 45 297
1836 8 788
1837 18 346
1838 99 789
1839 3 350
1840 27 766
1841 73 709
1842 3 616
1843 80 909
1844 55 763
1845 58 564
1846 45 997
1847 93 523
1848 84 769
1849 79 302
1850 79 577
1851 43 36
1852 84 132
1853 66 488
1854 90 838
1855 79 492
1856 63 721
1857 81 325
1858 22 733
1859 82 919
1860 31 969
1861 26 722
1862 69 660
1863 7 122
1864 100 55
1865 59 486
1866 79 785
1867 72 311
1868 32 791
1869 28 847
1870 75 856
1871 42 530
1872 74 989
1873 4 289
1874 13 490
1875 84 969
1876 83 695
1877 62 634
1878 29 90
1879 22 60
1880 42 125
1881 38 529
1882 4 962
1883 95 928
1884 33 720
1885 27 868
1886 4 789
1887 8 84
1888 28 416
1889 96 412
1890 36 225
1891 81 334
1892 94 824
1893 47 30
1894 100 642
1895 11 552
1896 38 124
1897 66 755
1898 8 68
1899 45 548
1900 87 607
1901 65 725
1902 98 138
1903 64 375
1904 10 696
1905 93 991
1906 73 854
1907 55 9
1908 89 58
1909 23 998
1910 48 395
1911 90 278
1912 14 907
1913 89 575
1914 42 333
1915 27 197
1916 41 929
1917 30 600
1918 42 621
1919 78 853
1920 68 74
1921 33 638
1922 51 730
1923 38 316
1924 100 691
1925 43 224
1926 16 677
1927 12 104
1928 100 123
1929 63 745
1930 42 165
1931 21 939
1932 8 919
1933 33 740
1934 76 875
1935 21 961
1936 99 272
1937 81 185
1938 30 47
1939 71 776
1940 24 598
1941 41 653
1942 20 97
1943 53 217
1944 3 151
1945 54 514
1946 85 565
1947 66 28
1948 65 133
1949 81 483
1950 49 608
1951 18 180
1952 62 289
1953 92 625
1954 84 437
1955 42 627
1956 40 337
1957 40 861
1958 23 352
1959 37 959
1960 35 931
1961 13 379
1962 91 224
1963 19 403
1964 58 85
1965 48 641
1966 34 750
1967 55 451
1968 9 354
1969 41 383
1970 46 837
1971 36 423
1972 30 931
1973 86 562
1974 69 569
1975 46 530
1976 13 325
1977 57 50
1978 11 73
1979 44 793
1980 11 461
1981 71 534
1982 97 182
1983 60 483
1984 30 59
1985 99 983
1986 77 799
1987 94 452
1988 65 129
1989 61 444
1990 42 889
1991 47 300
1992 33 851
1993 49 717
1994 49 319
1995 84 840
1996 51 837
1997 65 937
1998 56 853
1999 92 774
2000 3 937
2001 98 551
2002 27 739
2003 19 68
2004 74 393
2005 97 52
2006 36 567
2007 37 960
2008 31 913
2009 85 593
2010 44 357
2011 50 22
2012 36 8
2013 13 449
2014 27 264
2015 59 265
2016 52 656
2017 5 218
2018 100 126
2019 28 68
2020 84 852
2021 67 631
2022 21 55
2023 25 127
2024 86 255
2025 67 349
2026 20 139
2027 88 34
2028 96 756
2029 56 375
2030 47 923
2031 4 975
2032 76 874
2033 53 314
2034 96 233
2035 81 152
2036 88 483
2037 40 774
2038 33 764
2039 63 792
2040 81 263
2041 5 887
2042 10 367
2043 78 44
2044 74 960
2045 87 300
2046 87 420
2047 78 568
2048 6 736
2049 30 531
2050 100 824
2051 82 246
2052 58 84
2053 72 136
2054 60 533
2055 20 468
2056 33 607
2057 23 932
2058 12 131
2059 89 495
2060 35 151
2061 6 19
2062 52 185
2063 55 588
2064 95 28
2065 10 586
2066 28 414
2067 24 596
2068 70 288
2069 22 86
2070 13 260
2071 96 944
2072 63 647
2073 51 110
2074 30 704
2075 26 312
2076 28 960
2077 32 308
2078 3 680
2079 47 87
2080 23 996
2081 26 577
2082 68 826
2083 83 288
2084 14 39
2085 69 197
2086 24 82
2087 71 981
2088 14 211
2089 8 682
2090 35 108
2091 36 522
2092 80 170
2093 37 480
2094 100 129
2095 92 641
2096 13 183
2097 25 826
2098 16 302
2099 90 91
2100 24 968
2101 85 855
2102 75 210
2103 78 451
2104 93 176
2105 10 732
2106 66 471
2107 66 717
2108 34 93
2109 19 549
2110 63 595
2111 96 260
2112 53 487
2113 85 871
2114 4 461
2115 46 338
2116 67 971
2117 47 715
2118 8 362
2119 45 290
2120 89 830
2121 74 330
2122 11 366
2123 43 797
2124 3 953
2125 13 74
2126 95 640
2127 20 325
2128 84 793
2129 47 447
2130 87 650
2131 46 429
2132 70 894
2133 82 906
2134 97 490
2135 7 907
2136 44 314
2137 86 179
2138 55 620
2139 76 368
2140 53 325
2141 93 33
2142 32 721
2143 94 437
2144 6 710
2145 50 435
2146 98 119
2147 49 671
2148 22 347
2149 82 145
2150 34 286
2151 21 8
2152 69 554
2153 54 291
2154 76 693
2155 31 518
2156 65 654
2157 22 849
2158 24 770
2159 100 11
2160 10 324
2161 46 383
2162 55 592
2163 78 126
2164 1 709
2165 11 715
2166 83 534
2167 6 557
2168 82 309
2169 84 879
2170 46 18
2171 32 289
2172 37 792
2173 23 315
2174 23 455
2175 74 277
2176 85 306
2177 14 114
2178 28 632
2179 27 742
2180 46 168
2181 11 273
2182 83 555
2183 34 893
2184 30 19
2185 79 838
2186 21 30
2187 64 413
2188 8 226
2189 2 260
2190 13 4
2191 45 407
2192 20 640
2193 26 522
2194 52 678
2195 49 176
2196 56 417
2197 48 858
2198 14 795
2199 31 117
2200 79 930
2201 92 898
2202 22 31
2203 69 278
2204 94 945
2205 29 365
2206 92 721
2207 100 710
2208 43 622
2209 65 787
2210 57 762
2211 67 235
2212 87 190
2213 71 320
2214 72 700
2215 33 187
2216 17 959
2217 79 750
2218 95 652
2219 78 590
2220 40 8
2221 57 917
2222 100 731
2223 43 300
2224 70 351
2225 73 630
2226 60 268
2227 51 206
2228 51 731
2229 1 788
2230 64 356
2231 50 760
2232 48 307
2233 24 896
2234 43 758
2235 56 217
2236 34 381
2237 54 804
2238 88 256
2239 16 171
2240 89 934
2241 59 303
2242 14 129
2243 49 91
2244 22 88
2245 42 514
2246 64 664
2247 13 28
2248 85 100
2249 36 977
2250 18 262
2251 86 322
2252 4 486
2253 31 793
2254 53 75
2255 38 25
2256 74 595
2257 70 551
2258 9 444
2259 41 460
2260 53 889
2261 94 518
2262 8 664
2263 12 523
2264 13 539
2265 3 181
2266 42 187
2267 67 130
2268 18 108
2269 23 738
2270 47 442
2271 76 167
2272 21 404
2273 92 539
2274 11 512
2275 68 998
2276 42 172
2277 37 385
2278 31 61
2279 48 812
2280 64 552
2281 47 495
2282 42 16
2283 6 748
2284 74 77
2285 4 491
2286 72 868
2287 64 783
2288 32 669
2289 16 643
2290 93 908
2291 22 280
2292 53 908
2293 45 832
2294 90 809
2295 33 996
2296 73 948
2297 87 919
2298 44 883
2299 52 577
2300 53 363
2301 51 729
2302 62 433
2303 50 881
2304 91 383
2305 5 315
2306 24 121
2307 34 456
2308 91 536
2309 27 664
2310 8 515
2311 38 342
2312 95 341
2313 29 935
2314 63 26
2315 29 891
2316 52 209
2317 83 601
2318 5 890
2319 56 399
2320 57 702
2321 45 15
2322 52 901
2323 67 137
2324 28 472
2325 70 207
2326 10 487
2327 80 372
2328 94 871
2329 95 568
2330 76 992
2331 80 596
2332 17 972
2333 71 614
2334 66 218
2335 96 388
2336 22 83
2337 85 140
2338 52 762
2339 12 611
2340 22 981
2341 16 471
2342 51 794
2343 59 624
2344 47 926
2345 21 391
2346 19 832
2347 87 819
2348 4 284
2349 74 272
2350 65 643
2351 76 444
2352 60 71
2353 77 639
2354 17 660
2355 69 320
2356 74 232
2357 98 173
2358 35 189
2359 64 984
2360 82 204
2361 28 835
2362 89 444
2363 69 282
2364 95 642
2365 76 239
2366 32 83
2367 80 317
2368 37 610
2369 42 371
2370 44 194
2371 44 663
2372 11 409
2373 66 289
2374 6 863
2375 73 477
2376 63 437
2377 98 421
2378 48 826
2379 86 722
2380 72 68
2381 16 113
2382 6 824
2383 86 430
2384 15 97
2385 32 864
2386 60 320
2387 70 715
2388 40 83
2389 20 901
2390 67 834
2391 8 287
2392 19 245
2393 17 319
2394 74 699
2395 41 455
2396 97 102
2397 28 281
2398 78 515
2399 88 946
2400 40 547
2401 44 101
2402 1 830
2403 71 82
2404 7 861
2405 55 623
2406 59 178
2407 41 449
2408 13 502
2409 85 867
2410 85 261
2411 96 915
2412 15 991
2413 68 295
2414 97 556
2415 55 855
2416 19 601
2417 92 488
2418 61 628
2419 83 326
2420 81 328
2421 28 217
2422 53 377
2423 96 207
2424 25 681
2425 24 702
2426 20 864
2427 10 385
2428 23 724
2429 17 700
2430 58 831
2431 86 267
2432 35 986
2433 26 617
2434 64 296
2435 73 92
2436 72 577
2437 76 417
2438 5 278
2439 24 301
2440 4 599
2441 74 602
2442 73 228
2443 19 741
2444 63 98
2445 24 849
2446 19 478
2447 23 129
2448 62 409
2449 12 578
2450 92 728
2451 66 324
2452 2 716
2453 13 29
2454 34 112
2455 98 300
2456 38 656
2457 23 896
2458 65 829
2459 90 921
2460 21 813
2461 66 909
2462 53 971
2463 6 186
2464 47 390
2465 55 666
2466 52 31
2467 34 342
2468 54 892
2469 3 30
2470 30 357
2471 29 352
2472 50 471
2473 68 354
2474 69 507
2475 47 950
2476 38 161
2477 56 140
2478 22 386
2479 94 683
2480 22 869
2481 56 726
2482 64 592
2483 14 914
2484 77 187
2485 47 603
2486 64 863
2487 8 472
2488 96 98
2489 92 43
2490 99 40
2491 8 671
2492 85 828
2493 5 206
2494 11 643
2495 23 863
2496 92 159
2497 3 651
2498 82 973
2499 41 817
2500 35 917
2501 95 642
2502 62 400
2503 100 657
2504 47 350
2505 56 516
2506 54 907
2507 90 90
2508 3 203
2509 28 270
2510 2 759
2511 9 156
2512 11 961
2513 75 499
2514 48 420
2515 75 456
2516 25 496
2517 47 550
2518 92 632
2519 67 815
2520 15 75
2521 100 494
2522 16 664
2523 82 553
2524 46 877
2525 2 164
2526 65 862
2527 83 732
2528 39 943
2529 37 45
2530 76 171
2531 88 815
2532 53 673
2533 64 284
2534 74 832
2535 74 667
2536 3 471
2537 24 938
2538 87 111
2539 84 443
2540 68 397
2541 4 566
2542 68 546
2543 75 383
2544 87 339
2545 1 967
2546 4 796
2547 12 12
2548 34 920
2549 87 759
2550 47 313
2551 10 282
2552 62 47
2553 73 10
2554 6 186
2555 35 759
2556 64 896
2557 77 660
2558 63 634
2559 28 545
2560 88 386
2561 70 233
2562 93 974
2563 16 175
2564 37 487
2565 45 659
2566 72 398
2567 56 764
2568 98 948
2569 24 708
2570 87 538
2571 79 425
2572 84 692
2573 1 451
2574 45 778
2575 1 883
2576 55 564
2577 3 270
2578 96 121
2579 27 121
2580 18 642
2581 27 27
2582 50 594
2583 2 42
2584 10 367
2585 39 280
2586 5 819
2587 2 555
2588 52 868
2589 40 617
2590 58 407
2591 85 478
2592 63 357
2593 42 570
2594 38 292
2595 74 472
2596 43 478
2597 9 821
2598 47 741
2599 88 729
2600 60 522
2601 53 682
2602 82 189
2603 79 188
2604 5 944
2605 2 806
2606 62 497
2607 94 205
2608 97 909
2609 52 234
2610 61 273
2611 70 298
2612 26 650
2613 64 559
2614 3 710
2615 40 86
2616 63 398
2617 18 536
2618 33 535
2619 66 467
2620 57 240
2621 84 802
2622 56 80
2623 92 339
2624 5 80
2625 20 681
2626 93 85
2627 79 419
2628 38 973
2629 29 93
2630 51 990
2631 50 193
2632 38 149
2633 36 920
2634 26 905
2635 30 813
2636 29 224
2637 82 73
2638 45 42
2639 100 68
2640 11 59
2641 96 457
2642 57 298
2643 80 585
2644 49 522
2645 31 762
2646 99 603
2647 67 477
2648 13 134
2649 65 527
2650 32 687
2651 19 694
2652 80 523
2653 41 716
2654 80 411
2655 29 396
2656 43 80
2657 52 145
2658 89 97
2659 27 757
2660 19 159
2661 66 752
2662 7 518
2663 23 11
2664 59 209
2665 19 634
2666 19 658
2667 71 452
2668 58 806
2669 47 462
2670 5 158
2671 24 235
2672 19 748
2673 22 950
2674 80 494
2675 69 714
2676 69 245
2677 97 699
2678 16 630
2679 7 192
2680 25 191
2681 41 260
2682 10 651
2683 81 689
2684 11 110
2685 9 374
2686 6 126
2687 96 362
2688 39 194
2689 43 234
2690 89 284
2691 38 46
2692 16 759
2693 33 337
2694 17 273
2695 69 973
2696 42 737
2697 83 567
2698 61 388
2699 51 484
2700 52 273
2701 45 517
2702 97 4
2703 33 365
2704 29 421
2705 18 113
2706 26 807
2707 13 44
2708 83 6
2709 13 41
2710 33 227
2711 10 811
2712 40 921
2713 74 610
2714 66 279
2715 90 743
2716 70 711
2717 25 15
2718 25 799
2719 88 816
2720 1 461
2721 81 577
2722 39 249
2723 74 395
2724 68 17
2725 70 417
2726 9 490
2727 35 219
2728 20 535
2729 27 484
2730 60 901
2731 13 350
2732 43 240
2733 73 872
2734 9 518
2735 86 373
2736 55 216
2737 69 276
2738 14 677
2739 85 961
2740 39 504
2741 29 71
2742 1 583
2743 25 355
2744 33 965
2745 95 429
2746 1 933
2747 59 746
2748 44 849
2749 84 741
2750 61 40
2751 14 984
2752 57 698
2753 14 7
2754 37 469
2755 34 869
2756 32 848
2757 23 932
2758 65 85
2759 78 754
2760 81 221
2761 53 337
2762 63 709
2763 89 440
2764 5 54
2765 82 923
2766 83 75
2767 2 656
2768 50 49
2769 24 298
2770 23 405
2771 86 518
2772 44 465
2773 89 378
2774 41 34
2775 12 765
2776 83 166
2777 55 201
2778 58 834
2779 32 935
2780 51 922
2781 74 609
2782 28 430
2783 58 754
2784 30 159
2785 14 421
2786 11 735
2787 98 46
2788 61 621
2789 41 303
2790 83 93
2791 78 4
2792 87 557
2793 9 93
2794 93 195
2795 60 271
2796 80 664
2797 84 931
2798 31 250
2799 30 53
2800 72 588
2801 40 7
2802 60 258
2803 80 516
2804 23 929
2805 54 8
2806 74 558
2807 15 843
2808 3 768
2809 13 156
2810 8 718
2811 90 729
2812 44 293
2813 45 190
2814 47 712
2815 88 363
2816 51 51
2817 19 704
2818 53 526
2819 46 663
2820 30 585
2821 40 427
2822 53 781
2823 44 980
2824 54 371
2825 94 400
2826 51 928
2827 98 858
2828 75 124
2829 20 907
2830 87 592
2831 31 154
2832 30 603
2833 8 675
2834 55 243
2835 30 953
2836 26 266
2837 21 665
2838 97 806
2839 98 268
2840 98 201
2841 70 837
2842 98 560
2843 40 32
2844 23 569
2845 70 363
2846 19 373
2847 4 965
2848 23 267
2849 77 291
2850 90 506
2851 60 654
2852 94 636
2853 90 634
2854 29 523
2855 13 211
2856 84 391
2857 41 675
2858 7 572
2859 73 418
2860 91 760
2861 45 439
2862 17 302
2863 44 735
2864 52 564
2865 56 788
2866 53 96
2867 69 826
2868 67 590
2869 93 757
2870 74 827
2871 40 10
2872 49 277
2873 31 943
2874 27 830
2875 40 408
2876 80 262
2877 59 673
2878 52 877
2879 89 959
2880 19 947
2881 57 175
2882 68 804
2883 32 346
2884 78 45
2885 85 223
2886 20 561
2887 12 291
2888 4 112
2889 31 706
2890 36 122
2891 33 515
2892 68 726
2893 87 725
2894 11 488
2895 89 247
2896 62 518
2897 19 825
2898 54 793
2899 41 808
2900 43 710
2901 76 813
2902 52 906
2903 71 654
2904 50 389
2905 14 316
2906 99 325
2907 7 474
2908 33 553
2909 33 396
2910 75 8
2911 49 303
2912 26 607
2913 28 685
2914 15 614
2915 63 32
2916 99 681
2917 88 254
2918 59 22
2919 49 494
2920 17 21
2921 49 889
2922 97 757
2923 17 638
2924 86 474
2925 19 633
2926 70 935
2927 30 83
2928 19 875
2929 90 169
2930 86 41
2931 66 863
2932 76 61
2933 19 800
2934 20 64
2935 43 266
2936 68 851
2937 66 235
2938 63 243
2939 55 818
2940 87 683
2941 75 441
2942 46 601
2943 42 557
2944 18 578
2945 56 555
2946 48 568
2947 19 661
2948 28 154
2949 59 147
2950 33 684
2951 53 676
2952 8 205
2953 14 594
2954 50 751
2955 79 360
2956 95 180
2957 66 503
2958 43 197
2959 83 57
2960 20 559
2961 5 537
2962 53 839
2963 87 973
2964 47 805
2965 40 864
2966 51 526
2967 5 186
2968 80 47
2969 57 626
2970 94 382
2971 57 216
2972 60 304
2973 39 215
2974 22 856
2975 66 606
2976 76 13
2977 81 549
2978 82 954
2979 25 902
2980 90 583
2981 49 819
2982 48 755
2983 10 920
2984 56 661
2985 98 834
2986 37 565
2987 63 722
2988 60 450
2989 78 661
2990 88 131
2991 97 633
2992 54 463
2993 49 347
2994 53 431
2995 82 686
2996 27 91
2997 18 89
2998 39 454
2999 42 174
3000 43 686
3001 51 504
3002 10 322
3003 92 850
3004 34 259
3005 4 535
3006 67 472
3007 3 695
3008 44 683
3009 99 543
3010 48 60
3011 13 933
3012 85 193
3013 90 769
3014 3 809
3015 91 177
3016 6 672
3017 88 705
3018 95 692
3019 5 828
3020 8 237
3021 83 444
3022 3 611
3023 74 741
3024 70 715
3025 39 424
3026 22 419
3027 30 256
3028 26 284
3029 98 122
3030 23 279
3031 91 887
3032 83 957
3033 30 264
3034 36 14
3035 54 859
3036 33 531
3037 44 459
3038 93 536
3039 36 168
3040 70 467
3041 69 82
3042 87 790
3043 30 541
3044 26 597
3045 92 742
3046 12 449
3047 79 417
3048 35 955
3049 80 112
3050 99 448
3051 80 595
3052 50 773
3053 43 751
3054 58 311
3055 57 392
3056 43 73
3057 89 108
3058 88 327
3059 76 220
3060 64 540
3061 73 524
3062 6 700
3063 22 130
3064 24 306
3065 74 998
3066 37 283
3067 7 557
3068 32 797
3069 98 920
3070 13 653
3071 96 935
3072 64 606
3073 71 422
3074 95 405
3075 23 579
3076 75 743
3077 77 939
3078 35 797
3079 5 7
3080 1 145
3081 22 477
3082 11 215
3083 57 747
3084 45 977
3085 31 98
3086 77 37
3087 71 213
3088 71 692
3089 76 285
3090 51 148
3091 78 156
3092 77 505
3093 39 278
3094 8 517
3095 90 283
3096 14 429
3097 13 933
3098 6 231
3099 59 507
3100 67 183
3101 70 599
3102 62 630
3103 46 494
3104 77 971
3105 5 522
3106 37 47
3107 79 801
3108 36 705
3109 55 969
3110 81 492
3111 34 14
3112 28 567
3113 58 525
3114 74 532
3115 4 14
3116 91 556
3117 33 885
3118 81 197
3119 6 859
3120 57 300
3121 73 556
3122 84 813
3123 28 864
3124 94 801
3125 31 880
3126 42 952
3127 60 747
3128 66 181
3129 89 488
3130 61 484
3131 52 4
3132 18 759
3133 29 811
3134 50 478
3135 67 444
3136 47 757
3137 1 516
3138 40 217
3139 18 495
3140 97 407
3141 64 981
3142 22 754
3143 29 608
3144 58 889
3145 69 232
3146 54 293
3147 8 382
3148 33 831
3149 1 506
3150 66 813
3151 53 659
3152 86 554
3153 41 854
3154 51 829
3155 23 358
3156 41 663
3157 48 345
3158 79 84
3159 97 980
3160 38 797
3161 39 678
3162 8 579
3163 2 274
3164 31 388
3165 38 874
3166 52 114
3167 30 780
3168 93 653
3169 39 814
3170 54 20
3171 96 294
3172 69 499
3173 95 310
3174 34 927
3175 63 795
3176 57 181
3177 26 153
3178 11 53
3179 96 399
3180 29 370
3181 59 820
3182 52 258
3183 93 226
3184 9 621
3185 28 628
3186 27 482
3187 76 324
3188 29 658
3189 44 257
3190 26 437
3191 32 985
3192 85 746
3193 76 225
3194 77 189
3195 92 210
3196 32 704
3197 80 900
3198 36 282
3199 79 533
3200 14 185
3201 19 985
3202 96 682
3203 56 864
3204 86 990
3205 23 957
3206 35 349
3207 95 502
3208 12 73
3209 75 840
3210 96 821
3211 43 856
3212 94 750
3213 2 199
3214 61 426
3215 1 473
3216 98 621
3217 29 594
3218 38 939
3219 1 901
3220 87 410
3221 85 130
3222 16 788
3223 76 170
3224 9 411
3225 63 559
3226 60 974
3227 16 955
3228 93 351
3229 86 529
3230 13 844
3231 82 363
3232 67 157
3233 46 564
3234 68 415
3235 17 595
3236 8 355
3237 97 415
3238 32 800
3239 97 595
3240 11 492
3241 50 62
3242 23 397
3243 83 599
3244 17 432
3245 32 240
3246 90 456
3247 28 826
3248 93 740
3249 56 85
3250 41 406
3251 80 142
3252 73 134
3253 38 474
3254 10 13
3255 76 589
3256 27 443
3257 48 470
3258 55 229
3259 93 616
3260 17 163
3261 78 304
3262 85 296
3263 5 791
3264 57 776
3265 1 8
3266 93 171
3267 26 651
3268 81 139
3269 32 355
3270 60 136
3271 4 289
3272 91 412
3273 52 443
3274 94 869
3275 61 408
3276 34 260
3277 13 6
3278 97 141
3279 68 382
3280 47 550
3281 80 235
3282 22 726
3283 23 37
3284 99 852
3285 6 31
3286 48 12
3287 57 323
3288 3 869
3289 78 119
3290 88 943
3291 44 786
3292 92 50
3293 30 134
3294 90 442
3295 9 813
3296 10 629
3297 45 678
3298 84 947
3299 12 992
3300 98 398
3301 94 538
3302 32 15
3303 83 708
3304 50 413
3305 23 384
3306 49 637
3307 9 150
3308 97 714
3309 56 562
3310 18 226
3311 15 649
3312 2 258
3313 73 823
3314 39 914
3315 36 432
3316 23 691
3317 81 406
3318 83 229
3319 87 296
3320 41 890
3321 22 47
3322 57 568
3323 38 939
3324 43 340
3325 65 242
3326 63 591
3327 11 126
3328 34 593
3329 30 192
3330 36 363
3331 64 670
3332 22 422
3333 57 965
3334 1 32
3335 28 953
3336 9 395
3337 94 984
3338 14 471
3339 83 6
3340 2 636
3341 8 542
3342 95 675
3343 97 651
3344 68 690
3345 59 144
3346 73 470
3347 67 341
3348 40 12
3349 79 281
3350 91 589
3351 78 728
3352 5 572
3353 23 131
3354 88 983
3355 42 524
3356 74 145
3357 72 895
3358 99 944
3359 15 857
3360 24 174
3361 97 453
3362 31 715
3363 34 370
3364 99 499
3365 57 596
3366 91 339
3367 100 626
3368 84 274
3369 11 239
3370 93 455
3371 35 393
3372 10 552
3373 33 553
3374 96 204
3375 90 112
3376 96 980
3377 77 757
3378 65 762
3379 68 487
3380 16 793
3381 82 214
3382 73 965
3383 39 855
3384 27 787
3385 72 642
3386 7 442
3387 6 357
3388 83 778
3389 12 718
3390 98 617
3391 18 729
3392 65 234
3393 100 891
3394 40 531
3395 62 605
3396 69 75
3397 75 683
3398 95 284
3399 11 95
3400 54 639
3401 9 160
3402 57 597
3403 19 145
3404 87 913
3405 78 993
3406 61 576
3407 70 172
3408 90 777
3409 20 199
3410 29 212
3411 61 439
3412 56 242
3413 27 259
3414 38 308
3415 11 442
3416 78 904
3417 93 998
3418 76 32
3419 91 352
3420 93 353
3421 83 573
3422 81 256
3423 95 313
3424 29 61
3425 36 177
3426 48 544
3427 81 996
3428 88 981
3429 6 338
3430 91 301
3431 80 188
3432 47 777
3433 24 486
3434 36 670
3435 25 717
3436 58 83
3437 70 516
3438 2 759
3439 70 658
3440 70 533
3441 99 316
3442 11 139
3443 90 845
3444 45 853
3445 39 362
3446 50 842
3447 45 948
3448 37 972
3449 88 663
3450 75 943
3451 48 995
3452 76 694
3453 32 141
3454 46 610
3455 82 455
3456 40 904
3457 58 850
3458 71 620
3459 77 425
3460 35 795
3461 66 718
3462 80 476
3463 71 467
3464 45 755
3465 78 196
3466 11 428
3467 51 235
3468 2 641
3469 43 863
3470 38 602
3471 66 372
3472 68 202
3473 25 776
3474 98 9
3475 66 766
3476 42 226
3477 85 586
3478 74 754
3479 56 828
3480 6 262
3481 64 756
3482 67 668
3483 48 960
3484 39 354
3485 56 762
3486 21 57
3487 28 933
3488 25 875
3489 22 50
3490 51 542
3491 26 157
3492 53 508
3493 12 635
3494 36 45
3495 34 976
3496 8 274
3497 49 671
3498 82 403
3499 7 777
3500 1 691
3501 71 915
3502 83 202
3503 29 684
3504 66 758
3505 55 228
3506 74 686
3507 9 15
3508 67 254
3509 85 257
3510 71 745
3511 94 575
3512 93 216
3513 23 251
3514 8 240
3515 55 127
3516 8 460
3517 100 735
3518 65 485
3519 18 546
3520 49 538
3521 69 885
3522 28 160
3523 100 132
3524 48 913
3525 82 693
3526 60 931
3527 19 197
3528 73 228
3529 70 338
3530 73 276
3531 88 932
3532 74 664
3533 34 83
3534 17 142
3535 39 732
3536 80 949
3537 25 556
3538 13 819
3539 23 464
3540 19 856
3541 88 616
3542 8 576
3543 60 803
3544 83 708
3545 40 580
3546 42 574
3547 51 320
3548 72 788
3549 60 507
3550 9 422
3551 31 700
3552 63 296
3553 5 393
3554 37 937
3555 59 961
3556 63 503
3557 13 782
3558 92 286
3559 99 326
3560 91 70
3561 58 821
3562 66 111
3563 89 636
3564 13 489
3565 33 472
3566 59 781
3567 46 687
3568 46 452
3569 14 766
3570 81 92
3571 82 896
3572 15 291
3573 58 494
3574 23 827
3575 64 784
3576 70 193
3577 87 781
3578 43 934
3579 20 467
3580 82 875
3581 72 389
3582 38 549
3583 64 752
3584 31 214
3585 91 238
3586 22 285
3587 66 676
3588 13 878
3589 78 766
3590 26 94
3591 100 361
3592 92 497
3593 71 400
3594 91 410
3595 7 856
3596 52 203
3597 81 881
3598 91 430
3599 36 640
3600 89 930
3601 64 998
3602 40 149
3603 63 500
3604 47 246
3605 95 154
3606 99 864
3607 41 687
3608 44 88
3609 68 513
3610 65 470
3611 19 39
3612 10 975
3613 87 29
3614 63 376
3615 7 274
3616 62 441
3617 54 957
3618 33 220
3619 90 677
3620 20 119
3621 31 621
3622 80 991
3623 79 709
3624 92 522
3625 43 541
3626 93 895
3627 32 823
3628 74 421
3629 9 216
3630 46 777
3631 81 688
3632 83 865
3633 73 463
3634 49 953
3635 86 269
3636 49 979
3637 93 443
3638 98 807
3639 96 989
3640 26 961
3641 12 199
3642 62 629
3643 44 569
3644 35 387
3645 97 441
3646 98 711
3647 12 443
3648 1 571
3649 91 680
3650 2 651
3651 55 181
3652 2 406
3653 46 572
3654 50 978
3655 44 736
3656 9 554
3657 69 650
3658 94 113
3659 10 410
3660 78 288
3661 32 452
3662 74 88
3663 6 603
3664 77 500
3665 46 860
3666 28 777
3667 3 95
3668 66 498
3669 86 368
3670 77 925
3671 27 14
3672 60 582
3673 56 814
3674 50 621
3675 47 523
3676 42 482
3677 63 619
3678 47 727
3679 46 749
3680 18 571
3681 78 128
3682 55 598
3683 32 774
3684 65 769
3685 69 251
3686 32 300
3687 43 519
3688 100 715
3689 95 713
3690 31 169
3691 9 667
3692 89 8
3693 74 739
3694 21 260
3695 90 616
3696 37 96
3697 81 761
3698 98 856
3699 35 923
3700 98 743
3701 22 380
3702 90 118
3703 25 499
3704 77 366
3705 64 579
3706 96 701
3707 52 977
3708 58 573
3709 10 618
3710 86 556
3711 9 487
3712 45 482
3713 49 407
3714 91 36
3715 66 181
3716 88 570
3717 39 392
3718 29 826
3719 8 180
3720 86 357
3721 14 405
3722 24 318
3723 10 168
3724 17 996
3725 75 226
3726 62 594
3727 30 359
3728 64 763
3729 86 570
3730 26 668
3731 77 366
3732 35 493
3733 19 664
3734 94 756
3735 21 937
3736 8 644
3737 76 272
3738 88 912
3739 27 520
3740 38 716
3741 61 675
3742 20 427
3743 59 395
3744 97 836
3745 51 586
3746 29 233
3747 99 989
3748 83 32
3749 7 730
3750 97 308
3751 39 545
3752 32 988
3753 48 333
3754 97 374
3755 42 470
3756 15 571
3757 28 758
3758 97 507
3759 84 35
3760 13 499
3761 17 254
3762 12 176
3763 58 51
3764 72 591
3765 71 355
3766 87 876
3767 15 692
3768 35 157
3769 52 928
3770 76 212
3771 19 934
3772 8 478
3773 71 500
3774 79 840
3775 31 683
3776 5 385
3777 36 389
3778 94 833
3779 1 58
3780 23 302
3781 59 460
3782 97 326
3783 20 100
3784 73 437
3785 30 919
3786 2 292
3787 77 193
3788 92 493
3789 41 208
3790 55 340
3791 43 845
3792 20 849
3793 2 387
3794 66 413
3795 83 725
3796 74 592
3797 47 16
3798 45 652
3799 41 37
3800 91 652
3801 40 476
3802 6 732
3803 22 116
3804 52 926
3805 73 425
3806 100 842
3807 16 523
3808 75 122
3809 91 945
3810 21 766
3811 44 135
3812 56 74
3813 3 275
3814 73 804
3815 66 884
3816 87 839
3817 89 684
3818 72 552
3819 19 117
3820 53 900
3821 35 63
3822 77 32
3823 93 146
3824 84 73
3825 11 460
3826 22 868
3827 85 10
3828 82 963
3829 2 421
3830 65 949
3831 80 381
3832 17 356
3833 97 698
3834 84 444
3835 79 495
3836 36 398
3837 3 266
3838 17 313
3839 94 448
3840 51 240
3841 84 951
3842 36 73
3843 28 173
3844 56 493
3845 2 311
3846 6 143
3847 37 498
3848 33 63
3849 66 735
3850 21 977
3851 21 93
3852 34 384
3853 26 995
3854 80 664
3855 41 913
3856 12 240
3857 26 393
3858 67 654
3859 32 161
3860 82 970
3861 63 198
3862 41 483
3863 27 450
3864 84 470
3865 76 597
3866 7 236
3867 95 735
3868 80 163
3869 88 989
3870 92 469
3871 57 494
3872 89 952
3873 16 468
3874 84 927
3875 72 409
3876 94 28
3877 14 511
3878 100 539
3879 68 210
3880 28 512
3881 21 253
3882 74 364
3883 12 821
3884 42 399
3885 18 56
3886 83 344
3887 21 144
3888 70 714
3889 20 407
3890 40 839
3891 91 900
3892 32 129
3893 64 614
3894 84 658
3895 70 36
3896 34 436
3897 63 43
3898 92 628
3899 91 72
3900 13 638
3901 35 284
3902 82 405
3903 32 861
3904 39 390
3905 84 779
3906 45 64
3907 73 555
3908 42 581
3909 91 9
3910 99 776
3911 85 339
3912 74 653
3913 78 866
3914 31 342
3915 25 855
3916 49 804
3917 58 210
3918 9 499
3919 86 593
3920 100 211
3921 4 223
3922 55 146
3923 39 171
3924 34 125
3925 11 610
3926 45 672
3927 7 816
3928 90 8
3929 97 692
3930 25 123
3931 90 601
3932 88 653
3933 40 462
3934 84 925
3935 92 495
3936 91 240
3937 79 646
3938 23 590
3939 46 667
3940 7 862
3941 74 907
3942 38 448
3943 40 537
3944 86 226
3945 80 151
3946 100 658
3947 54 695
3948 72 655
3949 20 259
3950 35 645
3951 96 831
3952 1 286
3953 60 728
3954 89 321
3955 91 720
3956 12 971
3957 43 25
3958 77 567
3959 90 29
3960 43 236
3961 4 696
3962 97 464
3963 55 563
3964 41 847
3965 63 576
3966 24 369
3967 11 65
3968 51 61
3969 81 992
3970 45 609
3971 54 592
3972 27 611
3973 7 854
3974 31 451
3975 56 91
3976 99 557
3977 89 957
3978 69 870
3979 25 504
3980 78 411
3981 46 736
3982 43 777
3983 84 780
3984 53 178
3985 22 237
3986 19 893
3987 77 975
3988 52 444
3989 79 654
3990 52 849
3991 75 620
3992 79 331
3993 15 673
3994 99 285
3995 50 609
3996 46 771
3997 74 143
3998 23 755
3999 20 916
4000 41 891
4001 52 243
4002 61 576
4003 53 896
4004 66 654
4005 10 94
4006 40 397
4007 67 165
4008 98 876
4009 74 100
4010 63 578
4011 57 332
4012 38 830
4013 9 983
4014 77 399
4015 47 438
4016 47 861
4017 65 55
4018 78 989
4019 30 782
4020 88 346
4021 91 55
4022 62 186
4023 31 820
4024 12 410
4025 82 360
4026 63 160
4027 6 268
4028 25 697
4029 81 484
4030 19 529
4031 94 878
4032 18 942
4033 93 54
4034 7 850
4035 96 431
4036 38 28
4037 69 681
4038 58 71
4039 78 776
4040 84 57
4041 1 626
4042 14 172
4043 59 835
4044 94 438
4045 52 875
4046 49 925
4047 69 858
4048 5 431
4049 13 118
4050 2 550
4051 79 593
4052 43 30
4053 26 801
4054 75 297
4055 33 52
4056 26 70
4057 4 10
4058 18 435
4059 21 827
4060 27 624
4061 52 314
4062 15 248
4063 61 9
4064 54 54
4065 85 205
4066 94 798
4067 49 727
4068 4 796
4069 58 460
4070 54 473
4071 89 398
4072 34 201
4073 20 227
4074 27 242
4075 71 455
4076 3 828
4077 73 465
4078 92 429
4079 62 183
4080 62 642
4081 60 232
4082 62 54
4083 57 530
4084 53 390
4085 94 815
4086 59 458
4087 44 913
4088 77 906
4089 84 636
4090 20 857
4091 37 278
4092 63 943
4093 81 634
4094 87 964
4095 27 392
4096 42 941
4097 61 804
4098 88 835
4099 58 991
4100 39 714
4101 31 823
4102 96 936
4103 47 426
4104 88 489
4105 49 924
4106 5 162
4107 82 19
4108 69 248
4109 21 460
4110 48 246
4111 87 897
4112 41 72
4113 87 983
4114 82 993
4115 68 956
4116 93 386
4117 88 677
4118 87 960
4119 61 248
4120 75 54
4121 95 964
4122 29 277
4123 1 863
4124 78 49
4125 17 569
4126 41 13
4127 11 368
4128 46 802
4129 92 300
4130 10 64
4131 78 798
4132 50 180
4133 78 998
4134 52 903
4135 19 288
4136 6 581
4137 1 595
4138 15 827
4139 60 960
4140 57 550
4141 53 8
4142 29 52
4143 14 565
4144 39 307
4145 1 56
4146 11 31
4147 45 582
4148 49 311
4149 88 985
4150 67 570
4151 19 164
4152 96 836
4153 76 200
4154 41 957
4155 94 661
4156 39 639
4157 3 115
4158 97 768
4159 73 88
4160 31 321
4161 78 336
4162 15 654
4163 17 82
4164 20 269
4165 80 237
4166 43 803
4167 31 74
4168 29 652
4169 81 272
4170 58 658
4171 89 330
4172 79 663
4173 50 181
4174 38 677
4175 6 607
4176 1 347
4177 5 550
4178 1 137
4179 29 152
4180 24 128
4181 54 537
4182 24 939
4183 68 364
4184 8 721
4185 26 582
4186 14 457
4187 13 881
4188 33 229
4189 28 611
4190 39 257
4191 57 402
4192 89 855
4193 37 184
4194 40 197
4195 50 595
4196 46 410
4197 16 599
4198 61 714
4199 40 148
4200 89 27
4201 22 559
4202 12 625
4203 12 972
4204 10 683
4205 98 497
4206 15 212
4207 80 897
4208 48 988
4209 21 283
4210 52 740
4211 72 180
4212 38 392
4213 80 601
4214 93 517
4215 89 451
4216 34 106
4217 26 566
4218 5 569
4219 54 275
4220 77 736
4221 60 196
4222 15 502
4223 45 661
4224 86 864
4225 28 485
4226 4 169
4227 90 104
4228 58 114
4229 64 246
4230 79 452
4231 46 943
4232 11 283
4233 91 190
4234 5 578
4235 14 456
4236 9 348
4237 61 409
4238 48 363
4239 99 620
4240 72 341
4241 86 339
4242 14 999
4243 7 20
4244 34 222
4245 62 882
4246 21 24
4247 38 12
4248 87 145
4249 31 129
4250 37 981
4251 22 697
4252 35 155
4253 50 368
4254 83 1000
4255 29 18
4256 95 879
4257 89 332
4258 12 44
4259 13 794
4260 74 905
4261 33 381
4262 61 463
4263 36 616
4264 63 510
4265 16 432
4266 37 689
4267 33 811
4268 59 107
4269 31 129
4270 39 488
4271 30 120
4272 72 239
4273 30 865
4274 13 955
4275 83 456
4276 60 936
4277 88 317
4278 8 588
4279 16 610
4280 25 141
4281 21 588
4282 10 233
4283 52 524
4284 6 171
4285 27 588
4286 53 642
4287 14 648
4288 88 507
4289 68 546
4290 15 469
4291 54 493
4292 5 579
4293 38 648
4294 15 17
4295 75 206
4296 48 623
4297 65 890
4298 62 620
4299 19 957
4300 44 719
4301 83 559
4302 92 998
4303 67 761
4304 29 966
4305 87 988
4306 55 581
4307 87 840
4308 54 643
4309 61 122
4310 82 583
4311 78 487
4312 65 726
4313 99 907
4314 75 378
4315 46 814
4316 98 779
4317 32 876
4318 94 972
4319 62 10
4320 25 576
4321 61 828
4322 78 80
4323 93 523
4324 26 456
4325 98 834
4326 72 951
4327 68 941
4328 50 363
4329 90 819
4330 63 151
4331 35 717
4332 12 108
4333 1 459
4334 95 392
4335 53 639
4336 13 777
4337 78 830
4338 95 267
4339 55 755
4340 65 795
4341 66 514
4342 32 794
4343 8 531
4344 15 379
4345 44 113
4346 77 453
4347 100 319
4348 80 843
4349 26 818
4350 64 378
4351 5 170
4352 18 938
4353 30 349
4354 51 652
4355 93 254
4356 75 569
4357 80 823
4358 94 295
4359 52 105
4360 6 989
4361 51 682
4362 12 387
4363 7 225
4364 43 71
4365 80 212
4366 13 579
4367 78 115
4368 2 663
4369 53 494
4370 28 745
4371 7 980
4372 79 197
4373 56 94
4374 94 912
4375 99 802
4376 37 671
4377 40 559
4378 28 250
4379 24 353
4380 20 849
4381 2 539
4382 28 926
4383 55 856
4384 58 679
4385 22 683
4386 17 5
4387 92 146
4388 85 975
4389 37 362
4390 63 825
4391 6 325
4392 58 518
4393 64 115
4394 27 948
4395 97 807
4396 75 593
4397 79 516
4398 66 304
4399 32 189
4400 33 215
4401 53 158
4402 77 314
4403 29 402
4404 65 961
4405 100 362
4406 7 309
4407 9 323
4408 42 119
4409 51 417
4410 13 513
4411 76 423
4412 99 963
4413 58 247
4414 13 657
4415 3 552
4416 39 290
4417 51 688
4418 4 734
4419 8 844
4420 42 33
4421 19 629
4422 18 319
4423 65 744
4424 40 229
4425 40 367
4426 65 426
4427 33 456
4428 87 314
4429 92 359
4430 53 895
4431 68 962
4432 96 797
4433 98 859
4434 95 14
4435 79 494
4436 25 99
4437 3 396
4438 67 934
4439 30 515
4440 86 598
4441 88 410
4442 15 334
4443 29 657
4444 59 59
4445 49 824
4446 22 646
4447 36 261
4448 40 435
4449 44 220
4450 22 115
4451 53 647
4452 100 570
4453 4 782
4454 85 58
4455 15 146
4456 68 884
4457 16 357
4458 25 86
4459 93 844
4460 55 632
4461 51 861
4462 88 742
4463 7 913
4464 21 608
4465 8 158
4466 23 803
4467 26 71
4468 27 978
4469 5 121
4470 44 322
4471 50 280
4472 78 64
4473 71 286
4474 67 173
4475 37 840
4476 37 128
4477 55 291
4478 57 271
4479 69 860
4480 22 225
4481 95 512
4482 81 49
4483 50 737
4484 30 148
4485 99 488
4486 88 61
4487 55 405
4488 66 394
4489 57 114
4490 2 630
4491 13 39
4492 88 19
4493 68 175
4494 5 974
4495 59 706
4496 95 49
4497 17 636
4498 100 463
4499 57 75
4500 23 871
4501 19 831
4502 99 726
4503 45 928
4504 7 522
4505 45 406
4506 46 336
4507 56 729
4508 53 824
4509 1 420
4510 94 870
4511 1 851
4512 1 515
4513 69 675
4514 15 898
4515 89 260
4516 37 72
4517 99 256
4518 87 991
4519 5 640
4520 73 363
4521 61 584
4522 83 302
4523 85 248
4524 77 207
4525 25 80
4526 79 946
4527 35 352
4528 11 871
4529 12 430
4530 40 118
4531 93 265
4532 44 914
4533 89 872
4534 6 607
4535 9 559
4536 2 220
4537 4 848
4538 89 174
4539 42 418
4540 32 406
4541 21 989
4542 58 908
4543 62 104
4544 57 80
4545 94 895
4546 80 253
4547 43 28
4548 75 895
4549 61 82
4550 87 584
4551 57 340
4552 56 869
4553 30 690
4554 54 764
4555 12 948
4556 85 915
4557 8 831
4558 61 392
4559 79 343
4560 59 824
4561 49 793
4562 69 695
4563 100 380
4564 19 279
4565 1 451
4566 56 679
4567 45 403
4568 21 399
4569 4 31
4570 15 783
4571 22 665
4572 83 705
4573 13 859
4574 80 73
4575 67 32
4576 33 24
4577 78 474
4578 26 531
4579 59 995
4580 35 111
4581 26 128
4582 4 571
4583 49 263
4584 68 373
4585 31 534
4586 52 159
4587 92 446
4588 30 905
4589 43 164
4590 76 397
4591 84 263
4592 19 784
4593 60 72
4594 27 787
4595 21 386
4596 35 997
4597 76 31
4598 99 355
4599 51 102
4600 2 758
4601 29 250
4602 72 831
4603 36 481
4604 45 532
4605 65 227
4606 89 805
4607 65 754
4608 92 83
4609 26 653
4610 38 616
4611 62 52
4612 96 180
4613 73 911
4614 44 343
4615 27 885
4616 94 403
4617 72 836
4618 7 846
4619 57 906
4620 10 997
4621 92 525
4622 9 815
4623 99 438
4624 47 102
4625 36 234
4626 55 847
4627 95 662
4628 2 239
4629 49 197
4630 95 720
4631 8 389
4632 88 503
4633 44 621
4634 71 829
4635 58 65
4636 25 727
4637 24 463
4638 51 234
4639 84 569
4640 21 676
4641 79 790
4642 70 933
4643 60 757
4644 10 836
4645 17 629
4646 74 856
4647 80 929
4648 39 789
4649 60 581
4650 26 174
4651 88 108
4652 31 604
4653 99 359
4654 68 613
4655 88 717
4656 92 563
4657 85 167
4658 27 363
4659 80 248
4660 28 268
4661 70 590
4662 63 307
4663 58 483
4664 30 145
4665 20 762
4666 73 995
4667 6 587
4668 77 582
4669 18 492
4670 10 130
4671 90 362
4672 85 789
4673 49 330
4674 50 900
4675 78 578
4676 98 977
4677 46 535
4678 61 37
4679 23 54
4680 45 955
4681 16 859
4682 59 343
4683 35 557
4684 24 944
4685 31 89
4686 34 764
4687 45 966
4688 78 259
4689 44 112
4690 37 621
4691 69 435
4692 9 388
4693 92 221
4694 84 241
4695 17 888
4696 81 115
4697 97 447
4698 3 429
4699 42 273
4700 57 894
4701 68 85
4702 80 938
4703 41 777
4704 97 762
4705 51 648
4706 38 892
4707 14 240
4708 63 208
4709 95 998
4710 42 194
4711 86 534
4712 9 611
4713 82 771
4714 42 625
4715 88 379
4716 85 801
4717 83 166
4718 100 936
4719 57 643
4720 29 81
4721 40 223
4722 66 236
4723 87 486
4724 7 997
4725 69 434
4726 12 507
4727 7 721
4728 89 898
4729 91 274
4730 49 434
4731 47 605
4732 53 288
4733 59 705
4734 68 878
4735 41 165
4736 16 88
4737 93 157
4738 34 432
4739 22 440
4740 4 197
4741 16 355
4742 26 289
4743 68 783
4744 89 214
4745 90 417
4746 68 572
4747 17 965
4748 88 576
4749 54 744
4750 28 913
4751 64 55
4752 50 717
4753 59 350
4754 22 656
4755 88 839
4756 76 767
4757 60 94
4758 62 532
4759 57 100
4760 73 379
4761 35 864
4762 30 300
4763 79 635
4764 95 706
4765 31 207
4766 84 699
4767 34 143
4768 52 636
4769 74 760
4770 50 742
4771 75 650
4772 26 937
4773 63 777
4774 21 222
4775 31 771
4776 58 837
4777 61 38
4778 86 273
4779 65 758
4780 32 404
4781 22 611
4782 99 241
4783 96 262
4784 78 792
4785 91 434
4786 59 325
4787 16 344
4788 66 812
4789 8 460
4790 72 405
4791 10 210
4792 40 901
4793 88 65
4794 13 496
4795 85 535
4796 35 302
4797 93 758
4798 26 223
4799 6 864
4800 51 416
4801 82 429
4802 80 627
4803 86 672
4804 23 635
4805 26 386
4806 31 228
4807 65 390
4808 47 824
4809 84 937
4810 25 206
4811 84 339
4812 54 73
4813 48 641
4814 97 224
4815 26 407
4816 93 496
4817 22 215
4818 8 972
4819 94 228
4820 74 751
4821 37 839
4822 70 146
4823 80 884
4824 91 481
4825 79 418
4826 70 752
4827 49 906
4828 79 808
4829 58 893
4830 56 884
4831 63 371
4832 34 376
4833 65 25
4834 73 381
4835 21 634
4836 79 571
4837 71 353
4838 32 992
4839 9 415
4840 13 655
4841 84 555
4842 51 347
4843 28 315
4844 25 396
4845 55 950
4846 14 190
4847 55 522
4848 37 683
4849 93 219
4850 46 669
4851 73 296
4852 26 901
4853 30 870
4854 8 239
4855 77 718
4856 97 888
4857 77 356
4858 71 619
4859 58 832
4860 98 413
4861 88 502
4862 87 7
4863 48 301
4864 31 865
4865 82 704
4866 24 719
4867 56 117
4868 41 547
4869 50 3
4870 88 30
4871 64 902
4872 41 652
4873 78 968
4874 79 942
4875 60 278
4876 2 326
4877 93 552
4878 20 469
4879 75 398
4880 76 813
4881 23 207
4882 5 568
4883 69 292
4884 74 38
4885 90 344
4886 23 64
4887 70 964
4888 77 662
4889 14 690
4890 91 781
4891 93 296
4892 22 385
4893 3 312
4894 18 922
4895 36 377
4896 79 572
4897 90 848
4898 87 449
4899 38 847
4900 52 123
4901 34 668
4902 97 624
4903 52 6
4904 13 790
4905 17 760
4906 36 487
4907 24 124
4908 70 672
4909 19 583
4910 51 15
4911 73 69
4912 41 463
4913 77 822
4914 87 793
4915 36 699
4916 26 469
4917 88 158
4918 74 992
4919 65 791
4920 55 938
4921 45 63
4922 67 466
4923 85 324
4924 51 425
4925 64 232
4926 7 787
4927 53 350
4928 49 773
4929 15 679
4930 25 697
4931 93 276
4932 74 639
4933 64 909
4934 90 860
4935 32 36
4936 55 241
4937 71 827
4938 15 101
4939 77 945
4940 92 207
4941 8 189
4942 35 234
4943 48 360
4944 53 738
4945 86 330
4946 13 246
4947 33 25
4948 53 431
4949 53 645
4950 54 543
4951 15 624
4952 90 629
4953 32 63
4954 58 656
4955 85 915
4956 81 904
4957 85 956
4958 33 296
4959 11 242
4960 95 408
4961 44 402
4962 91 337
4963 97 211
4964 19 921
4965 31 830
4966 53 885
4967 54 406
4968 36 125
4969 62 346
4970 80 136
4971 29 142
4972 15 371
4973 79 701
4974 41 286
4975 58 129
4976 3 190
4977 81 60
4978 52 467
4979 5 420
4980 71 765
4981 38 132
4982 2 146
4983 10 653
4984 42 183
4985 85 238
4986 17 383
4987 98 566
4988 2 872
4989 36 320
4990 16 62
4991 5 363
4992 92 277
4993 81 672
4994 8 823
4995 15 528
4996 98 347
4997 98 478
4998 55 116
4999 91 921
5000 27 122
5001 31 289
5002 62 270
5003 45 164
5004 36 842
5005 54 460
5006 57 571
5007 53 191
5008 8 521
5009 2 722
5010 95 519
5011 98 282
5012 4 209
5013 25 507
5014 6 43
5015 1 570
5016 94 402
5017 36 952
5018 27 407
5019 97 232
5020 77 944
5021 84 773
5022 71 934
5023 25 14
5024 40 785
5025 67 38
5026 88 851
5027 3 460
5028 9 836
5029 71 366
5030 80 622
5031 100 197
5032 73 591
5033 29 951
5034 32 477
5035 4 115
5036 59 827
5037 8 677
5038 58 292
5039 28 641
5040 51 143
5041 52 699
5042 18 176
5043 85 480
5044 27 805
5045 18 793
5046 27 645
5047 66 60
5048 61 466
5049 78 11
5050 11 173
5051 6 248
5052 91 233
5053 27 567
5054 1 777
5055 68 620
5056 16 974
5057 56 65
5058 18 21
5059 81 282
5060 40 810
5061 10 122
5062 45 929
5063 25 557
5064 7 480
5065 12 266
5066 49 486
5067 99 210
5068 44 347
5069 30 279
5070 5 595
5071 74 400
5072 93 922
5073 39 42
5074 53 594
5075 8 187
5076 41 334
5077 97 541
5078 77 501
5079 91 641
5080 54 181
5081 31 310
5082 53 371
5083 21 658
5084 57 842
5085 24 322
5086 5 427
5087 25 187
5088 1 309
5089 66 311
5090 6 18
5091 40 96
5092 58 715
5093 73 467
5094 17 173
5095 91 630
5096 42 115
5097 94 389
5098 30 470
5099 92 267
5100 44 695
5101 74 395
5102 47 275
5103 2 147
5104 51 5
5105 63 938
5106 40 714
5107 65 870
5108 49 795
5109 90 105
5110 87 988
5111 76 499
5112 79 976
5113 43 831
5114 47 306
5115 5 979
5116 96 310
5117 33 121
5118 6 60
5119 99 184
5120 68 259
5121 70 541
5122 98 248
5123 85 540
5124 61 195
5125 49 967
5126 59 934
5127 94 793
5128 27 682
5129 49 261
5130 4 307
5131 49 516
5132 81 349
5133 92 184
5134 47 739
5135 93 36
5136 88 558
5137 20 911
5138 1 914
5139 50 654
5140 81 724
5141 54 632
5142 61 61
5143 27 290
5144 42 368
5145 40 122
5146 60 504
5147 2 619
5148 55 363
5149 49 261
5150 81 238
5151 64 572
5152 6 339
5153 70 959
5154 23 25
5155 54 471
5156 50 396
5157 32 802
5158 82 39
5159 53 248
5160 22 488
5161 83 777
5162 68 192
5163 58 931
5164 64 560
5165 2 386
5166 5 255
5167 50 960
5168 73 702
5169 35 148
5170 47 982
5171 78 619
5172 21 218
5173 40 272
5174 58 309
5175 39 87
5176 97 201
5177 71 341
5178 79 1000
5179 46 123
5180 26 565
5181 55 870
5182 29 517
5183 67 213
5184 78 879
5185 60 979
5186 18 655
5187 71 983
5188 73 472
5189 51 472
5190 13 417
5191 73 618
5192 95 589
5193 73 524
5194 16 571
5195 32 113
5196 28 41
5197 89 205
5198 66 842
5199 59 712
5200 49 316
5201 28 990
5202 92 828
5203 20 630
5204 8 550
5205 68 896
5206 57 572
5207 90 736
5208 44 607
5209 15 582
5210 61 503
5211 95 210
5212 40 173
5213 7 862
5214 27 118
5215 74 762
5216 52 553
5217 63 377
5218 31 75
5219 70 840
5220 10 777
5221 77 130
5222 62 459
5223 30 194
5224 72 688
5225 100 369
5226 63 395
5227 39 264
5228 91 701
5229 40 491
5230 7 199
5231 1 742
5232 34 6
5233 91 135
5234 59 911
5235 68 299
5236 6 305
5237 40 286
5238 66 354
5239 70 522
5240 16 652
5241 69 917
5242 84 138
5243 84 431
5244 30 995
5245 33 226
5246 93 230
5247 78 328
5248 28 791
5249 99 371
5250 16 525
5251 66 489
5252 20 537
5253 64 399
5254 85 4
5255 82 596
5256 1 357
5257 54 299
5258 11 403
5259 19 387
5260 89 878
5261 4 343
5262 35 126
5263 61 319
5264 50 815
5265 46 855
5266 33 105
5267 100 189
5268 61 50
5269 73 547
5270 76 568
5271 33 635
5272 42 298
5273 84 195
5274 72 931
5275 31 658
5276 80 418
5277 39 135
5278 10 721
5279 40 221
5280 91 373
5281 67 39
5282 47 730
5283 44 946
5284 55 206
5285 50 134
5286 79 986
5287 4 698
5288 17 965
5289 1 48
5290 56 58
5291 26 594
5292 95 547
5293 5 567
5294 2 645
5295 20 288
5296 68 85
5297 26 803
5298 87 764
5299 23 399
5300 12 869
5301 78 707
5302 91 659
5303 14 460
5304 86 306
5305 32 59
5306 47 41
5307 4 441
5308 54 445
5309 8 13
5310 95 912
5311 62 271
5312 20 815
5313 26 554
5314 3 198
5315 86 723
5316 5 997
5317 25 63
5318 65 722
5319 8 444
5320 88 4
5321 21 660
5322 100 814
5323 70 787
5324 31 445
5325 35 413
5326 83 685
5327 93 959
5328 16 486
5329 25 939
5330 13 496
5331 71 185
5332 54 795
5333 34 652
5334 85 36
5335 35 970
5336 60 680
5337 19 551
5338 86 444
5339 75 191
5340 43 304
5341 80 32
5342 9 665
5343 8 851
5344 40 476
5345 50 602
5346 33 878
5347 41 722
5348 26 961
5349 74 382
5350 70 176
5351 26 425
5352 17 114
5353 56 535
5354 92 562
5355 2 195
5356 28 298
5357 75 812
5358 81 765
5359 43 330
5360 52 463
5361 5 196
5362 57 699
5363 29 187
5364 14 716
5365 83 159
5366 97 483
5367 33 659
5368 23 420
5369 82 81
5370 98 551
5371 91 557
5372 74 785
5373 25 278
5374 62 170
5375 49 225
5376 93 109
5377 45 208
5378 75 698
5379 62 479
5380 75 38
5381 67 258
5382 100 130
5383 65 127
5384 74 845
5385 70 615
5386 27 353
5387 83 231
5388 86 655
5389 22 382
5390 41 190
5391 51 749
5392 76 44
5393 100 97
5394 1 811
5395 67 709
5396 100 791
5397 67 773
5398 78 304
5399 35 641
5400 93 976
5401 50 787
5402 93 677
5403 94 974
5404 75 411
5405 21 835
5406 60 573
5407 78 893
5408 30 874
5409 77 781
5410 75 421
5411 57 157
5412 56 999
5413 91 604
5414 62 204
5415 26 850
5416 81 795
5417 65 188
5418 59 468
5419 69 714
5420 79 237
5421 89 281
5422 36 768
5423 31 217
5424 54 412
5425 83 7
5426 8 633
5427 87 451
5428 35 938
5429 3 70
5430 6 661
5431 61 427
5432 65 502
5433 70 321
5434 54 86
5435 10 336
5436 88 956
5437 43 740
5438 45 553
5439 91 555
5440 73 103
5441 54 23
5442 87 967
5443 80 502
5444 18 653
5445 26 219
5446 16 115
5447 98 648
5448 73 80
5449 94 803
5450 75 166
5451 50 761
5452 58 919
5453 93 507
5454 100 722
5455 96 572
5456 81 442
5457 28 146
5458 24 764
5459 42 814
5460 53 190
5461 27 525
5462 79 817
5463 14 943
5464 38 714
5465 13 895
5466 87 387
5467 78 368
5468 98 518
5469 94 996
5470 34 726
5471 12 268
5472 65 375
5473 24 971
5474 78 358
5475 76 541
5476 64 921
5477 38 266
5478 76 423
5479 4 643
5480 10 834
5481 94 381
5482 66 138
5483 16 258
5484 53 513
5485 62 25
5486 7 749
5487 95 269
5488 63 10
5489 67 591
5490 50 478
5491 60 341
5492 91 232
5493 40 740
5494 87 714
5495 16 938
5496 38 104
5497 95 41
5498 11 154
5499 80 642
5500 93 182
5501 21 711
5502 78 636
5503 11 164
5504 39 757
5505 82 658
5506 8 715
5507 62 924
5508 72 261
5509 2 827
5510 72 947
5511 83 322
5512 96 91
5513 40 324
5514 70 882
5515 99 517
5516 64 187
5517 54 823
5518 40 881
5519 29 277
5520 47 723
5521 45 20
5522 20 364
5523 25 818
5524 74 63
5525 86 407
5526 62 694
5527 20 320
5528 59 117
5529 37 359
5530 68 171
5531 50 662
5532 91 644
5533 70 683
5534 67 715
5535 88 261
5536 40 931
5537 36 54
5538 93 793
5539 22 94
5540 29 436
5541 78 374
5542 51 12
5543 5 544
5544 33 52
5545 39 628
5546 2 152
5547 97 209
5548 32 222
5549 63 748
5550 23 243
5551 11 898
5552 7 175
5553 2 801
5554 34 858
5555 61 792
5556 7 474
5557 40 393
5558 14 531
5559 26 920
5560 67 903
5561 5 203
5562 51 58
5563 68 351
5564 9 645
5565 92 785
5566 55 25
5567 75 181
5568 8 838
5569 9 707
5570 95 664
5571 45 749
5572 14 394
5573 94 941
5574 87 629
5575 63 629
5576 36 664
5577 32 199
5578 65 346
5579 8 19
5580 43 494
5581 97 839
5582 44 570
5583 83 997
5584 20 929
5585 37 309
5586 4 634
5587 21 854
5588 96 232
5589 51 553
5590 64 15
5591 43 306
5592 74 418
5593 53 929
5594 4 634
5595 92 532
5596 91 213
5597 56 768
5598 18 608
5599 73 562
5600 62 189
5601 67 711
5602 91 750
5603 59 524
5604 20 36
5605 98 804
5606 36 50
5607 47 628
5608 57 530
5609 32 265
5610 79 626
5611 71 269
5612 50 962
5613 24 404
5614 86 485
5615 91 777
5616 97 534
5617 81 242
5618 96 615
5619 70 692
5620 75 452
5621 46 25
5622 30 665
5623 17 567
5624 27 729
5625 38 137
5626 59 146
5627 36 100
5628 34 728
5629 51 907
5630 70 832
5631 91 243
5632 9 287
5633 83 112
5634 91 283
5635 74 725
5636 6 427
5637 68 339
5638 2 679
5639 7 284
5640 6 408
5641 28 532
5642 32 262
5643 57 643
5644 80 493
5645 17 790
5646 50 293
5647 7 870
5648 24 640
5649 7 464
5650 94 707
5651 79 25
5652 13 944
5653 36 217
5654 31 222
5655 36 66
5656 38 169
5657 56 10
5658 33 246
5659 50 910
5660 10 542
5661 79 551
5662 50 376
5663 71 964
5664 13 24
5665 56 384
5666 48 293
5667 31 556
5668 63 831
5669 68 352
5670 71 654
5671 45 935
5672 67 606
5673 74 811
5674 84 162
5675 45 851
5676 50 136
5677 57 766
5678 41 321
5679 86 33
5680 42 195
5681 55 538
5682 40 574
5683 21 167
5684 47 726
5685 84 502
5686 85 63
5687 6 685
5688 61 774
5689 82 696
5690 8 24
5691 5 553
5692 69 191
5693 45 740
5694 2 601
5695 69 514
5696 74 603
5697 48 613
5698 99 191
5699 47 992
5700 35 284
5701 16 331
5702 20 187
5703 87 175
5704 80 111
5705 67 278
5706 77 860
5707 83 814
5708 21 507
5709 37 323
5710 30 908
5711 71 689
5712 58 705
5713 40 50
5714 99 317
5715 47 79
5716 49 290
5717 26 245
5718 79 173
5719 39 821
5720 33 36
5721 67 757
5722 86 712
5723 52 299
5724 36 101
5725 21 881
5726 60 110
5727 67 991
5728 9 866
5729 60 344
5730 74 223
5731 75 46
5732 3 756
5733 92 259
5734 95 4
5735 21 671
5736 72 175
5737 13 342
5738 32 980
5739 5 660
5740 59 875
5741 24 170
5742 83 364
5743 74 523
5744 63 210
5745 3 358
5746 46 668
5747 7 321
5748 26 777
5749 55 641
5750 42 331
5751 86 750
5752 45 888
5753 25 656
5754 43 820
5755 60 921
5756 36 112
5757 67 629
5758 39 607
5759 97 585
5760 16 242
5761 52 525
5762 45 417
5763 64 93
5764 23 107
5765 91 869
5766 55 949
5767 3 722
5768 9 149
5769 43 305
5770 99 254
5771 88 568
5772 83 787
5773 53 16
5774 9 498
5775 40 446
5776 70 488
5777 11 855
5778 69 492
5779 72 960
5780 10 854
5781 65 106
5782 79 154
5783 18 980
5784 72 854
5785 16 382
5786 45 749
5787 48 118
5788 74 932
5789 79 394
5790 96 547
5791 47 757
5792 85 69
5793 58 424
5794 50 100
5795 14 716
5796 37 216
5797 14 613
5798 84 461
5799 95 900
5800 19 194
5801 50 568
5802 21 223
5803 49 424
5804 33 579
5805 21 180
5806 38 286
5807 30 788
5808 66 849
5809 52 456
5810 74 981
5811 19 910
5812 45 507
5813 76 607
5814 25 57
5815 5 803
5816 60 133
5817 88 883
5818 79 202
5819 40 399
5820 18 369
5821 66 697
5822 33 465
5823 44 145
5824 2 376
5825 76 274
5826 85 495
5827 85 903
5828 61 282
5829 86 476
5830 22 79
5831 77 110
5832 87 328
5833 9 364
5834 64 938
5835 96 257
5836 73 435
5837 81 925
5838 57 693
5839 32 387
5840 9 484
5841 99 758
5842 44 991
5843 73 120
5844 61 596
5845 65 48
5846 63 338
5847 93 821
5848 41 485
5849 46 818
5850 57 163
5851 50 658
5852 56 972
5853 79 730
5854 59 878
5855 64 300
5856 35 961
5857 25 725
5858 38 846
5859 1 857
5860 88 122
5861 36 370
5862 15 119
5863 62 779
5864 5 137
5865 78 475
5866 48 619
5867 55 168
5868 46 932
5869 49 586
5870 24 694
5871 46 755
5872 67 23
5873 21 264
5874 31 832
5875 93 900
5876 70 786
5877 33 562
5878 31 198
5879 70 6
5880 67 132
5881 30 619
5882 99 844
5883 13 455
5884 42 520
5885 97 366
5886 9 626
5887 87 103
5888 60 121
5889 67 281
5890 37 660
5891 4 888
5892 22 454
5893 61 651
5894 16 993
5895 15 846
5896 2 751
5897 95 941
5898 67 491
5899 97 748
5900 41 64
5901 64 583
5902 55 28
5903 63 384
5904 59 535
5905 7 695
5906 82 677
5907 93 307
5908 84 172
5909 24 152
5910 16 794
5911 35 356
5912 98 557
5913 74 309
5914 22 496
5915 16 888
5916 7 208
5917 87 70
5918 57 448
5919 40 463
5920 98 745
5921 45 789
5922 14 488
5923 15 791
5924 87 582
5925 91 135
5926 72 554
5927 26 128
5928 20 998
5929 88 439
5930 9 390
5931 73 86
5932 29 306
5933 29 668
5934 81 902
5935 68 168
5936 97 626
5937 41 850
5938 2 478
5939 41 794
5940 81 163
5941 5 130
5942 89 748
5943 90 339
5944 42 711
5945 60 799
5946 99 69
5947 96 485
5948 70 400
5949 15 506
5950 55 760
5951 33 632
5952 58 397
5953 6 904
5954 51 465
5955 60 915
5956 100 551
5957 48 562
5958 81 13
5959 87 834
5960 10 68
5961 74 213
5962 63 792
5963 83 843
5964 98 540
5965 65 569
5966 35 260
5967 4 337
5968 96 460
5969 84 213
5970 86 93
5971 42 305
5972 48 332
5973 69 558
5974 95 404
5975 36 625
5976 15 114
5977 3 607
5978 30 153
5979 80 278
5980 71 927
5981 68 722
5982 27 500
5983 64 873
5984 73 944
5985 53 984
5986 11 795
5987 80 274
5988 100 826
5989 94 105
5990 18 347
5991 47 327
5992 47 130
5993 73 768
5994 4 549
5995 75 370
5996 24 377
5997 73 687
5998 40 547
5999 97 901
6000 73 907
6001 79 373
6002 88 715
6003 84 461
6004 58 288
6005 37 793
6006 17 25
6007 26 376
6008 82 849
6009 96 817
6010 26 378
6011 73 821
6012 94 124
6013 4 585
6014 10 656
6015 95 540
6016 29 206
6017 27 357
6018 10 623
6019 40 57
6020 92 447
6021 34 993
6022 40 562
6023 73 8
6024 64 722
6025 39 916
6026 99 454
6027 96 351
6028 97 212
6029 70 689
6030 15 324
6031 69 399
6032 80 500
6033 13 544
6034 10 363
6035 34 274
6036 73 347
6037 29 28
6038 56 469
6039 81 332
6040 75 833
6041 72 288
6042 62 254
6043 85 910
6044 10 143
6045 97 231
6046 40 259
6047 10 477
6048 3 871
6049 98 66
6050 45 771
6051 70 576
6052 33 233
6053 51 204
6054 72 854
6055 49 254
6056 74 57
6057 29 331
6058 51 248
6059 14 210
6060 79 877
6061 66 995
6062 62 138
6063 66 950
6064 6 914
6065 25 274
6066 5 795
6067 69 982
6068 92 345
6069 20 647
6070 44 869
6071 37 891
6072 18 337
6073 54 522
6074 49 22
6075 47 107
6076 82 56
6077 6 596
6078 75 747
6079 3 506
6080 53 676
6081 24 432
6082 18 739
6083 28 118
6084 62 751
6085 87 447
6086 83 864
6087 22 403
6088 88 763
6089 83 937
6090 6 681
6091 80 808
6092 43 198
6093 39 981
6094 20 983
6095 75 458
6096 53 695
6097 30 100
6098 73 352
6099 72 882
6100 3 538
6101 31 544
6102 97 454
6103 36 334
6104 43 294
6105 69 235
6106 47 959
6107 72 910
6108 65 554
6109 26 191
6110 3 867
6111 10 621
6112 35 860
6113 65 177
6114 54 248
6115 68 410
6116 63 632
6117 38 880
6118 86 845
6119 86 950
6120 57 541
6121 17 798
6122 26 181
6123 31 459
6124 3 201
6125 80 767
6126 6 920
6127 91 987
6128 39 881
6129 80 520
6130 72 835
6131 78 550
6132 58 551
6133 40 540
6134 8 566
6135 94 546
6136 5 121
6137 16 51
6138 90 657
6139 93 645
6140 49 389
6141 55 164
6142 52 476
6143 12 216
6144 78 471
6145 81 538
6146 83 264
6147 43 966
6148 2 601
6149 85 654
6150 29 125
6151 41 972
6152 34 320
6153 5 559
6154 88 540
6155 43 49
6156 5 576
6157 96 474
6158 96 190
6159 92 909
6160 5 534
6161 76 760
6162 28 880
6163 43 447
6164 55 693
6165 15 182
6166 89 293
6167 68 569
6168 30 577
6169 57 504
6170 68 557
6171 27 795
6172 100 104
6173 74 818
6174 67 641
6175 63 764
6176 11 897
6177 98 314
6178 98 468
6179 94 378
6180 45 300
6181 27 940
6182 90 892
6183 5 723
6184 68 811
6185 69 44
6186 36 250
6187 72 867
6188 23 304
6189 78 95
6190 75 929
6191 42 214
6192 97 655
6193 36 339
6194 65 141
6195 70 443
6196 35 446
6197 40 94
6198 33 814
6199 14 670
6200 30 738
6201 83 328
6202 62 916
6203 94 68
6204 57 453
6205 63 439
6206 42 864
6207 99 398
6208 13 788
6209 18 436
6210 49 59
6211 77 388
6212 70 581
6213 35 987
6214 31 649
6215 40 512
6216 18 773
6217 49 761
6218 99 649
6219 38 111
6220 9 477
6221 27 756
6222 38 260
6223 57 640
6224 27 222
6225 34 848
6226 31 494
6227 66 398
6228 16 333
6229 31 368
6230 31 822
6231 25 893
6232 56 115
6233 42 890
6234 77 869
6235 74 567
6236 16 157
6237 52 705
6238 29 314
6239 89 839
6240 29 900
6241 43 745
6242 81 422
6243 16 429
6244 24 398
6245 49 707
6246 94 875
6247 62 882
6248 79 888
6249 31 273
6250 50 888
6251 13 386
6252 80 513
6253 82 762
6254 98 592
6255 94 322
6256 90 166
6257 89 920
6258 68 249
6259 42 598
6260 84 481
6261 83 753
6262 27 584
6263 79 530
6264 55 555
6265 98 628
6266 87 895
6267 38 625
6268 89 763
6269 84 612
6270 32 210
6271 43 538
6272 94 525
6273 35 421
6274 54 822
6275 49 209
6276 13 498
6277 70 82
6278 38 486
6279 54 341
6280 61 959
6281 8 966
6282 47 507
6283 33 77
6284 12 522
6285 50 933
6286 41 160
6287 50 225
6288 56 513
6289 33 466
6290 14 938
6291 20 318
6292 13 640
6293 97 142
6294 87 648
6295 1 898
6296 16 283
6297 9 798
6298 99 918
6299 15 977
6300 3 476
6301 10 438
6302 84 682
6303 39 555
6304 84 57
6305 81 396
6306 65 277
6307 96 622
6308 41 630
6309 36 172
6310 67 833
6311 95 331
6312 52 184
6313 5 998
6314 35 426
6315 97 802
6316 3 165
6317 96 367
6318 81 286
6319 96 886
6320 92 841
6321 96 736
6322 80 939
6323 17 107
6324 83 732
6325 52 566
6326 85 435
6327 61 695
6328 66 984
6329 93 589
6330 77 478
6331 92 200
6332 44 714
6333 8 137
6334 83 262
6335 41 244
6336 96 952
6337 76 870
6338 79 182
6339 13 797
6340 38 602
6341 37 893
6342 69 538
6343 15 701
6344 97 478
6345 87 855
6346 95 505
6347 34 488
6348 38 936
6349 80 147
6350 46 349
6351 19 313
6352 76 280
6353 19 19
6354 19 524
6355 87 765
6356 90 712
6357 92 686
6358 83 479
6359 21 463
6360 50 719
6361 93 733
6362 72 387
6363 15 457
6364 43 565
6365 70 683
6366 91 352
6367 21 939
6368 33 449
6369 41 182
6370 27 3
6371 60 510
6372 46 604
6373 43 415
6374 25 909
6375 70 146
6376 34 715
6377 50 726
6378 51 608
6379 4 504
6380 42 590
6381 8 189
6382 15 543
6383 24 106
6384 12 760
6385 40 574
6386 6 884
6387 51 604
6388 56 550
6389 28 145
6390 44 530
6391 80 633
6392 71 856
6393 5 644
6394 100 762
6395 77 235
6396 61 542
6397 44 837
6398 80 737
6399 23 309
6400 5 361
6401 32 730
6402 70 344
6403 66 297
6404 68 591
6405 7 33
6406 54 414
6407 19 73
6408 81 858
6409 10 331
6410 57 28
6411 90 258
6412 38 169
6413 31 322
6414 20 163
6415 7 915
6416 93 712
6417 60 712
6418 92 591
6419 16 96
6420 72 196
6421 26 560
6422 58 872
6423 87 196
6424 55 703
6425 84 635
6426 40 673
6427 15 658
6428 55 420
6429 25 381
6430 56 119
6431 78 621
6432 50 588
6433 69 279
6434 7 936
6435 44 449
6436 65 988
6437 84 879
6438 93 837
6439 27 775
6440 32 918
6441 97 31
6442 18 904
6443 44 238
6444 13 890
6445 74 565
6446 20 464
6447 2 38
6448 41 270
6449 67 714
6450 61 440
6451 17 811
6452 12 283
6453 69 940
6454 6 289
6455 85 408
6456 79 477
6457 65 371
6458 53 105
6459 100 627
6460 75 200
6461 34 195
6462 48 350
6463 75 267
6464 85 176
6465 87 420
6466 57 748
6467 76 174
6468 63 127
6469 28 232
6470 69 219
6471 34 450
6472 90 668
6473 92 207
6474 61 689
6475 37 933
6476 95 679
6477 91 841
6478 57 75
6479 28 421
6480 30 130
6481 89 639
6482 58 541
6483 57 983
6484 78 605
6485 81 635
6486 71 586
6487 43 320
6488 55 514
6489 42 519
6490 13 302
6491 96 813
6492 90 823
6493 68 250
6494 81 379
6495 93 655
6496 43 70
6497 73 669
6498 27 985
6499 98 603
6500 32 91
6501 82 830
6502 88 989
6503 45 710
6504 42 249
6505 24 747
6506 46 243
6507 51 456
6508 73 558
6509 36 780
6510 62 248
6511 47 597
6512 17 166
6513 96 321
6514 53 591
6515 24 24
6516 75 285
6517 68 739
6518 6 470
6519 83 550
6520 1 126
6521 77 186
6522 21 440
6523 10 571
6524 42 497
6525 60 918
6526 69 894
6527 87 690
6528 34 538
6529 78 892
6530 39 94
6531 32 598
6532 90 310
6533 9 738
6534 52 726
6535 37 483
6536 42 857
6537 51 129
6538 21 225
6539 25 543
6540 17 471
6541 26 905
6542 3 257
6543 14 405
6544 7 854
6545 54 322
6546 65 725
6547 93 721
6548 85 300
6549 99 498
6550 68 427
6551 59 290
6552 75 206
6553 84 506
6554 5 94
6555 40 105
6556 97 48
6557 42 630
6558 74 597
6559 67 247
6560 37 338
6561 83 243
6562 55 831
6563 68 789
6564 26 434
6565 11 448
6566 72 81
6567 3 867
6568 75 150
6569 75 695
6570 17 850
6571 16 839
6572 40 340
6573 21 851
6574 31 646
6575 46 78
6576 95 681
6577 78 444
6578 38 216
6579 93 654
6580 94 395
6581 59 849
6582 72 288
6583 41 48
6584 74 905
6585 39 172
6586 53 196
6587 23 382
6588 80 306
6589 23 687
6590 26 150
6591 60 947
6592 58 151
6593 76 338
6594 31 287
6595 46 161
6596 23 546
6597 50 483
6598 93 511
6599 88 674
6600 34 713
6601 81 722
6602 22 950
6603 74 548
6604 67 191
6605 50 637
6606 83 692
6607 38 504
6608 71 111
6609 86 880
6610 64 420
6611 74 988
6612 6 748
6613 10 610
6614 12 594
6615 52 351
6616 21 18
6617 11 243
6618 96 982
6619 3 142
6620 65 660
6621 65 921
6622 73 102
6623 56 716
6624 88 311
6625 20 455
6626 25 940
6627 21 477
6628 24 251
6629 42 932
6630 30 200
6631 47 607
6632 79 120
6633 46 710
6634 20 545
6635 90 503
6636 91 373
6637 68 949
6638 87 437
6639 40 216
6640 77 236
6641 83 87
6642 63 786
6643 34 191
6644 43 979
6645 59 964
6646 81 405
6647 41 525
6648 75 283
6649 58 240
6650 5 906
6651 83 664
6652 38 711
6653 48 969
6654 51 26
6655 21 545
6656 14 174
6657 77 814
6658 59 667
6659 95 857
6660 84 42
6661 12 697
6662 71 356
6663 43 691
6664 91 948
6665 9 539
6666 65 963
6667 98 103
6668 92 808
6669 45 326
6670 37 360
6671 51 914
6672 86 183
6673 87 755
6674 74 251
6675 23 857
6676 94 13
6677 88 374
6678 5 286
6679 75 14
6680 94 465
6681 77 545
6682 67 793
6683 14 368
6684 34 894
6685 86 485
6686 26 822
6687 45 325
6688 6 375
6689 88 812
6690 18 571
6691 54 25
6692 9 304
6693 55 674
6694 82 878
6695 40 962
6696 92 114
6697 94 785
6698 55 885
6699 62 633
6700 25 508
6701 98 714
6702 61 787
6703 49 795
6704 64 243
6705 7 625
6706 82 534
6707 24 513
6708 52 654
6709 46 892
6710 98 459
6711 10 430
6712 15 952
6713 11 414
6714 100 857
6715 13 733
6716 60 519
6717 18 89
6718 26 900
6719 19 221
6720 85 820
6721 35 950
6722 99 530
6723 100 680
6724 74 391
6725 46 275
6726 6 549
6727 62 121
6728 28 199
6729 83 664
6730 57 521
6731 26 737
6732 89 440
6733 82 31
6734 79 485
6735 36 428
6736 83 298
6737 42 355
6738 4 395
6739 93 986
6740 39 744
6741 69 899
6742 94 267
6743 92 991
6744 28 850
6745 4 708
6746 51 952
6747 92 292
6748 11 84
6749 71 699
6750 63 60
6751 87 674
6752 78 203
6753 58 427
6754 58 787
6755 79 781
6756 83 742
6757 29 76
6758 35 3
6759 25 768
6760 43 778
6761 94 349
6762 98 57
6763 74 438
6764 20 146
6765 36 649
6766 13 129
6767 4 126
6768 97 993
6769 99 377
6770 38 408
6771 13 531
6772 83 834
6773 15 504
6774 51 822
6775 70 583
6776 68 798
6777 71 542
6778 26 240
6779 84 792
6780 19 345
6781 19 750
6782 10 230
6783 3 318
6784 87 776
6785 69 750
6786 17 124
6787 19 35
6788 90 763
6789 67 101
6790 29 482
6791 39 826
6792 84 480
6793 5 87
6794 54 150
6795 53 44
6796 79 170
6797 2 146
6798 19 875
6799 8 762
6800 74 717
6801 36 283
6802 22 292
6803 71 894
6804 40 869
6805 68 476
6806 95 606
6807 18 777
6808 82 478
6809 63 482
6810 44 777
6811 100 143
6812 93 67
6813 48 484
6814 86 86
6815 32 843
6816 96 304
6817 39 718
6818 56 713
6819 71 384
6820 20 653
6821 85 607
6822 48 144
6823 76 697
6824 36 610
6825 93 563
6826 37 650
6827 98 354
6828 17 835
6829 74 981
6830 62 117
6831 27 465
6832 75 968
6833 43 535
6834 33 378
6835 28 873
6836 21 594
6837 45 241
6838 9 282
6839 20 747
6840 25 111
6841 9 22
6842 78 708
6843 3 757
6844 12 774
6845 43 82
6846 83 189
6847 7 714
6848 84 585
6849 90 431
6850 91 471
6851 40 18
6852 40 197
6853 7 73
6854 27 741
6855 99 432
6856 82 225
6857 14 807
6858 60 502
6859 63 840
6860 40 277
6861 79 138
6862 36 553
6863 35 596
6864 52 562
6865 26 953
6866 16 531
6867 97 502
6868 55 212
6869 47 923
6870 20 629
6871 31 856
6872 89 89
6873 23 920
6874 71 951
6875 60 647
6876 20 785
6877 60 993
6878 9 8
6879 65 286
6880 48 832
6881 45 23
6882 80 584
6883 61 82
6884 54 210
6885 23 886
6886 30 385
6887 27 334
6888 48 718
6889 24 306
6890 20 200
6891 44 447
6892 12 226
6893 58 717
6894 64 39
6895 45 170
6896 77 98
6897 66 960
6898 19 973
6899 97 92
6900 98 527
6901 3 960
6902 33 115
6903 91 808
6904 62 771
6905 62 52
6906 51 601
6907 14 820
6908 76 184
6909 53 57
6910 34 744
6911 75 929
6912 54 545
6913 16 952
6914 88 942
6915 1 952
6916 44 586
6917 68 24
6918 10 279
6919 49 714
6920 49 593
6921 17 34
6922 10 825
6923 38 276
6924 2 798
6925 85 250
6926 86 715
6927 27 872
6928 37 814
6929 73 789
6930 43 656
6931 83 162
6932 41 646
6933 13 670
6934 82 265
6935 57 523
6936 18 720
6937 22 239
6938 30 553
6939 87 160
6940 94 595
6941 84 59
6942 56 24
6943 11 959
6944 58 680
6945 99 622
6946 10 180
6947 48 158
6948 39 687
6949 5 122
6950 86 86
6951 7 175
6952 93 598
6953 67 345
6954 32 446
6955 50 31
6956 100 412
6957 90 173
6958 35 498
6959 56 609
6960 75 339
6961 23 243
6962 1 25
6963 91 742
6964 16 11
6965 78 260
6966 9 196
6967 33 951
6968 84 76
6969 23 865
6970 19 594
6971 61 821
6972 7 881
6973 85 319
6974 61 131
6975 56 113
6976 75 841
6977 53 197
6978 22 495
6979 48 404
6980 16 313
6981 1 854
6982 79 931
6983 26 282
6984 85 901
6985 37 113
6986 78 153
6987 28 267
6988 5 909
6989 84 883
6990 73 341
6991 21 993
6992 76 572
6993 9 16
6994 9 253
6995 69 781
6996 65 82
6997 35 957
6998 69 707
6999 57 921
7000 86 57
874454.75
