4000
1 57 737
2 81 31
3 30 829
4 90 182
5 3 702
6 79 399
7 13 199
8 39 173
9 42 562
10 11 319
11 67 32
12 60 967
13 2 341
14 68 872
15 29 900
16 28 183
17 12 338
18 58 761
19 59 421
20 55 79
21 87 877
22 47 671
23 37 300
24 42 830
25 20 868
26 94 394
27 98 694
28 42 84
29 10 625
30 6 85
31 87 97
32 49 848
33 11 82
34 67 794
35 89 157
36 32 502
37 23 295
38 42 797
39 4 996
40 90 777
41 50 219
42 28 803
43 51 149
44 15 277
45 58 719
46 29 764
47 33 638
48 38 773
49 100 946
50 64 776
51 9 255
52 87 900
53 19 650
54 76 215
55 62 245
56 76 954
57 47 971
58 35 516
59 25 646
60 18 792
61 29 959
62 44 503
63 96 148
64 11 139
65 5 51
66 59 554
67 96 455
68 62 133
69 31 774
70 1 945
71 17 423
72 96 69
73 50 202
74 66 465
75 42 839
76 7 133
77 11 971
78 98 815
79 62 417
80 16 474
81 100 327
82 95 358
83 18 658
84 65 460
85 44 510
86 71 400
87 39 853
88 33 568
89 71 766
90 3 724
91 85 865
92 84 23
93 4 134
94 83 739
95 46 205
96 21 585
97 85 734
98 86 384
99 77 657
100 3 104
101 95 856
102 21 164
103 91 27
104 65 907
105 83 209
106 83 269
107 57 830
108 49 270
109 24 410
110 84 882
111 83 56
112 73 198
113 62 396
114 92 58
115 70 892
116 62 912
117 11 715
118 85 132
119 39 300
120 51 691
121 47 610
122 73 252
123 19 416
124 98 10
125 11 783
126 62 125
127 30 531
128 64 361
129 15 684
130 22 730
131 23 216
132 35 50
133 42 705
134 83 476
135 45 498
136 94 341
137 22 418
138 50 74
139 39 731
140 34 521
141 50 27
142 44 282
143 31 557
144 97 97
145 29 973
146 32 643
147 1 310
148 98 425
149 11 177
150 83 19
151 10 605
152 79 606
153 58 27
154 96 608
155 72 201
156 67 396
157 28 72
158 66 31
159 18 904
160 21 947
161 45 573
162 48 633
163 99 270
164 20 467
165 99 499
166 63 446
167 42 242
168 55 620
169 78 342
170 34 210
171 100 950
172 76 297
173 36 926
174 40 922
175 16 785
176 92 610
177 77 374
178 62 565
179 27 856
180 12 993
181 61 993
182 68 229
183 68 698
184 92 808
185 91 521
186 8 70
187 11 564
188 59 294
189 88 632
190 55 400
191 27 330
192 1 26
193 78 17
194 42 125
195 77 736
196 75 398
197 35 251
198 17 691
199 43 327
200 85 936
201 23 74
202 36 190
203 31 454
204 28 872
205 16 128
206 93 427
207 51 738
208 52 519
209 80 529
210 72 234
211 61 783
212 41 116
213 74 170
214 55 926
215 15 428
216 2 918
217 89 391
218 25 107
219 4 402
220 54 144
221 99 839
222 7 212
223 49 175
224 49 781
225 29 184
226 56 70
227 98 73
228 75 568
229 79 75
230 72 271
231 51 558
232 76 880
233 54 168
234 93 558
235 74 756
236 64 745
237 100 907
238 22 79
239 15 454
240 56 411
241 28 473
242 65 267
243 95 733
244 32 211
245 19 972
246 86 810
247 35 785
248 70 94
249 34 341
250 46 755
251 24 899
252 79 793
253 14 738
254 49 93
255 6 617
256 50 393
257 38 309
258 59 926
259 82 207
260 86 35
261 44 276
262 76 177
263 92 255
264 19 377
265 77 16
266 2 339
267 66 189
268 77 172
269 85 725
270 53 240
271 42 188
272 15 858
273 51 27
274 4 262
275 100 857
276 11 156
277 97 659
278 59 582
279 97 235
280 2 294
281 72 776
282 61 157
283 42 345
284 57 663
285 5 803
286 95 107
287 100 300
288 69 351
289 31 482
290 100 667
291 50 484
292 68 528
293 98 354
294 90 617
295 21 106
296 12 501
297 58 537
298 38 689
299 38 798
300 89 302
301 55 257
302 80 425
303 52 786
304 70 209
305 3 279
306 89 116
307 42 664
308 32 349
309 88 422
310 69 368
311 34 423
312 94 718
313 31 935
314 49 473
315 56 858
316 53 857
317 34 128
318 74 503
319 96 218
320 97 995
321 17 243
322 13 529
323 47 723
324 42 399
325 7 173
326 14 520
327 93 150
328 91 462
329 58 933
330 72 30
331 31 357
332 5 465
333 30 937
334 95 51
335 88 507
336 33 178
337 18 39
338 52 381
339 66 785
340 93 203
341 45 461
342 100 717
343 7 15
344 56 441
345 82 781
346 12 613
347 59 234
348 51 349
349 3 737
350 41 552
351 69 242
352 28 906
353 80 851
354 91 896
355 23 38
356 41 380
357 55 85
358 17 721
359 79 545
360 28 780
361 66 437
362 30 800
363 4 756
364 28 834
365 83 251
366 56 562
367 98 446
368 99 721
369 87 9
370 82 452
371 82 43
372 62 180
373 24 623
374 65 737
375 70 575
376 28 439
377 85 584
378 76 701
379 46 262
380 28 147
381 14 912
382 11 144
383 67 971
384 63 369
385 89 701
386 86 115
387 17 691
388 52 651
389 56 972
390 11 284
391 19 129
392 29 431
393 69 700
394 15 268
395 83 201
396 6 693
397 27 65
398 44 622
399 30 952
400 17 522
401 61 85
402 92 440
403 52 425
404 52 251
405 30 476
406 77 575
407 29 854
408 55 795
409 17 382
410 2 296
411 33 791
412 40 986
413 16 11
414 91 890
415 43 57
416 6 445
417 52 970
418 41 224
419 77 804
420 57 15
421 37 634
422 78 35
423 93 255
424 48 46
425 35 919
426 91 11
427 54 351
428 44 236
429 70 539
430 82 965
431 31 493
432 33 363
433 39 283
434 72 801
435 71 21
436 82 720
437 44 782
438 28 609
439 40 982
440 53 733
441 84 766
442 66 826
443 22 151
444 18 121
445 82 71
446 70 543
447 92 116
448 19 57
449 59 340
450 66 614
451 1 412
452 53 565
453 19 184
454 69 813
455 39 370
456 76 150
457 38 971
458 35 113
459 40 537
460 34 482
461 88 155
462 44 354
463 67 697
464 32 570
465 30 407
466 56 624
467 27 107
468 23 664
469 43 134
470 71 414
471 58 12
472 75 84
473 92 977
474 97 941
475 91 957
476 61 954
477 65 794
478 97 144
479 55 575
480 15 72
481 29 118
482 92 629
483 71 872
484 7 380
485 93 574
486 67 7
487 89 438
488 22 96
489 81 935
490 59 798
491 11 847
492 12 762
493 78 322
494 45 452
495 51 382
496 77 730
497 56 536
498 56 639
499 68 454
500 16 620
501 98 920
502 24 245
503 86 911
504 92 896
505 70 646
506 54 341
507 98 56
508 29 786
509 16 932
510 19 111
511 7 732
512 36 722
513 98 893
514 37 710
515 3 204
516 20 447
517 2 648
518 33 105
519 20 592
520 26 996
521 37 256
522 94 752
523 22 125
524 39 523
525 56 48
526 19 595
527 6 5
528 35 420
529 19 594
530 79 254
531 30 364
532 35 453
533 63 333
534 78 409
535 92 838
536 28 412
537 63 721
538 87 809
539 91 366
540 37 988
541 57 250
542 35 511
543 98 96
544 96 583
545 100 188
546 46 962
547 70 465
548 73 967
549 9 590
550 17 991
551 45 50
552 91 819
553 72 604
554 75 421
555 44 940
556 12 246
557 10 175
558 82 460
559 48 164
560 70 734
561 57 928
562 56 601
563 28 333
564 44 354
565 48 924
566 73 445
567 34 929
568 100 170
569 12 925
570 26 750
571 67 598
572 24 464
573 69 684
574 72 545
575 22 952
576 22 922
577 91 596
578 6 186
579 23 831
580 11 137
581 20 796
582 26 315
583 77 424
584 24 375
585 17 165
586 19 351
587 20 123
588 17 150
589 51 960
590 89 577
591 64 788
592 83 465
593 29 759
594 75 130
595 93 650
596 49 158
597 37 541
598 26 539
599 49 442
600 50 671
601 48 253
602 40 451
603 6 877
604 24 807
605 43 481
606 22 787
607 96 758
608 50 59
609 70 349
610 99 652
611 59 988
612 16 776
613 84 396
614 31 729
615 19 914
616 94 13
617 7 466
618 16 717
619 18 810
620 13 261
621 95 569
622 19 646
623 28 129
624 70 709
625 8 528
626 22 338
627 21 679
628 34 978
629 53 105
630 49 971
631 4 82
632 92 889
633 68 551
634 44 856
635 69 652
636 59 602
637 43 180
638 53 280
639 47 86
640 32 739
641 72 743
642 46 869
643 43 293
644 84 651
645 23 517
646 83 340
647 66 613
648 16 663
649 87 629
650 18 40
651 9 567
652 98 56
653 89 729
654 70 245
655 44 868
656 29 987
657 52 999
658 77 731
659 18 782
660 27 142
661 95 107
662 40 515
663 34 358
664 5 920
665 20 225
666 51 266
667 29 852
668 84 866
669 62 662
670 38 878
671 95 546
672 9 32
673 34 654
674 27 316
675 37 132
676 64 406
677 83 659
678 86 146
679 67 908
680 85 96
681 78 441
682 77 473
683 38 929
684 100 488
685 15 258
686 25 84
687 4 168
688 46 974
689 65 441
690 23 354
691 48 651
692 59 361
693 50 383
694 68 171
695 15 379
696 66 762
697 9 218
698 92 255
699 71 750
700 24 137
701 52 214
702 29 403
703 98 935
704 34 97
705 55 582
706 62 89
707 20 42
708 60 340
709 56 391
710 48 1000
711 12 149
712 16 446
713 9 820
714 98 179
715 77 28
716 55 310
717 10 664
718 35 201
719 83 505
720 84 214
721 52 335
722 21 852
723 55 58
724 54 935
725 25 541
726 99 830
727 10 756
728 89 260
729 9 315
730 70 234
731 35 968
732 44 875
733 8 341
734 89 595
735 73 793
736 2 718
737 93 954
738 19 478
739 63 418
740 56 152
741 6 439
742 11 212
743 79 198
744 69 759
745 70 325
746 85 483
747 31 986
748 37 34
749 18 767
750 50 527
751 74 372
752 43 635
753 69 685
754 80 565
755 95 674
756 26 261
757 72 79
758 21 175
759 95 127
760 81 807
761 1 708
762 79 983
763 57 938
764 99 979
765 88 443
766 76 854
767 17 830
768 3 439
769 41 703
770 78 611
771 10 795
772 45 804
773 63 274
774 87 819
775 79 439
776 87 372
777 16 290
778 65 491
779 47 748
780 21 546
781 19 744
782 61 663
783 2 391
784 31 367
785 71 186
786 56 217
787 59 8
788 10 779
789 74 780
790 20 931
791 4 350
792 15 445
793 91 77
794 85 78
795 20 120
796 63 853
797 67 231
798 12 301
799 77 450
800 66 347
801 65 947
802 92 901
803 68 766
804 96 277
805 91 100
806 80 378
807 27 419
808 23 550
809 6 377
810 23 396
811 64 561
812 92 179
813 65 296
814 30 795
815 79 106
816 83 979
817 15 392
818 34 71
819 2 245
820 63 163
821 35 344
822 3 856
823 24 365
824 96 414
825 21 376
826 5 672
827 31 539
828 46 819
829 38 28
830 95 562
831 48 702
832 40 148
833 45 695
834 5 562
835 81 518
836 36 276
837 55 378
838 2 18
839 34 744
840 9 182
841 78 173
842 91 293
843 5 370
844 74 290
845 42 142
846 44 24
847 91 641
848 61 291
849 91 512
850 18 732
851 1 177
852 24 143
853 90 911
854 43 706
855 65 34
856 96 205
857 66 510
858 84 910
859 89 686
860 96 272
861 72 821
862 58 167
863 45 376
864 88 703
865 27 820
866 9 103
867 22 634
868 71 544
869 2 769
870 47 148
871 1 906
872 98 751
873 76 770
874 97 162
875 30 481
876 12 797
877 97 399
878 64 64
879 91 696
880 84 590
881 40 633
882 44 592
883 90 49
884 61 721
885 34 543
886 86 376
887 81 995
888 93 624
889 46 481
890 18 401
891 64 248
892 22 61
893 72 317
894 53 485
895 72 143
896 58 848
897 12 528
898 13 180
899 96 504
900 95 635
901 9 706
902 48 841
903 81 425
904 16 690
905 96 265
906 56 278
907 14 144
908 44 367
909 86 694
910 67 281
911 49 281
912 76 212
913 21 721
914 46 373
915 85 399
916 52 562
917 49 351
918 26 902
919 52 59
920 100 473
921 6 675
922 92 80
923 12 940
924 4 702
925 67 889
926 84 233
927 52 415
928 15 868
929 67 60
930 51 643
931 34 413
932 32 355
933 57 785
934 66 409
935 20 385
936 68 727
937 17 209
938 79 457
939 35 677
940 88 198
941 40 500
942 31 386
943 44 201
944 40 771
945 10 885
946 99 457
947 88 373
948 60 432
949 96 825
950 98 61
951 29 217
952 3 271
953 65 404
954 11 661
955 44 802
956 85 218
957 73 249
958 90 479
959 46 800
960 81 179
961 17 358
962 98 190
963 96 155
964 39 190
965 44 327
966 64 438
967 40 121
968 23 657
969 92 329
970 62 134
971 86 617
972 62 20
973 28 50
974 98 247
975 53 466
976 86 340
977 27 758
978 79 722
979 84 826
980 24 682
981 62 218
982 50 536
983 49 740
984 87 98
985 15 118
986 42 34
987 97 359
988 28 56
989 45 149
990 77 189
991 57 781
992 38 796
993 89 219
994 20 584
995 8 450
996 86 977
997 18 206
998 49 525
999 88 471
1000 19 172
1001 60 110
1002 79 98
1003 5 283
1004 77 875
1005 16 196
1006 14 659
1007 38 971
1008 96 318
1009 56 748
1010 74 713
1011 18 597
1012 5 912
1013 36 982
1014 10 232
1015 13 187
1016 84 911
1017 27 626
1018 69 460
1019 13 921
1020 93 703
1021 61 42
1022 96 19
1023 32 889
1024 92 848
1025 65 400
1026 89 724
1027 67 318
1028 85 361
1029 88 87
1030 31 516
1031 46 508
1032 28 455
1033 36 273
1034 17 382
1035 80 500
1036 92 329
1037 17 340
1038 26 415
1039 84 290
1040 99 444
1041 49 468
1042 4 126
1043 89 797
1044 46 914
1045 81 973
1046 31 989
1047 68 617
1048 74 599
1049 56 617
1050 74 803
1051 43 598
1052 47 147
1053 65 417
1054 69 417
1055 46 508
1056 80 196
1057 28 919
1058 15 485
1059 92 219
1060 16 978
1061 15 551
1062 17 699
1063 24 591
1064 36 275
1065 84 338
1066 62 580
1067 45 905
1068 48 363
1069 35 568
1070 46 184
1071 88 679
1072 55 793
1073 98 840
1074 97 306
1075 86 200
1076 59 670
1077 79 183
1078 98 230
1079 71 132
1080 7 57
1081 44 489
1082 7 866
1083 93 505
1084 79 231
1085 53 475
1086 11 796
1087 70 6
1088 32 649
1089 1 52
1090 57 339
1091 89 654
1092 15 290
1093 74 718
1094 43 559
1095 82 16
1096 49 125
1097 7 222
1098 38 127
1099 1 54
1100 36 123
1101 98 839
1102 34 16
1103 70 67
1104 27 852
1105 6 68
1106 47 676
1107 34 92
1108 81 255
1109 52 888
1110 13 988
1111 39 808
1112 7 189
1113 48 770
1114 12 560
1115 75 433
1116 34 215
1117 86 579
1118 74 128
1119 52 180
1120 28 375
1121 48 522
1122 9 955
1123 24 266
1124 18 355
1125 64 963
1126 17 674
1127 73 442
1128 55 666
1129 27 553
1130 81 61
1131 52 162
1132 89 159
1133 76 349
1134 68 213
1135 19 282
1136 50 620
1137 83 238
1138 57 213
1139 22 549
1140 83 246
1141 65 735
1142 69 733
1143 88 269
1144 2 638
1145 2 589
1146 27 64
1147 83 727
1148 33 921
1149 50 490
1150 16 14
1151 7 669
1152 96 104
1153 79 15
1154 24 918
1155 8 270
1156 41 542
1157 99 257
1158 80 468
1159 15 427
1160 42 278
1161 28 245
1162 46 66
1163 96 977
1164 34 873
1165 42 330
1166 98 792
1167 42 683
1168 89 574
1169 42 854
1170 61 940
1171 62 35
1172 25 93
1173 58 622
1174 83 108
1175 41 323
1176 53 834
1177 90 284
1178 93 355
1179 64 843
1180 65 185
1181 19 313
1182 2 834
1183 96 375
1184 47 778
1185 79 540
1186 45 824
1187 87 826
1188 58 540
1189 34 910
1190 4 132
1191 26 18
1192 42 852
1193 69 526
1194 81 179
1195 31 835
1196 55 929
1197 83 458
1198 57 639
1199 53 283
1200 85 242
1201 43 322
1202 29 977
1203 63 359
1204 25 843
1205 93 822
1206 31 941
1207 64 11
1208 4 552
1209 80 745
1210 76 84
1211 28 712
1212 29 624
1213 44 425
1214 90 116
1215 27 89
1216 70 410
1217 100 758
1218 66 30
1219 33 526
1220 64 955
1221 76 28
1222 81 725
1223 55 450
1224 62 807
1225 36 761
1226 6 914
1227 62 485
1228 36 538
1229 81 258
1230 97 733
1231 94 44
1232 22 539
1233 16 429
1234 21 806
1235 34 311
1236 13 733
1237 43 482
1238 56 395
1239 45 206
1240 87 585
1241 78 673
1242 33 981
1243 68 844
1244 45 221
1245 91 810
1246 67 462
1247 54 928
1248 23 111
1249 92 408
1250 97 96
1251 14 124
1252 89 868
1253 54 653
1254 37 803
1255 31 776
1256 92 924
1257 8 776
1258 74 446
1259 24 501
1260 44 339
1261 9 926
1262 99 158
1263 14 327
1264 28 943
1265 92 777
1266 74 174
1267 83 620
1268 59 130
1269 51 421
1270 100 451
1271 93 147
1272 89 167
1273 18 282
1274 25 594
1275 51 648
1276 13 835
1277 11 968
1278 24 937
1279 86 913
1280 21 178
1281 20 290
1282 42 454
1283 98 123
1284 7 618
1285 86 106
1286 85 194
1287 47 749
1288 32 312
1289 88 925
1290 62 931
1291 100 33
1292 27 290
1293 21 478
1294 10 871
1295 90 681
1296 58 170
1297 90 740
1298 30 847
1299 12 752
1300 58 665
1301 69 855
1302 22 808
1303 76 171
1304 77 748
1305 11 998
1306 77 889
1307 54 861
1308 17 105
1309 76 844
1310 52 142
1311 2 433
1312 72 767
1313 47 823
1314 84 482
1315 75 801
1316 4 487
1317 72 637
1318 81 755
1319 17 288
1320 39 467
1321 31 146
1322 17 528
1323 69 962
1324 92 45
1325 62 951
1326 7 49
1327 42 665
1328 20 101
1329 93 813
1330 32 375
1331 69 638
1332 39 595
1333 18 620
1334 8 182
1335 24 446
1336 22 872
1337 98 640
1338 62 841
1339 1 59
1340 68 873
1341 86 987
1342 14 774
1343 80 426
1344 85 866
1345 51 971
1346 59 570
1347 78 3
1348 48 830
1349 14 671
1350 44 447
1351 9 902
1352 13 423
1353 90 14
1354 28 963
1355 64 68
1356 7 637
1357 49 963
1358 7 260
1359 15 188
1360 10 296
1361 61 242
1362 24 992
1363 22 789
1364 90 914
1365 67 9
1366 45 362
1367 91 59
1368 84 573
1369 4 293
1370 46 112
1371 52 848
1372 91 416
1373 56 306
1374 8 678
1375 51 908
1376 89 112
1377 93 986
1378 3 76
1379 100 873
1380 78 219
1381 6 954
1382 47 951
1383 54 844
1384 100 777
1385 39 653
1386 93 253
1387 57 446
1388 16 81
1389 64 83
1390 39 39
1391 97 871
1392 27 887
1393 96 26
1394 2 655
1395 97 886
1396 98 810
1397 84 724
1398 87 889
1399 96 971
1400 86 257
1401 48 652
1402 86 287
1403 47 73
1404 70 435
1405 99 861
1406 87 699
1407 1 93
1408 21 138
1409 94 352
1410 24 14
1411 12 495
1412 54 952
1413 52 52
1414 17 199
1415 33 687
1416 67 759
1417 92 647
1418 96 201
1419 88 691
1420 93 467
1421 76 452
1422 89 664
1423 78 497
1424 55 441
1425 30 497
1426 8 40
1427 76 414
1428 38 333
1429 17 411
1430 38 810
1431 35 186
1432 73 19
1433 54 181
1434 21 551
1435 83 262
1436 80 543
1437 92 585
1438 81 837
1439 18 204
1440 80 907
1441 45 467
1442 65 993
1443 90 255
1444 10 99
1445 48 604
1446 28 541
1447 87 9
1448 83 117
1449 59 204
1450 84 903
1451 64 438
1452 2 119
1453 21 296
1454 32 742
1455 37 116
1456 59 705
1457 42 457
1458 89 39
1459 33 902
1460 49 880
1461 56 513
1462 12 580
1463 58 337
1464 33 841
1465 72 6
1466 71 819
1467 35 404
1468 91 958
1469 100 729
1470 68 805
1471 70 957
1472 21 289
1473 33 691
1474 83 831
1475 59 513
1476 95 511
1477 42 229
1478 50 878
1479 74 956
1480 1 566
1481 9 813
1482 60 496
1483 29 370
1484 84 826
1485 1 250
1486 25 267
1487 21 951
1488 37 723
1489 56 900
1490 76 587
1491 5 86
1492 72 372
1493 81 172
1494 48 158
1495 81 95
1496 33 409
1497 60 690
1498 99 783
1499 33 517
1500 20 648
1501 56 226
1502 5 94
1503 57 317
1504 48 113
1505 39 569
1506 96 157
1507 30 261
1508 66 45
1509 34 618
1510 56 195
1511 36 80
1512 74 765
1513 17 642
1514 77 384
1515 43 578
1516 66 733
1517 73 591
1518 21 973
1519 63 928
1520 9 680
1521 75 787
1522 92 359
1523 68 445
1524 24 885
1525 9 1000
1526 100 156
1527 42 665
1528 42 539
1529 34 132
1530 53 110
1531 84 507
1532 13 392
1533 54 866
1534 62 89
1535 57 687
1536 62 550
1537 85 624
1538 60 482
1539 9 883
1540 63 601
1541 52 920
1542 90 647
1543 43 997
1544 9 91
1545 81 297
1546 92 912
1547 87 580
1548 96 986
1549 99 767
1550 8 938
1551 42 563
1552 3 216
1553 13 59
1554 65 126
1555 45 540
1556 30 836
1557 35 209
1558 62 292
1559 49 848
1560 60 804
1561 52 828
1562 7 138
1563 15 10
1564 17 220
1565 64 51
1566 29 407
1567 29 613
1568 51 217
1569 13 560
1570 26 763
1571 70 319
1572 82 420
1573 35 453
1574 42 259
1575 9 964
1576 96 9
1577 66 886
1578 66 128
1579 18 769
1580 78 353
1581 10 327
1582 2 923
1583 44 172
1584 100 733
1585 75 129
1586 25 978
1587 11 184
1588 60 569
1589 42 625
1590 93 109
1591 40 627
1592 60 389
1593 6 539
1594 64 651
1595 39 563
1596 100 493
1597 79 808
1598 90 46
1599 97 793
1600 79 728
1601 70 245
1602 24 617
1603 6 707
1604 78 223
1605 9 585
1606 62 149
1607 35 61
1608 74 27
1609 10 914
1610 74 102
1611 1 693
1612 73 807
1613 70 729
1614 51 325
1615 43 337
1616 70 143
1617 13 567
1618 99 695
1619 12 623
1620 49 450
1621 24 286
1622 31 494
1623 11 357
1624 9 886
1625 42 812
1626 84 670
1627 36 7
1628 9 968
1629 85 627
1630 25 855
1631 15 982
1632 17 250
1633 84 370
1634 53 982
1635 2 901
1636 7 141
1637 37 986
1638 88 157
1639 24 526
1640 49 471
1641 15 847
1642 60 250
1643 16 459
1644 60 849
1645 18 607
1646 46 529
1647 86 805
1648 45 175
1649 77 931
1650 61 317
1651 93 857
1652 42 849
1653 41 842
1654 20 299
1655 90 852
1656 25 630
1657 79 793
1658 14 357
1659 5 131
1660 38 556
1661 61 643
1662 83 828
1663 27 744
1664 86 599
1665 1 5
1666 71 118
1667 39 807
1668 16 728
1669 37 654
1670 41 243
1671 54 652
1672 84 646
1673 74 56
1674 82 807
1675 60 400
1676 25 292
1677 65 516
1678 94 472
1679 18 323
1680 93 806
1681 42 683
1682 50 746
1683 28 47
1684 31 122
1685 97 246
1686 81 825
1687 93 867
1688 3 585
1689 7 732
1690 10 945
1691 88 690
1692 94 976
1693 13 50
1694 13 820
1695 9 502
1696 32 358
1697 63 982
1698 54 526
1699 90 139
1700 1 484
1701 92 270
1702 42 980
1703 8 25
1704 28 637
1705 91 143
1706 81 849
1707 62 11
1708 41 441
1709 89 19
1710 13 616
1711 46 344
1712 60 467
1713 41 259
1714 64 654
1715 54 239
1716 30 641
1717 78 455
1718 4 271
1719 23 717
1720 17 216
1721 68 754
1722 83 928
1723 34 871
1724 13 497
1725 63 550
1726 15 861
1727 89 680
1728 99 313
1729 54 752
1730 14 868
1731 58 70
1732 48 562
1733 6 445
1734 20 299
1735 18 920
1736 78 738
1737 22 269
1738 72 202
1739 78 228
1740 17 801
1741 36 163
1742 61 827
1743 18 658
1744 31 600
1745 23 908
1746 13 415
1747 67 559
1748 9 433
1749 81 433
1750 11 805
1751 80 173
1752 55 421
1753 64 168
1754 27 21
1755 76 537
1756 81 125
1757 23 283
1758 40 845
1759 8 667
1760 22 772
1761 93 56
1762 67 731
1763 13 857
1764 49 4
1765 77 75
1766 55 412
1767 30 565
1768 27 28
1769 21 822
1770 57 652
1771 16 906
1772 84 561
1773 19 518
1774 27 605
1775 57 249
1776 42 541
1777 78 120
1778 20 777
1779 31 529
1780 30 688
1781 61 966
1782 32 702
1783 8 857
1784 27 531
1785 6 470
1786 47 605
1787 55 927
1788 40 764
1789 69 845
1790 45 554
1791 68 625
1792 94 884
1793 99 899
1794 52 865
1795 12 550
1796 32 220
1797 95 715
1798 21 291
1799 46 60
1800 7 117
1801 3 810
1802 7 825
1803 41 163
1804 65 268
1805 77 148
1806 71 311
1807 24 610
1808 100 751
1809 72 946
1810 17 166
1811 28 59
1812 53 127
1813 73 361
1814 3 585
1815 92 957
1816 51 344
1817 53 55
1818 31 398
1819 79 657
1820 19 508
1821 62 32
1822 7 282
1823 85 891
1824 7 75
1825 30 258
1826 30 529
1827 26 675
1828 65 433
1829 20 737
1830 77 892
1831 63 490
1832 71 187
1833 68 366
1834 49 300
1835 36 502
1836 3 621
1837 75 192
1838 14 611
1839 39 965
1840 92 411
1841 58 187
1842 88 928
1843 23 669
1844 81 911
1845 31 895
1846 82 448
1847 55 855
1848 35 298
1849 59 689
1850 3 391
1851 95 626
1852 60 328
1853 39 476
1854 52 937
1855 97 531
1856 94 754
1857 62 402
1858 71 538
1859 51 819
1860 93 694
1861 46 880
1862 92 479
1863 40 906
1864 69 446
1865 53 859
1866 50 958
1867 74 556
1868 69 802
1869 57 842
1870 12 644
1871 52 885
1872 55 480
1873 24 497
1874 40 371
1875 53 300
1876 92 458
1877 18 465
1878 88 823
1879 73 513
1880 88 420
1881 51 290
1882 82 252
1883 49 110
1884 97 555
1885 100 658
1886 60 251
1887 24 476
1888 52 318
1889 56 503
1890 97 669
1891 97 544
1892 49 319
1893 99 832
1894 24 529
1895 89 81
1896 97 112
1897 49 353
1898 87 43
1899 39 811
1900 86 341
1901 81 517
1902 94 172
1903 10 817
1904 78 54
1905 94 135
1906 83 45
1907 69 277
1908 78 570
1909 13 672
1910 22 497
1911 27 990
1912 9 402
1913 16 674
1914 16 584
1915 13 568
1916 16 450
1917 78 341
1918 39 921
1919 44 567
1920 84 988
1921 58 584
1922 7 707
1923 11 357
1924 85 83
1925 28 725
1926 38 882
1927 84 588
1928 95 313
1929 51 806
1930 30 346
1931 95 684
1932 2 215
1933 68 972
1934 49 322
1935 39 205
1936 55 977
1937 54 207
1938 13 756
1939 87 499
1940 14 180
1941 4 669
1942 53 450
1943 89 654
1944 41 938
1945 93 431
1946 83 477
1947 18 950
1948 49 879
1949 11 351
1950 89 839
1951 25 720
1952 70 543
1953 14 788
1954 66 346
1955 25 353
1956 82 311
1957 7 70
1958 51 848
1959 63 182
1960 81 556
1961 40 824
1962 80 878
1963 97 118
1964 76 452
1965 80 527
1966 4 939
1967 24 97
1968 42 863
1969 86 565
1970 59 588
1971 32 84
1972 96 915
1973 20 733
1974 74 593
1975 34 622
1976 98 950
1977 64 826
1978 13 473
1979 37 878
1980 80 924
1981 21 21
1982 16 584
1983 89 759
1984 68 600
1985 74 480
1986 62 437
1987 58 859
1988 77 340
1989 1 980
1990 70 843
1991 27 345
1992 23 787
1993 22 40
1994 33 450
1995 57 933
1996 84 736
1997 5 374
1998 63 942
1999 22 667
2000 97 156
2001 28 716
2002 36 404
2003 54 159
2004 8 52
2005 45 541
2006 64 643
2007 83 788
2008 55 44
2009 77 512
2010 34 962
2011 61 34
2012 22 748
2013 38 311
2014 35 897
2015 8 445
2016 22 151
2017 23 120
2018 40 966
2019 28 964
2020 62 54
2021 30 860
2022 54 912
2023 14 304
2024 65 626
2025 32 503
2026 96 730
2027 14 371
2028 49 276
2029 81 649
2030 50 559
2031 90 988
2032 81 595
2033 60 128
2034 39 937
2035 4 274
2036 12 270
2037 67 792
2038 75 690
2039 1 902
2040 21 969
2041 62 62
2042 40 431
2043 47 267
2044 5 683
2045 27 299
2046 11 622
2047 94 627
2048 70 983
2049 73 26
2050 30 919
2051 64 621
2052 97 421
2053 20 697
2054 7 693
2055 4 404
2056 63 511
2057 23 387
2058 37 618
2059 43 195
2060 67 379
2061 47 849
2062 43 217
2063 95 183
2064 87 910
2065 55 796
2066 82 266
2067 68 148
2068 40 402
2069 63 479
2070 74 69
2071 73 32
2072 19 228
2073 4 204
2074 66 917
2075 63 90
2076 30 788
2077 39 183
2078 41 284
2079 83 792
2080 64 512
2081 97 682
2082 65 78
2083 84 149
2084 85 389
2085 94 312
2086 62 401
2087 8 576
2088 67 231
2089 59 523
2090 3 735
2091 46 895
2092 57 463
2093 79 166
2094 50 705
2095 69 938
2096 73 732
2097 38 74
2098 19 913
2099 54 153
2100 34 917
2101 54 115
2102 17 502
2103 11 310
2104 14 707
2105 73 708
2106 16 919
2107 61 135
2108 38 769
2109 43 728
2110 4 831
2111 80 485
2112 16 48
2113 38 848
2114 46 957
2115 54 596
2116 37 912
2117 41 712
2118 93 764
2119 94 714
2120 81 111
2121 12 680
2122 57 197
2123 53 944
2124 19 254
2125 76 235
2126 87 326
2127 61 432
2128 18 38
2129 47 948
2130 67 232
2131 10 485
2132 7 730
2133 58 532
2134 47 534
2135 70 155
2136 84 761
2137 65 540
2138 100 492
2139 43 94
2140 100 152
2141 49 136
2142 21 972
2143 53 488
2144 70 969
2145 48 945
2146 42 323
2147 20 857
2148 93 418
2149 60 637
2150 67 285
2151 98 580
2152 34 85
2153 56 568
2154 47 756
2155 59 123
2156 56 616
2157 86 677
2158 39 439
2159 17 383
2160 58 943
2161 25 745
2162 16 810
2163 43 165
2164 37 267
2165 60 870
2166 42 194
2167 59 534
2168 5 432
2169 96 62
2170 60 969
2171 26 416
2172 10 308
2173 30 832
2174 35 922
2175 90 879
2176 68 978
2177 93 428
2178 97 820
2179 8 802
2180 19 11
2181 96 790
2182 67 148
2183 88 113
2184 43 710
2185 20 237
2186 38 140
2187 4 179
2188 29 279
2189 12 468
2190 95 627
2191 28 799
2192 44 125
2193 57 843
2194 11 674
2195 78 340
2196 24 905
2197 70 474
2198 16 361
2199 12 194
2200 99 520
2201 38 574
2202 84 57
2203 84 567
2204 74 420
2205 34 186
2206 87 235
2207 35 985
2208 46 942
2209 68 526
2210 16 978
2211 86 996
2212 22 940
2213 4 33
2214 69 590
2215 78 253
2216 80 725
2217 52 111
2218 18 313
2219 45 919
2220 58 312
2221 88 825
2222 70 270
2223 90 658
2224 47 729
2225 93 785
2226 84 651
2227 61 840
2228 80 242
2229 16 740
2230 75 397
2231 39 136
2232 94 742
2233 27 599
2234 18 693
2235 14 451
2236 22 492
2237 25 623
2238 82 292
2239 12 834
2240 45 39
2241 11 88
2242 69 719
2243 14 382
2244 60 466
2245 45 996
2246 100 595
2247 74 518
2248 37 863
2249 74 358
2250 83 997
2251 70 677
2252 36 221
2253 3 807
2254 40 876
2255 55 903
2256 2 776
2257 12 786
2258 9 780
2259 78 785
2260 68 140
2261 65 352
2262 73 5
2263 90 547
2264 14 737
2265 23 651
2266 27 635
2267 41 107
2268 15 162
2269 81 917
2270 81 963
2271 18 132
2272 50 542
2273 80 720
2274 70 620
2275 18 580
2276 93 784
2277 5 923
2278 73 108
2279 40 865
2280 80 683
2281 31 733
2282 66 668
2283 66 131
2284 90 941
2285 30 401
2286 9 576
2287 34 497
2288 49 384
2289 98 464
2290 7 114
2291 24 379
2292 61 68
2293 28 641
2294 42 67
2295 65 125
2296 14 513
2297 19 513
2298 3 870
2299 62 98
2300 20 361
2301 100 685
2302 43 385
2303 30 895
2304 54 415
2305 6 193
2306 56 701
2307 51 945
2308 55 18
2309 10 472
2310 92 290
2311 38 600
2312 66 974
2313 40 130
2314 26 467
2315 57 87
2316 31 582
2317 36 398
2318 36 724
2319 40 286
2320 87 631
2321 77 936
2322 55 886
2323 99 841
2324 92 226
2325 35 54
2326 42 613
2327 94 812
2328 89 34
2329 95 620
2330 30 458
2331 70 904
2332 87 365
2333 47 862
2334 28 764
2335 26 965
2336 85 423
2337 76 400
2338 84 633
2339 35 19
2340 38 755
2341 78 289
2342 100 410
2343 87 267
2344 18 999
2345 5 173
2346 91 211
2347 47 28
2348 93 797
2349 30 331
2350 100 484
2351 74 867
2352 76 376
2353 22 829
2354 15 945
2355 22 354
2356 37 283
2357 45 297
2358 32 258
2359 24 794
2360 69 750
2361 2 151
2362 78 213
2363 55 586
2364 6 439
2365 26 875
2366 69 995
2367 82 796
2368 69 298
2369 53 282
2370 44 125
2371 39 492
2372 55 861
2373 91 766
2374 48 349
2375 26 56
2376 40 132
2377 97 128
2378 37 937
2379 67 726
2380 31 529
2381 63 728
2382 12 503
2383 33 68
2384 99 490
2385 54 159
2386 33 284
2387 88 623
2388 89 12
2389 47 801
2390 79 217
2391 66 184
2392 59 57
2393 59 405
2394 96 289
2395 32 963
2396 87 584
2397 58 980
2398 45 587
2399 98 47
2400 48 430
2401 69 582
2402 48 772
2403 33 470
2404 16 9
2405 30 378
2406 59 661
2407 73 696
2408 50 520
2409 2 45
2410 97 460
2411 67 386
2412 45 349
2413 13 205
2414 12 526
2415 32 660
2416 85 740
2417 56 749
2418 13 453
2419 31 315
2420 11 762
2421 74 374
2422 54 405
2423 78 578
2424 68 828
2425 34 102
2426 13 957
2427 87 449
2428 17 921
2429 65 438
2430 25 181
2431 93 625
2432 87 807
2433 30 354
2434 18 924
2435 99 998
2436 48 253
2437 76 250
2438 59 88
2439 6 658
2440 68 380
2441 53 514
2442 20 72
2443 100 890
2444 37 4
2445 92 119
2446 31 95
2447 48 434
2448 70 259
2449 14 784
2450 58 478
2451 23 406
2452 99 441
2453 40 807
2454 37 357
2455 78 662
2456 76 866
2457 40 965
2458 16 850
2459 29 424
2460 43 771
2461 66 621
2462 66 623
2463 64 30
2464 48 929
2465 30 430
2466 31 517
2467 62 960
2468 84 204
2469 70 389
2470 52 623
2471 87 194
2472 54 787
2473 41 495
2474 71 388
2475 50 749
2476 9 307
2477 19 734
2478 30 457
2479 86 711
2480 58 516
2481 59 395
2482 90 585
2483 2 430
2484 5 557
2485 9 209
2486 54 261
2487 17 803
2488 85 133
2489 65 52
2490 66 98
2491 99 621
2492 59 376
2493 91 557
2494 37 45
2495 96 22
2496 58 856
2497 67 533
2498 88 93
2499 75 990
2500 78 932
2501 98 407
2502 82 666
2503 32 665
2504 1 839
2505 65 168
2506 99 131
2507 70 502
2508 73 538
2509 93 709
2510 8 518
2511 48 260
2512 89 382
2513 48 9
2514 8 23
2515 79 642
2516 51 622
2517 77 616
2518 5 344
2519 40 557
2520 88 990
2521 22 549
2522 52 116
2523 50 334
2524 21 121
2525 31 114
2526 6 738
2527 90 885
2528 55 280
2529 62 516
2530 33 559
2531 29 531
2532 27 490
2533 58 167
2534 52 715
2535 23 604
2536 63 325
2537 83 187
2538 6 143
2539 97 856
2540 85 580
2541 16 23
2542 49 238
2543 63 422
2544 66 78
2545 2 870
2546 94 996
2547 16 533
2548 95 360
2549 43 911
2550 22 281
2551 19 300
2552 33 537
2553 25 98
2554 23 155
2555 2 916
2556 81 180
2557 66 756
2558 29 700
2559 3 277
2560 26 668
2561 31 30
2562 54 906
2563 14 788
2564 89 707
2565 68 392
2566 78 185
2567 34 149
2568 37 686
2569 48 405
2570 52 757
2571 33 492
2572 41 730
2573 20 507
2574 68 166
2575 52 900
2576 100 906
2577 7 133
2578 65 515
2579 20 106
2580 64 801
2581 82 639
2582 62 615
2583 64 236
2584 2 417
2585 33 425
2586 36 825
2587 16 437
2588 37 906
2589 34 54
2590 7 603
2591 33 548
2592 91 24
2593 8 4
2594 41 237
2595 35 878
2596 40 309
2597 16 483
2598 35 892
2599 6 925
2600 89 365
2601 51 316
2602 40 259
2603 36 7
2604 55 750
2605 20 303
2606 37 488
2607 75 386
2608 73 241
2609 95 981
2610 14 22
2611 50 946
2612 38 565
2613 73 26
2614 28 207
2615 2 586
2616 96 25
2617 84 901
2618 91 599
2619 17 892
2620 11 97
2621 21 133
2622 39 828
2623 40 690
2624 10 864
2625 1 642
2626 6 899
2627 85 119
2628 36 830
2629 34 997
2630 8 80
2631 54 526
2632 78 602
2633 44 645
2634 21 983
2635 39 115
2636 62 927
2637 71 836
2638 66 577
2639 14 284
2640 13 459
2641 11 549
2642 37 376
2643 74 294
2644 87 229
2645 41 757
2646 43 376
2647 71 986
2648 42 916
2649 87 581
2650 31 733
2651 100 79
2652 82 943
2653 56 49
2654 55 440
2655 38 13
2656 58 186
2657 33 615
2658 77 441
2659 34 855
2660 31 298
2661 68 576
2662 58 442
2663 26 232
2664 2 823
2665 82 932
2666 48 625
2667 47 670
2668 96 193
2669 71 958
2670 73 966
2671 66 83
2672 27 636
2673 39 916
2674 51 47
2675 89 605
2676 97 140
2677 23 267
2678 49 146
2679 56 88
2680 100 129
2681 5 261
2682 1 269
2683 86 94
2684 90 647
2685 98 661
2686 7 604
2687 28 164
2688 92 394
2689 12 289
2690 40 967
2691 58 796
2692 88 764
2693 54 584
2694 83 59
2695 95 507
2696 6 454
2697 36 715
2698 44 941
2699 84 995
2700 98 136
2701 57 639
2702 55 383
2703 92 81
2704 64 795
2705 60 351
2706 23 804
2707 28 546
2708 16 19
2709 30 551
2710 55 654
2711 16 98
2712 85 695
2713 32 195
2714 48 298
2715 52 755
2716 88 51
2717 10 727
2718 71 869
2719 8 983
2720 52 14
2721 32 806
2722 74 550
2723 81 135
2724 19 289
2725 90 801
2726 14 931
2727 98 498
2728 32 825
2729 96 230
2730 23 446
2731 6 56
2732 88 715
2733 81 678
2734 28 858
2735 43 87
2736 49 642
2737 5 290
2738 68 932
2739 84 904
2740 40 686
2741 90 632
2742 89 18
2743 36 851
2744 25 558
2745 9 218
2746 50 161
2747 49 622
2748 24 184
2749 40 494
2750 24 38
2751 66 641
2752 27 511
2753 7 782
2754 6 267
2755 1 194
2756 23 49
2757 55 296
2758 21 390
2759 50 848
2760 25 353
2761 58 241
2762 12 24
2763 45 441
2764 35 816
2765 28 906
2766 80 909
2767 39 396
2768 49 598
2769 95 209
2770 1 918
2771 4 38
2772 44 999
2773 8 210
2774 85 484
2775 75 395
2776 81 372
2777 94 338
2778 5 440
2779 81 309
2780 95 149
2781 78 558
2782 76 200
2783 58 935
2784 1 994
2785 43 792
2786 67 452
2787 61 788
2788 16 931
2789 70 932
2790 43 778
2791 24 262
2792 46 386
2793 23 395
2794 77 510
2795 79 981
2796 84 988
2797 16 221
2798 13 950
2799 35 583
2800 50 776
2801 6 475
2802 3 835
2803 87 732
2804 6 174
2805 64 905
2806 17 851
2807 32 517
2808 59 417
2809 43 88
2810 96 556
2811 76 70
2812 43 218
2813 54 878
2814 98 169
2815 95 546
2816 14 779
2817 51 8
2818 80 442
2819 5 602
2820 44 155
2821 30 338
2822 61 269
2823 71 345
2824 2 277
2825 25 974
2826 66 124
2827 64 371
2828 63 570
2829 72 628
2830 25 117
2831 75 291
2832 45 708
2833 55 666
2834 13 226
2835 100 474
2836 8 960
2837 16 148
2838 86 934
2839 95 45
2840 57 622
2841 38 320
2842 75 282
2843 25 276
2844 81 243
2845 62 718
2846 72 74
2847 81 103
2848 89 916
2849 8 445
2850 26 974
2851 56 646
2852 63 439
2853 70 463
2854 97 116
2855 15 802
2856 22 228
2857 24 76
2858 48 441
2859 19 236
2860 78 902
2861 58 474
2862 92 705
2863 31 3
2864 91 210
2865 92 4
2866 76 555
2867 29 561
2868 3 245
2869 72 896
2870 2 91
2871 19 370
2872 78 599
2873 30 875
2874 71 466
2875 95 141
2876 42 767
2877 43 908
2878 68 4
2879 26 33
2880 86 545
2881 19 253
2882 86 845
2883 87 77
2884 25 284
2885 17 625
2886 100 213
2887 85 376
2888 48 114
2889 42 647
2890 48 996
2891 48 412
2892 87 286
2893 22 974
2894 68 238
2895 92 57
2896 37 753
2897 77 45
2898 15 809
2899 20 661
2900 78 575
2901 91 568
2902 16 655
2903 34 946
2904 79 317
2905 93 503
2906 97 709
2907 91 858
2908 34 30
2909 72 175
2910 44 58
2911 22 17
2912 43 353
2913 79 184
2914 100 7
2915 89 824
2916 79 777
2917 89 308
2918 58 540
2919 9 456
2920 5 409
2921 59 686
2922 70 66
2923 41 923
2924 97 74
2925 1 672
2926 36 428
2927 42 824
2928 76 159
2929 69 103
2930 13 586
2931 66 308
2932 40 396
2933 29 855
2934 77 716
2935 7 255
2936 34 191
2937 22 576
2938 55 391
2939 72 221
2940 24 612
2941 58 267
2942 61 877
2943 67 645
2944 23 198
2945 78 259
2946 45 832
2947 48 594
2948 2 894
2949 21 139
2950 41 159
2951 80 733
2952 37 731
2953 89 245
2954 32 521
2955 55 450
2956 27 323
2957 44 119
2958 52 967
2959 70 88
2960 69 493
2961 68 740
2962 88 732
2963 93 67
2964 11 947
2965 5 869
2966 37 457
2967 20 173
2968 38 421
2969 18 595
2970 59 64
2971 73 647
2972 25 752
2973 98 958
2974 23 322
2975 28 199
2976 1 914
2977 31 76
2978 79 422
2979 100 213
2980 67 276
2981 93 342
2982 78 599
2983 36 520
2984 98 882
2985 66 843
2986 47 890
2987 18 788
2988 92 544
2989 4 27
2990 12 290
2991 72 343
2992 30 515
2993 55 278
2994 94 599
2995 38 403
2996 20 124
2997 50 106
2998 7 78
2999 72 840
3000 80 711
3001 15 237
3002 31 253
3003 1 487
3004 2 621
3005 96 964
3006 27 647
3007 56 78
3008 99 302
3009 44 635
3010 64 875
3011 54 631
3012 56 804
3013 50 775
3014 84 434
3015 26 46
3016 44 913
3017 96 653
3018 96 370
3019 100 616
3020 88 371
3021 67 585
3022 5 933
3023 64 941
3024 78 997
3025 7 954
3026 6 108
3027 97 529
3028 41 972
3029 34 378
3030 62 380
3031 95 396
3032 65 582
3033 98 430
3034 85 770
3035 64 736
3036 17 332
3037 25 186
3038 12 302
3039 19 120
3040 21 916
3041 34 883
3042 60 939
3043 97 46
3044 55 530
3045 14 763
3046 29 469
3047 26 992
3048 78 343
3049 69 218
3050 59 35
3051 49 540
3052 26 863
3053 4 959
3054 82 300
3055 26 436
3056 55 562
3057 90 313
3058 63 332
3059 97 612
3060 25 785
3061 76 680
3062 91 264
3063 80 367
3064 71 331
3065 43 685
3066 18 255
3067 64 799
3068 63 231
3069 41 485
3070 46 488
3071 59 814
3072 9 349
3073 72 54
3074 1 814
3075 95 87
3076 46 841
3077 69 401
3078 57 463
3079 17 732
3080 63 960
3081 55 130
3082 43 248
3083 52 57
3084 20 269
3085 8 788
3086 39 788
3087 10 207
3088 33 872
3089 28 294
3090 59 460
3091 80 721
3092 99 709
3093 37 381
3094 88 397
3095 85 990
3096 49 598
3097 12 550
3098 51 43
3099 68 567
3100 14 995
3101 98 182
3102 67 424
3103 78 626
3104 58 849
3105 9 263
3106 18 497
3107 94 163
3108 42 800
3109 4 561
3110 35 360
3111 10 857
3112 69 111
3113 56 524
3114 25 452
3115 28 313
3116 35 318
3117 91 196
3118 18 818
3119 79 447
3120 96 617
3121 7 319
3122 90 906
3123 63 711
3124 65 462
3125 63 679
3126 74 561
3127 82 972
3128 12 549
3129 58 27
3130 94 994
3131 89 982
3132 72 555
3133 96 170
3134 48 4
3135 27 570
3136 94 535
3137 75 193
3138 50 60
3139 40 787
3140 78 424
3141 28 775
3142 28 913
3143 3 587
3144 34 838
3145 66 501
3146 63 280
3147 11 483
3148 12 603
3149 88 641
3150 70 83
3151 53 218
3152 57 932
3153 36 481
3154 26 233
3155 29 7
3156 1 676
3157 73 428
3158 38 317
3159 90 564
3160 43 505
3161 37 976
3162 14 654
3163 57 580
3164 18 970
3165 28 412
3166 65 420
3167 90 28
3168 65 632
3169 33 136
3170 97 927
3171 53 550
3172 21 565
3173 30 297
3174 92 601
3175 90 212
3176 86 297
3177 2 438
3178 34 122
3179 58 924
3180 9 590
3181 94 848
3182 89 386
3183 92 948
3184 85 91
3185 30 657
3186 35 787
3187 80 383
3188 48 151
3189 93 940
3190 58 702
3191 94 103
3192 95 865
3193 67 983
3194 64 370
3195 1 945
3196 80 107
3197 2 631
3198 9 667
3199 89 615
3200 70 510
3201 55 932
3202 65 505
3203 63 433
3204 28 373
3205 16 335
3206 12 713
3207 37 541
3208 17 736
3209 27 897
3210 66 467
3211 69 366
3212 91 51
3213 47 831
3214 81 626
3215 84 289
3216 96 97
3217 97 759
3218 46 161
3219 38 220
3220 63 706
3221 26 949
3222 39 952
3223 94 595
3224 96 906
3225 5 940
3226 8 511
3227 82 399
3228 57 483
3229 7 663
3230 23 935
3231 76 210
3232 72 40
3233 34 715
3234 62 4
3235 14 692
3236 41 251
3237 24 721
3238 70 146
3239 27 898
3240 35 944
3241 88 489
3242 27 589
3243 54 929
3244 17 943
3245 33 180
3246 96 982
3247 25 52
3248 41 521
3249 69 19
3250 25 132
3251 55 285
3252 41 357
3253 3 309
3254 34 491
3255 79 346
3256 65 110
3257 47 203
3258 49 93
3259 40 771
3260 28 975
3261 34 71
3262 50 532
3263 80 44
3264 41 401
3265 63 487
3266 95 293
3267 26 388
3268 19 776
3269 40 226
3270 73 121
3271 93 978
3272 74 81
3273 98 828
3274 76 601
3275 43 332
3276 39 194
3277 36 446
3278 11 456
3279 6 986
3280 45 25
3281 97 217
3282 56 710
3283 44 913
3284 71 631
3285 92 28
3286 98 385
3287 16 641
3288 38 631
3289 14 555
3290 100 734
3291 100 163
3292 41 604
3293 90 417
3294 79 597
3295 59 600
3296 31 385
3297 59 792
3298 60 886
3299 34 768
3300 53 215
3301 14 239
3302 25 876
3303 33 892
3304 92 884
3305 78 642
3306 60 563
3307 29 797
3308 31 982
3309 100 512
3310 99 566
3311 59 35
3312 86 762
3313 35 509
3314 35 144
3315 19 142
3316 25 567
3317 32 140
3318 67 543
3319 32 479
3320 99 64
3321 67 566
3322 24 835
3323 48 486
3324 16 62
3325 47 32
3326 99 444
3327 95 824
3328 64 368
3329 33 694
3330 88 681
3331 77 428
3332 61 192
3333 87 56
3334 23 661
3335 37 512
3336 51 140
3337 34 599
3338 29 979
3339 42 609
3340 93 261
3341 91 455
3342 37 812
3343 78 743
3344 54 562
3345 74 530
3346 78 900
3347 24 152
3348 60 177
3349 70 926
3350 65 876
3351 6 215
3352 11 653
3353 25 179
3354 4 722
3355 93 301
3356 36 713
3357 7 687
3358 31 64
3359 62 48
3360 66 615
3361 87 518
3362 11 115
3363 33 696
3364 68 13
3365 25 661
3366 63 45
3367 81 951
3368 59 891
3369 78 724
3370 66 306
3371 57 66
3372 9 543
3373 13 518
3374 21 327
3375 31 155
3376 27 465
3377 42 275
3378 11 179
3379 46 766
3380 50 240
3381 49 1000
3382 18 690
3383 31 490
3384 88 170
3385 71 710
3386 65 466
3387 25 736
3388 69 997
3389 20 897
3390 38 808
3391 13 336
3392 13 33
3393 10 204
3394 59 405
3395 40 929
3396 53 331
3397 3 442
3398 63 542
3399 87 800
3400 71 370
3401 58 178
3402 46 686
3403 1 24
3404 12 586
3405 33 649
3406 19 129
3407 8 267
3408 3 567
3409 45 462
3410 15 894
3411 70 91
3412 94 172
3413 82 979
3414 32 383
3415 23 395
3416 90 509
3417 61 700
3418 7 970
3419 24 533
3420 14 221
3421 83 368
3422 95 283
3423 78 461
3424 93 175
3425 47 349
3426 19 418
3427 67 325
3428 23 964
3429 89 605
3430 21 878
3431 6 118
3432 85 542
3433 23 771
3434 39 72
3435 32 374
3436 34 223
3437 72 663
3438 4 91
3439 97 154
3440 94 928
3441 79 476
3442 75 532
3443 69 584
3444 85 55
3445 24 44
3446 19 25
3447 76 773
3448 28 445
3449 14 924
3450 75 845
3451 21 359
3452 70 41
3453 66 820
3454 21 350
3455 43 130
3456 84 405
3457 90 708
3458 16 774
3459 47 443
3460 61 955
3461 41 709
3462 51 860
3463 68 843
3464 66 592
3465 40 588
3466 67 712
3467 19 231
3468 91 193
3469 68 787
3470 48 39
3471 67 642
3472 75 66
3473 49 473
3474 59 65
3475 20 69
3476 21 43
3477 67 891
3478 47 119
3479 60 689
3480 27 381
3481 76 377
3482 26 929
3483 86 641
3484 10 375
3485 85 926
3486 48 381
3487 24 419
3488 27 794
3489 61 673
3490 71 269
3491 76 214
3492 64 364
3493 5 314
3494 72 737
3495 36 262
3496 56 692
3497 57 609
3498 68 54
3499 89 261
3500 22 167
3501 58 163
3502 23 865
3503 67 295
3504 58 538
3505 45 262
3506 23 923
3507 33 572
3508 55 990
3509 89 907
3510 78 328
3511 13 537
3512 52 932
3513 100 707
3514 65 386
3515 42 876
3516 75 626
3517 95 187
3518 46 407
3519 53 916
3520 14 326
3521 56 639
3522 52 568
3523 30 730
3524 84 73
3525 77 179
3526 64 157
3527 4 740
3528 67 389
3529 49 474
3530 22 127
3531 32 920
3532 57 189
3533 98 541
3534 47 148
3535 97 962
3536 24 22
3537 91 833
3538 93 105
3539 99 457
3540 35 591
3541 55 138
3542 64 726
3543 26 211
3544 99 933
3545 74 484
3546 42 73
3547 87 958
3548 72 341
3549 72 805
3550 31 383
3551 45 973
3552 31 186
3553 58 599
3554 11 253
3555 38 278
3556 74 947
3557 20 244
3558 16 696
3559 85 120
3560 43 382
3561 11 456
3562 48 304
3563 55 892
3564 3 310
3565 29 328
3566 21 315
3567 37 276
3568 76 137
3569 17 126
3570 50 581
3571 14 38
3572 93 562
3573 7 48
3574 18 357
3575 47 430
3576 15 286
3577 66 52
3578 67 599
3579 71 14
3580 1 967
3581 40 928
3582 45 388
3583 9 281
3584 5 945
3585 42 885
3586 61 754
3587 29 71
3588 27 182
3589 88 715
3590 45 826
3591 18 534
3592 35 350
3593 50 553
3594 15 419
3595 90 852
3596 16 219
3597 80 365
3598 77 978
3599 100 109
3600 50 188
3601 53 485
3602 44 816
3603 16 586
3604 56 318
3605 84 174
3606 7 640
3607 32 541
3608 6 385
3609 33 457
3610 28 464
3611 19 155
3612 84 418
3613 71 919
3614 70 875
3615 38 522
3616 66 582
3617 50 143
3618 6 625
3619 77 797
3620 23 610
3621 78 122
3622 59 388
3623 14 548
3624 1 992
3625 45 171
3626 9 615
3627 2 694
3628 69 928
3629 30 72
3630 59 511
3631 52 518
3632 96 388
3633 35 63
3634 56 838
3635 98 754
3636 38 271
3637 70 186
3638 71 225
3639 98 465
3640 61 164
3641 92 990
3642 48 445
3643 28 903
3644 33 663
3645 87 455
3646 71 47
3647 49 673
3648 2 542
3649 8 70
3650 10 182
3651 52 874
3652 33 552
3653 52 586
3654 60 399
3655 79 191
3656 54 526
3657 35 323
3658 88 407
3659 22 10
3660 8 615
3661 45 664
3662 31 188
3663 39 53
3664 10 872
3665 71 497
3666 2 723
3667 1 558
3668 85 203
3669 75 481
3670 61 911
3671 99 948
3672 63 362
3673 44 369
3674 52 980
3675 66 641
3676 65 444
3677 82 182
3678 6 78
3679 95 43
3680 58 624
3681 52 23
3682 43 976
3683 88 85
3684 66 626
3685 96 581
3686 74 672
3687 46 470
3688 77 630
3689 42 428
3690 32 931
3691 13 683
3692 9 826
3693 90 251
3694 58 49
3695 7 385
3696 46 954
3697 98 327
3698 48 769
3699 20 295
3700 12 225
3701 88 547
3702 52 88
3703 32 50
3704 80 708
3705 22 976
3706 70 254
3707 81 643
3708 7 710
3709 13 407
3710 16 233
3711 82 741
3712 9 252
3713 93 917
3714 47 899
3715 90 559
3716 48 695
3717 8 995
3718 95 459
3719 4 873
3720 23 671
3721 58 516
3722 25 557
3723 8 299
3724 53 755
3725 77 735
3726 91 829
3727 84 239
3728 94 616
3729 80 880
3730 90 389
3731 60 596
3732 2 381
3733 47 89
3734 17 507
3735 66 965
3736 62 579
3737 35 445
3738 57 819
3739 34 356
3740 9 417
3741 17 925
3742 68 442
3743 2 3
3744 82 866
3745 67 569
3746 67 33
3747 32 656
3748 38 644
3749 59 478
3750 33 431
3751 54 903
3752 62 675
3753 65 78
3754 5 483
3755 50 9
3756 91 208
3757 41 15
3758 49 899
3759 30 332
3760 39 141
3761 42 473
3762 52 16
3763 57 919
3764 51 880
3765 48 178
3766 75 368
3767 22 472
3768 77 477
3769 28 522
3770 25 560
3771 23 523
3772 18 723
3773 41 155
3774 57 963
3775 16 704
3776 96 53
3777 90 268
3778 9 259
3779 68 106
3780 3 980
3781 39 561
3782 44 469
3783 27 874
3784 49 26
3785 71 141
3786 13 120
3787 35 948
3788 76 632
3789 27 36
3790 11 794
3791 55 753
3792 46 489
3793 46 541
3794 91 72
3795 65 752
3796 36 95
3797 54 621
3798 3 975
3799 80 145
3800 35 911
3801 31 651
3802 91 249
3803 20 584
3804 68 338
3805 85 40
3806 89 256
3807 8 815
3808 89 705
3809 49 557
3810 5 931
3811 10 406
3812 14 706
3813 15 936
3814 18 7
3815 14 209
3816 58 64
3817 70 42
3818 98 636
3819 14 923
3820 99 558
3821 41 1000
3822 86 157
3823 40 193
3824 18 477
3825 13 256
3826 25 110
3827 64 369
3828 7 593
3829 92 558
3830 35 265
3831 32 88
3832 70 322
3833 74 173
3834 57 990
3835 21 981
3836 96 866
3837 54 22
3838 23 937
3839 35 300
3840 17 495
3841 55 113
3842 65 508
3843 71 533
3844 3 675
3845 92 461
3846 1 1000
3847 75 713
3848 71 719
3849 69 586
3850 91 154
3851 54 507
3852 48 553
3853 79 385
3854 31 602
3855 41 68
3856 15 56
3857 93 633
3858 70 640
3859 96 357
3860 53 324
3861 84 272
3862 72 990
3863 43 505
3864 1 682
3865 24 523
3866 9 58
3867 10 71
3868 59 482
3869 18 3
3870 92 307
3871 18 61
3872 28 432
3873 70 179
3874 39 223
3875 92 463
3876 17 851
3877 83 474
3878 88 670
3879 85 411
3880 97 446
3881 64 353
3882 75 113
3883 83 425
3884 42 528
3885 39 102
3886 73 887
3887 6 921
3888 26 731
3889 86 339
3890 11 795
3891 70 268
3892 25 61
3893 14 928
3894 69 140
3895 11 398
3896 63 123
3897 91 212
3898 28 551
3899 3 19
3900 80 530
3901 59 306
3902 69 247
3903 15 186
3904 22 440
3905 44 85
3906 86 795
3907 39 199
3908 50 706
3909 75 272
3910 55 95
3911 14 49
3912 23 589
3913 96 488
3914 86 765
3915 23 609
3916 26 733
3917 3 56
3918 83 265
3919 45 520
3920 51 480
3921 99 723
3922 21 549
3923 47 462
3924 25 508
3925 83 422
3926 51 587
3927 40 275
3928 43 908
3929 70 734
3930 87 623
3931 87 218
3932 30 462
3933 44 890
3934 23 555
3935 2 751
3936 67 693
3937 62 305
3938 61 236
3939 21 707
3940 96 871
3941 61 924
3942 62 848
3943 28 734
3944 2 185
3945 47 924
3946 66 92
3947 7 579
3948 60 691
3949 47 539
3950 57 692
3951 16 128
3952 25 498
3953 82 378
3954 36 522
3955 63 791
3956 52 700
3957 11 519
3958 80 819
3959 66 544
3960 56 249
3961 81 677
3962 41 604
3963 86 43
3964 79 654
3965 7 674
3966 12 441
3967 33 636
3968 44 704
3969 13 922
3970 37 660
3971 35 862
3972 10 882
3973 69 867
3974 23 244
3975 70 418
3976 42 186
3977 65 287
3978 36 617
3979 54 425
3980 62 660
3981 52 201
3982 87 59
3983 60 982
3984 67 857
3985 37 617
3986 90 471
3987 86 347
3988 57 443
3989 99 508
3990 89 277
3991 58 29
3992 75 304
3993 95 170
3994 27 883
3995 57 559
3996 19 571
3997 73 446
3998 47 181
3999 67 825
4000 10 496
497963.75
