2000
1 29 285
2 16 904
3 41 72
4 100 987
5 4 941
6 66 813
7 1 923
8 44 511
9 31 176
10 90 558
11 29 549
12 40 125
13 20 918
14 19 335
15 24 86
16 84 177
17 76 327
18 92 114
19 65 26
20 18 354
21 73 832
22 58 738
23 7 401
24 78 947
25 22 129
26 97 589
27 12 967
28 39 457
29 52 38
30 15 818
31 73 300
32 15 605
33 71 644
34 17 422
35 10 151
36 83 952
37 55 120
38 37 256
39 54 370
40 82 472
41 53 862
42 40 842
43 72 11
44 36 57
45 31 31
46 37 776
47 15 461
48 60 928
49 44 963
50 93 201
51 64 957
52 15 321
53 59 698
54 97 897
55 55 778
56 92 552
57 49 580
58 17 628
59 42 785
60 16 301
61 98 448
62 13 721
63 51 725
64 77 607
65 20 721
66 69 844
67 91 343
68 9 302
69 94 416
70 48 688
71 56 752
72 78 727
73 79 793
74 32 701
75 46 195
76 2 891
77 42 640
78 53 548
79 60 824
80 71 795
81 40 452
82 31 788
83 26 547
84 37 926
85 46 190
86 29 943
87 12 856
88 20 5
89 70 579
90 99 338
91 91 379
92 24 910
93 74 300
94 9 293
95 88 344
96 60 899
97 46 984
98 12 319
99 75 875
100 41 20
101 66 458
102 40 244
103 67 3
104 12 373
105 1 62
106 60 745
107 98 279
108 88 467
109 27 817
110 28 132
111 96 685
112 97 35
113 32 193
114 46 370
115 1 92
116 17 881
117 56 366
118 92 909
119 80 623
120 95 229
121 83 138
122 42 178
123 2 911
124 50 729
125 41 621
126 24 798
127 30 940
128 71 81
129 95 338
130 1 620
131 27 944
132 87 351
133 76 510
134 91 906
135 83 186
136 50 423
137 18 55
138 65 154
139 34 388
140 38 162
141 90 391
142 76 504
143 59 768
144 56 589
145 37 45
146 16 668
147 18 795
148 46 190
149 97 659
150 2 651
151 17 625
152 7 243
153 45 227
154 11 766
155 62 11
156 23 127
157 99 886
158 59 984
159 70 229
160 75 500
161 35 107
162 97 961
163 19 95
164 76 150
165 3 652
166 55 304
167 34 80
168 99 606
169 18 620
170 64 441
171 7 309
172 32 782
173 97 751
174 79 621
175 91 807
176 5 772
177 11 69
178 15 444
179 98 319
180 18 559
181 22 364
182 86 698
183 70 523
184 16 314
185 70 21
186 83 725
187 93 723
188 37 435
189 3 871
190 97 300
191 85 558
192 35 974
193 16 703
194 29 77
195 77 949
196 81 560
197 19 919
198 91 684
199 11 196
200 40 810
201 9 213
202 25 304
203 17 456
204 27 168
205 29 842
206 4 447
207 71 39
208 22 651
209 36 281
210 16 593
211 95 355
212 44 52
213 59 252
214 65 393
215 55 667
216 94 362
217 35 540
218 12 629
219 69 400
220 84 960
221 84 197
222 23 692
223 51 191
224 92 911
225 15 671
226 15 928
227 21 267
228 28 469
229 18 664
230 72 665
231 62 753
232 38 813
233 21 522
234 29 4
235 66 875
236 54 727
237 14 437
238 9 192
239 90 192
240 93 179
241 82 860
242 60 501
243 98 280
244 83 127
245 65 159
246 56 327
247 1 703
248 33 137
249 55 50
250 2 947
251 37 45
252 45 315
253 82 340
254 4 102
255 9 902
256 62 271
257 87 229
258 12 291
259 60 451
260 40 919
261 10 56
262 86 101
263 29 905
264 92 197
265 36 877
266 37 817
267 91 649
268 20 307
269 15 723
270 89 296
271 54 509
272 5 378
273 80 850
274 34 306
275 61 277
276 76 385
277 54 394
278 66 919
279 91 497
280 87 224
281 45 175
282 39 60
283 8 770
284 1 548
285 21 991
286 88 480
287 83 590
288 26 734
289 14 45
290 35 519
291 31 762
292 9 680
293 100 819
294 94 724
295 78 428
296 78 614
297 12 160
298 76 21
299 4 205
300 31 529
301 1 200
302 42 430
303 16 780
304 68 231
305 73 606
306 85 579
307 29 955
308 31 517
309 87 333
310 74 798
311 12 330
312 65 909
313 91 915
314 80 670
315 49 293
316 64 397
317 57 617
318 98 400
319 9 279
320 77 78
321 36 58
322 63 786
323 38 466
324 41 122
325 41 382
326 51 474
327 67 664
328 56 204
329 69 430
330 61 849
331 4 252
332 14 852
333 35 650
334 21 728
335 53 662
336 93 643
337 15 284
338 46 131
339 19 924
340 12 121
341 11 917
342 95 576
343 8 86
344 4 294
345 96 436
346 96 667
347 14 426
348 42 980
349 75 156
350 57 606
351 45 514
352 73 180
353 53 813
354 51 726
355 98 747
356 3 141
357 31 160
358 58 991
359 91 426
360 21 743
361 71 771
362 7 826
363 73 541
364 55 885
365 82 78
366 26 210
367 32 384
368 38 775
369 41 502
370 18 501
371 89 149
372 15 201
373 51 318
374 28 318
375 1 847
376 33 61
377 67 560
378 95 635
379 55 851
380 65 881
381 3 218
382 32 582
383 42 604
384 36 129
385 13 145
386 1 541
387 43 930
388 95 72
389 61 362
390 80 296
391 41 501
392 26 230
393 98 243
394 27 225
395 34 461
396 10 921
397 84 96
398 63 585
399 60 339
400 6 959
401 81 974
402 96 287
403 67 373
404 93 272
405 64 679
406 64 424
407 21 172
408 12 36
409 96 562
410 15 504
411 56 434
412 42 839
413 68 692
414 73 753
415 80 934
416 6 276
417 18 776
418 13 892
419 83 262
420 46 674
421 27 822
422 98 314
423 61 864
424 97 934
425 89 201
426 83 317
427 22 314
428 73 78
429 5 582
430 82 332
431 61 308
432 28 786
433 84 339
434 17 980
435 17 743
436 54 344
437 97 847
438 51 899
439 16 589
440 9 848
441 93 338
442 5 137
443 66 476
444 45 225
445 54 167
446 100 152
447 44 205
448 52 635
449 75 442
450 42 283
451 58 88
452 75 396
453 9 540
454 88 230
455 63 69
456 78 796
457 8 245
458 6 170
459 16 862
460 87 857
461 30 853
462 22 292
463 23 491
464 53 413
465 46 644
466 59 646
467 52 774
468 86 255
469 63 197
470 91 439
471 96 439
472 10 47
473 12 996
474 29 118
475 18 211
476 97 868
477 73 32
478 11 607
479 97 5
480 22 586
481 78 186
482 90 237
483 28 65
484 30 469
485 22 526
486 2 697
487 88 307
488 91 520
489 76 841
490 47 450
491 32 904
492 32 264
493 11 145
494 45 186
495 27 536
496 69 380
497 8 785
498 91 103
499 71 680
500 3 936
501 74 831
502 39 715
503 65 252
504 29 79
505 34 347
506 98 357
507 37 799
508 24 759
509 60 626
510 29 391
511 85 174
512 15 947
513 50 677
514 75 170
515 84 212
516 87 901
517 99 916
518 2 56
519 60 213
520 92 995
521 80 829
522 53 721
523 70 657
524 88 472
525 76 388
526 8 597
527 51 808
528 70 637
529 71 858
530 65 949
531 81 450
532 89 839
533 81 404
534 33 662
535 97 303
536 90 745
537 99 69
538 50 828
539 22 515
540 91 970
541 13 326
542 62 829
543 38 946
544 87 115
545 77 919
546 82 229
547 79 326
548 28 396
549 6 322
550 30 781
551 36 684
552 65 29
553 87 119
554 56 365
555 90 396
556 10 660
557 89 570
558 70 698
559 65 263
560 62 964
561 12 797
562 14 470
563 21 672
564 58 540
565 61 826
566 99 974
567 32 869
568 11 770
569 80 862
570 69 614
571 6 870
572 2 315
573 17 35
574 23 656
575 65 241
576 55 761
577 36 330
578 30 719
579 72 252
580 87 783
581 56 766
582 35 612
583 52 121
584 56 770
585 27 177
586 98 954
587 89 876
588 80 228
589 82 324
590 71 45
591 98 737
592 24 936
593 68 828
594 14 220
595 52 750
596 87 964
597 41 806
598 19 75
599 32 741
600 29 365
601 68 283
602 43 279
603 56 58
604 74 300
605 9 150
606 27 309
607 80 948
608 11 859
609 30 913
610 2 858
611 81 561
612 37 997
613 37 202
614 2 263
615 90 731
616 35 291
617 91 7
618 15 67
619 74 840
620 94 604
621 98 60
622 68 647
623 58 991
624 37 356
625 86 210
626 83 665
627 28 245
628 12 285
629 83 340
630 19 145
631 7 22
632 35 513
633 94 240
634 66 880
635 17 979
636 51 100
637 58 994
638 50 392
639 41 287
640 21 150
641 75 651
642 55 579
643 17 907
644 96 873
645 21 946
646 89 711
647 70 428
648 41 45
649 53 801
650 13 96
651 95 605
652 37 521
653 86 468
654 74 387
655 77 873
656 20 60
657 35 631
658 1 486
659 47 834
660 80 729
661 94 555
662 40 214
663 74 631
664 73 997
665 5 962
666 91 697
667 51 598
668 1 987
669 11 474
670 56 417
671 38 302
672 96 773
673 98 819
674 79 140
675 44 327
676 11 812
677 70 481
678 76 453
679 81 294
680 49 301
681 69 712
682 23 236
683 25 972
684 38 336
685 24 653
686 41 852
687 32 424
688 5 845
689 80 432
690 13 253
691 37 952
692 56 555
693 79 898
694 73 672
695 44 528
696 66 734
697 80 62
698 45 140
699 98 694
700 53 20
701 31 140
702 25 833
703 36 367
704 16 313
705 71 264
706 50 666
707 61 720
708 24 605
709 10 729
710 26 514
711 88 919
712 31 923
713 43 163
714 93 74
715 74 57
716 89 953
717 39 444
718 81 786
719 54 26
720 68 542
721 60 338
722 47 237
723 90 51
724 5 301
725 3 627
726 36 461
727 38 957
728 57 343
729 59 146
730 69 468
731 10 446
732 63 427
733 65 979
734 40 819
735 39 662
736 88 287
737 44 497
738 65 36
739 24 445
740 49 32
741 27 852
742 92 601
743 36 278
744 98 252
745 38 829
746 82 278
747 78 714
748 79 436
749 15 316
750 37 44
751 7 359
752 13 152
753 27 569
754 58 680
755 31 604
756 48 723
757 51 38
758 84 777
759 72 882
760 56 572
761 86 114
762 72 557
763 37 613
764 14 218
765 23 985
766 87 58
767 89 766
768 76 455
769 3 850
770 83 204
771 74 463
772 56 463
773 60 386
774 69 194
775 44 380
776 98 420
777 12 940
778 83 656
779 52 46
780 7 609
781 18 736
782 85 269
783 29 188
784 47 337
785 48 444
786 39 643
787 100 972
788 99 456
789 5 522
790 34 768
791 35 780
792 31 912
793 30 697
794 44 739
795 91 587
796 91 17
797 22 621
798 38 885
799 9 24
800 32 385
801 23 191
802 86 646
803 49 242
804 9 31
805 28 921
806 36 771
807 28 397
808 28 11
809 51 386
810 14 64
811 45 636
812 18 186
813 20 25
814 37 771
815 31 852
816 26 902
817 71 296
818 42 964
819 36 389
820 27 552
821 20 323
822 12 443
823 59 397
824 63 515
825 35 958
826 30 841
827 66 396
828 26 469
829 25 337
830 54 930
831 48 396
832 23 880
833 59 892
834 49 555
835 36 250
836 27 420
837 65 793
838 25 707
839 30 33
840 77 427
841 64 635
842 61 321
843 82 301
844 83 875
845 83 435
846 95 460
847 78 139
848 9 843
849 31 853
850 45 737
851 39 170
852 13 371
853 96 307
854 50 255
855 48 272
856 47 347
857 46 556
858 69 38
859 14 390
860 18 107
861 4 210
862 62 906
863 37 413
864 1 665
865 68 518
866 59 272
867 28 270
868 69 792
869 13 822
870 67 961
871 95 463
872 79 536
873 12 416
874 79 624
875 65 633
876 29 679
877 26 320
878 48 456
879 35 863
880 92 9
881 97 684
882 21 537
883 57 121
884 68 679
885 40 24
886 31 462
887 99 595
888 50 274
889 42 820
890 53 620
891 46 961
892 42 90
893 15 314
894 83 412
895 56 9
896 49 325
897 67 779
898 86 838
899 43 332
900 70 139
901 98 528
902 27 540
903 15 942
904 19 724
905 69 107
906 99 992
907 82 420
908 10 546
909 14 532
910 19 467
911 93 161
912 44 152
913 44 670
914 97 393
915 82 879
916 82 400
917 93 882
918 88 252
919 3 669
920 29 513
921 81 965
922 58 449
923 46 450
924 12 737
925 68 363
926 10 905
927 47 941
928 21 488
929 78 769
930 10 625
931 75 467
932 24 857
933 66 572
934 66 606
935 53 238
936 41 80
937 1 147
938 70 578
939 80 539
940 96 741
941 48 930
942 4 547
943 15 954
944 40 82
945 88 750
946 62 68
947 52 746
948 94 490
949 36 892
950 17 564
951 44 797
952 91 349
953 16 45
954 41 462
955 88 978
956 93 582
957 41 3
958 87 867
959 66 819
960 9 162
961 74 621
962 66 482
963 81 841
964 65 523
965 2 640
966 52 404
967 85 509
968 62 302
969 31 564
970 72 520
971 50 168
972 40 113
973 60 906
974 15 571
975 81 257
976 25 639
977 8 6
978 77 161
979 77 884
980 59 492
981 27 5
982 73 509
983 1 786
984 98 883
985 61 410
986 69 404
987 79 750
988 95 958
989 25 3
990 81 376
991 19 36
992 57 153
993 95 125
994 77 692
995 15 296
996 10 800
997 36 478
998 27 877
999 39 169
1000 21 797
1001 73 559
1002 67 477
1003 8 919
1004 65 116
1005 34 673
1006 62 507
1007 99 568
1008 94 643
1009 16 580
1010 63 350
1011 23 877
1012 68 925
1013 26 1000
1014 64 504
1015 94 413
1016 82 681
1017 38 648
1018 91 647
1019 14 670
1020 36 551
1021 27 286
1022 21 785
1023 90 989
1024 13 306
1025 79 558
1026 26 732
1027 87 518
1028 17 98
1029 26 991
1030 47 169
1031 49 726
1032 57 306
1033 5 168
1034 100 263
1035 29 702
1036 72 720
1037 41 532
1038 30 880
1039 71 782
1040 85 777
1041 58 481
1042 7 295
1043 78 291
1044 94 9
1045 42 723
1046 18 108
1047 30 189
1048 96 581
1049 33 538
1050 36 294
1051 68 285
1052 83 524
1053 27 607
1054 76 260
1055 68 257
1056 6 859
1057 24 916
1058 69 574
1059 13 948
1060 29 988
1061 7 689
1062 60 148
1063 52 825
1064 66 640
1065 7 900
1066 38 448
1067 93 689
1068 81 901
1069 78 134
1070 15 991
1071 18 269
1072 42 370
1073 72 112
1074 76 511
1075 99 619
1076 41 573
1077 98 438
1078 74 868
1079 97 851
1080 41 86
1081 16 43
1082 41 349
1083 39 698
1084 2 403
1085 32 442
1086 1 398
1087 3 344
1088 13 113
1089 91 832
1090 15 865
1091 91 697
1092 91 618
1093 17 684
1094 99 956
1095 90 474
1096 7 103
1097 1 237
1098 7 773
1099 15 277
1100 86 91
1101 32 606
1102 98 828
1103 48 704
1104 28 749
1105 26 675
1106 17 554
1107 15 958
1108 61 665
1109 4 536
1110 72 122
1111 56 683
1112 44 839
1113 50 105
1114 52 401
1115 23 272
1116 68 667
1117 10 723
1118 93 45
1119 33 474
1120 78 887
1121 71 372
1122 69 121
1123 8 338
1124 8 244
1125 2 699
1126 42 804
1127 36 793
1128 70 175
1129 86 476
1130 21 217
1131 61 776
1132 84 897
1133 30 563
1134 100 736
1135 28 380
1136 23 863
1137 20 305
1138 61 235
1139 2 743
1140 16 353
1141 18 243
1142 64 134
1143 7 66
1144 100 690
1145 99 578
1146 45 625
1147 30 460
1148 96 250
1149 56 70
1150 69 218
1151 21 701
1152 92 671
1153 14 942
1154 95 201
1155 70 974
1156 100 432
1157 27 514
1158 86 954
1159 34 370
1160 10 469
1161 68 711
1162 22 141
1163 98 181
1164 13 736
1165 58 801
1166 48 3
1167 56 832
1168 81 642
1169 66 658
1170 47 528
1171 7 263
1172 18 895
1173 93 878
1174 50 213
1175 58 335
1176 26 798
1177 73 863
1178 56 578
1179 18 410
1180 13 616
1181 74 612
1182 73 285
1183 36 10
1184 13 655
1185 73 983
1186 81 355
1187 75 648
1188 75 733
1189 1 457
1190 71 959
1191 58 991
1192 36 921
1193 15 228
1194 59 217
1195 55 151
1196 8 105
1197 37 848
1198 80 850
1199 32 155
1200 78 625
1201 42 89
1202 67 259
1203 33 448
1204 37 833
1205 12 820
1206 79 930
1207 17 211
1208 6 828
1209 89 939
1210 63 408
1211 93 717
1212 7 945
1213 97 715
1214 24 539
1215 63 121
1216 52 450
1217 60 111
1218 65 538
1219 62 982
1220 56 740
1221 47 68
1222 77 594
1223 53 924
1224 62 566
1225 73 236
1226 86 682
1227 91 12
1228 90 703
1229 42 62
1230 24 98
1231 90 482
1232 98 178
1233 44 897
1234 76 800
1235 36 900
1236 70 856
1237 62 256
1238 73 862
1239 56 997
1240 80 541
1241 89 52
1242 74 917
1243 3 211
1244 58 664
1245 61 610
1246 41 916
1247 27 375
1248 65 137
1249 49 760
1250 6 657
1251 82 607
1252 58 513
1253 4 820
1254 92 167
1255 57 231
1256 77 127
1257 92 971
1258 57 749
1259 23 994
1260 92 832
1261 22 251
1262 77 443
1263 48 546
1264 75 474
1265 30 796
1266 30 123
1267 6 974
1268 12 791
1269 55 813
1270 98 327
1271 16 719
1272 31 139
1273 9 372
1274 18 605
1275 59 734
1276 64 818
1277 56 153
1278 81 593
1279 61 454
1280 27 660
1281 8 706
1282 40 424
1283 21 846
1284 73 651
1285 8 515
1286 76 181
1287 79 351
1288 100 330
1289 87 9
1290 93 163
1291 57 382
1292 55 872
1293 39 864
1294 61 135
1295 58 591
1296 67 572
1297 18 632
1298 25 835
1299 45 361
1300 57 304
1301 20 168
1302 32 521
1303 30 791
1304 80 309
1305 68 628
1306 79 556
1307 70 580
1308 80 206
1309 18 783
1310 77 323
1311 19 365
1312 73 279
1313 23 176
1314 39 803
1315 66 541
1316 60 60
1317 74 644
1318 67 234
1319 60 656
1320 90 988
1321 59 968
1322 99 882
1323 76 30
1324 90 243
1325 94 77
1326 26 223
1327 24 967
1328 56 502
1329 20 225
1330 76 704
1331 27 583
1332 59 559
1333 87 160
1334 98 410
1335 27 585
1336 89 895
1337 52 257
1338 89 28
1339 6 943
1340 89 283
1341 71 11
1342 4 687
1343 36 891
1344 18 732
1345 48 536
1346 56 419
1347 4 368
1348 18 117
1349 79 953
1350 99 441
1351 10 363
1352 49 608
1353 89 568
1354 68 955
1355 24 627
1356 11 433
1357 35 9
1358 17 382
1359 75 846
1360 18 568
1361 63 185
1362 35 914
1363 57 160
1364 32 450
1365 61 468
1366 30 760
1367 25 63
1368 99 343
1369 67 239
1370 26 855
1371 52 490
1372 83 176
1373 30 19
1374 13 898
1375 25 672
1376 62 889
1377 59 465
1378 30 531
1379 74 720
1380 91 689
1381 60 525
1382 9 668
1383 47 927
1384 52 479
1385 10 309
1386 31 789
1387 80 146
1388 99 486
1389 95 81
1390 45 440
1391 74 701
1392 9 800
1393 60 376
1394 23 909
1395 32 102
1396 90 8
1397 29 345
1398 3 195
1399 42 527
1400 59 526
1401 24 328
1402 71 679
1403 16 435
1404 52 59
1405 37 340
1406 93 666
1407 2 261
1408 69 196
1409 99 913
1410 77 745
1411 14 60
1412 7 100
1413 59 235
1414 100 61
1415 53 362
1416 26 188
1417 69 108
1418 8 437
1419 5 64
1420 88 362
1421 1 9
1422 27 983
1423 26 151
1424 100 490
1425 78 304
1426 42 573
1427 62 187
1428 35 61
1429 58 768
1430 5 681
1431 31 132
1432 74 785
1433 55 195
1434 87 538
1435 13 90
1436 68 761
1437 69 950
1438 18 834
1439 18 248
1440 71 523
1441 25 551
1442 51 841
1443 88 175
1444 62 367
1445 43 456
1446 71 753
1447 33 820
1448 22 111
1449 17 585
1450 89 301
1451 91 142
1452 37 55
1453 85 579
1454 9 756
1455 81 890
1456 63 184
1457 3 606
1458 30 978
1459 18 832
1460 96 693
1461 25 535
1462 61 472
1463 81 399
1464 7 187
1465 32 23
1466 80 940
1467 9 678
1468 85 852
1469 66 877
1470 44 322
1471 43 595
1472 51 227
1473 79 749
1474 26 620
1475 29 883
1476 50 404
1477 43 916
1478 84 976
1479 35 783
1480 6 224
1481 89 103
1482 37 527
1483 92 41
1484 70 59
1485 41 927
1486 18 534
1487 76 981
1488 59 896
1489 52 543
1490 93 895
1491 78 390
1492 46 937
1493 27 550
1494 44 315
1495 20 441
1496 100 531
1497 48 760
1498 34 536
1499 28 40
1500 14 318
1501 76 495
1502 45 485
1503 6 456
1504 21 776
1505 16 661
1506 39 490
1507 75 683
1508 66 595
1509 23 24
1510 83 421
1511 28 503
1512 55 192
1513 70 836
1514 65 317
1515 62 818
1516 49 701
1517 45 772
1518 27 503
1519 6 444
1520 66 245
1521 13 762
1522 71 156
1523 42 358
1524 52 426
1525 9 672
1526 90 114
1527 91 57
1528 6 962
1529 36 966
1530 53 225
1531 96 576
1532 32 987
1533 51 124
1534 32 894
1535 23 465
1536 51 885
1537 23 59
1538 66 612
1539 2 315
1540 3 859
1541 11 368
1542 16 683
1543 73 492
1544 91 566
1545 68 999
1546 49 649
1547 93 707
1548 10 926
1549 51 101
1550 91 553
1551 93 754
1552 35 639
1553 6 304
1554 54 935
1555 92 279
1556 47 763
1557 10 204
1558 90 111
1559 92 10
1560 39 421
1561 78 619
1562 53 473
1563 24 431
1564 17 977
1565 83 961
1566 23 616
1567 29 506
1568 61 259
1569 26 631
1570 1 295
1571 28 965
1572 35 28
1573 22 976
1574 30 838
1575 76 947
1576 51 87
1577 34 581
1578 44 893
1579 100 977
1580 67 483
1581 43 183
1582 2 723
1583 82 359
1584 7 616
1585 6 525
1586 21 357
1587 61 799
1588 68 628
1589 44 233
1590 2 805
1591 78 759
1592 52 102
1593 31 573
1594 16 137
1595 91 413
1596 67 590
1597 66 49
1598 60 691
1599 87 853
1600 47 519
1601 77 484
1602 32 651
1603 52 787
1604 44 690
1605 79 686
1606 70 480
1607 64 136
1608 89 706
1609 26 529
1610 98 483
1611 62 210
1612 3 341
1613 37 104
1614 8 751
1615 14 906
1616 37 240
1617 48 262
1618 93 308
1619 20 684
1620 74 182
1621 47 606
1622 23 600
1623 34 386
1624 46 857
1625 88 253
1626 83 779
1627 19 382
1628 40 86
1629 72 590
1630 80 931
1631 68 517
1632 71 543
1633 86 512
1634 73 400
1635 55 528
1636 11 111
1637 77 775
1638 68 119
1639 56 210
1640 78 842
1641 66 885
1642 95 477
1643 20 471
1644 12 653
1645 62 451
1646 32 761
1647 11 435
1648 47 431
1649 30 946
1650 59 626
1651 75 206
1652 96 279
1653 50 902
1654 90 140
1655 57 704
1656 15 125
1657 27 617
1658 9 391
1659 21 327
1660 43 275
1661 31 966
1662 20 362
1663 71 513
1664 41 15
1665 71 503
1666 20 547
1667 3 88
1668 12 586
1669 66 643
1670 2 724
1671 54 567
1672 2 26
1673 91 690
1674 94 539
1675 57 501
1676 37 164
1677 79 965
1678 81 324
1679 46 199
1680 30 367
1681 14 197
1682 97 415
1683 57 751
1684 1 681
1685 95 227
1686 15 221
1687 23 701
1688 68 215
1689 7 985
1690 37 642
1691 81 838
1692 78 899
1693 29 247
1694 35 823
1695 6 949
1696 22 499
1697 22 960
1698 53 770
1699 14 563
1700 12 195
1701 1 150
1702 11 628
1703 49 955
1704 100 463
1705 86 213
1706 35 439
1707 80 873
1708 10 579
1709 97 635
1710 21 82
1711 22 77
1712 2 553
1713 75 515
1714 36 418
1715 3 227
1716 35 155
1717 20 41
1718 89 192
1719 82 563
1720 90 425
1721 69 514
1722 59 759
1723 17 132
1724 65 911
1725 32 46
1726 8 973
1727 8 711
1728 38 247
1729 80 629
1730 62 634
1731 22 523
1732 49 860
1733 20 248
1734 87 8
1735 66 119
1736 94 275
1737 90 343
1738 44 960
1739 47 436
1740 63 118
1741 92 631
1742 92 382
1743 59 867
1744 90 541
1745 91 595
1746 44 902
1747 17 695
1748 96 804
1749 43 777
1750 60 755
1751 77 780
1752 29 139
1753 85 791
1754 64 525
1755 49 194
1756 18 795
1757 64 819
1758 65 585
1759 20 835
1760 54 749
1761 74 893
1762 40 892
1763 74 650
1764 44 188
1765 66 374
1766 8 79
1767 87 527
1768 47 454
1769 92 86
1770 97 31
1771 12 424
1772 60 932
1773 74 949
1774 58 571
1775 98 23
1776 38 38
1777 60 25
1778 56 769
1779 38 348
1780 27 844
1781 25 696
1782 35 651
1783 25 67
1784 1 909
1785 39 632
1786 71 587
1787 34 401
1788 6 908
1789 9 988
1790 46 307
1791 18 613
1792 98 605
1793 42 974
1794 55 416
1795 96 954
1796 63 165
1797 77 50
1798 55 17
1799 93 983
1800 57 446
1801 29 554
1802 70 276
1803 67 729
1804 22 702
1805 58 186
1806 4 747
1807 9 972
1808 43 950
1809 34 750
1810 63 417
1811 61 776
1812 60 653
1813 85 466
1814 48 250
1815 76 481
1816 69 609
1817 86 979
1818 6 81
1819 1 860
1820 95 872
1821 17 640
1822 63 406
1823 47 66
1824 26 23
1825 61 941
1826 21 519
1827 1 166
1828 83 772
1829 72 812
1830 46 14
1831 75 171
1832 27 361
1833 37 372
1834 69 867
1835 91 868
1836 53 77
1837 31 560
1838 96 814
1839 61 630
1840 15 846
1841 32 337
1842 52 751
1843 10 559
1844 86 655
1845 87 603
1846 39 710
1847 100 413
1848 49 414
1849 30 363
1850 10 249
1851 60 764
1852 13 986
1853 37 260
1854 29 883
1855 90 18
1856 14 679
1857 75 875
1858 66 598
1859 20 457
1860 75 28
1861 81 194
1862 13 139
1863 44 260
1864 37 399
1865 91 78
1866 63 631
1867 69 548
1868 43 892
1869 99 716
1870 41 627
1871 70 4
1872 49 556
1873 52 294
1874 59 306
1875 92 163
1876 34 494
1877 22 365
1878 36 322
1879 67 962
1880 42 98
1881 2 621
1882 58 914
1883 44 256
1884 57 233
1885 52 332
1886 95 90
1887 73 717
1888 95 329
1889 78 107
1890 9 884
1891 90 838
1892 12 308
1893 59 640
1894 19 474
1895 54 637
1896 21 497
1897 53 140
1898 89 746
1899 28 42
1900 55 332
1901 24 286
1902 60 6
1903 35 782
1904 9 833
1905 9 924
1906 70 186
1907 89 488
1908 83 914
1909 20 911
1910 46 427
1911 15 204
1912 4 842
1913 79 404
1914 10 911
1915 20 485
1916 57 331
1917 24 805
1918 34 199
1919 6 808
1920 88 512
1921 47 436
1922 34 485
1923 82 375
1924 54 674
1925 28 958
1926 6 266
1927 48 318
1928 55 239
1929 94 805
1930 34 350
1931 63 276
1932 43 384
1933 83 942
1934 5 474
1935 57 625
1936 41 925
1937 6 968
1938 87 301
1939 57 796
1940 91 965
1941 13 865
1942 26 532
1943 23 781
1944 34 220
1945 55 946
1946 92 975
1947 58 442
1948 29 885
1949 97 657
1950 40 915
1951 51 971
1952 69 94
1953 17 56
1954 30 544
1955 16 835
1956 85 424
1957 59 223
1958 89 16
1959 58 668
1960 91 624
1961 91 216
1962 4 958
1963 95 386
1964 70 259
1965 31 120
1966 57 746
1967 79 295
1968 54 743
1969 91 373
1970 96 866
1971 10 716
1972 29 187
1973 27 674
1974 46 532
1975 57 732
1976 16 650
1977 94 116
1978 39 978
1979 33 163
1980 29 670
1981 94 407
1982 76 168
1983 92 204
1984 38 276
1985 68 540
1986 58 632
1987 10 947
1988 24 643
1989 7 984
1990 63 728
1991 78 509
1992 50 824
1993 72 134
1994 87 241
1995 87 469
1996 43 758
1997 1 606
1998 71 157
1999 14 453
2000 98 607
256030.5
