2000
1 11 364
2 87 62
3 92 144
4 38 158
5 3 103
6 25 238
7 25 639
8 91 3
9 53 789
10 15 25
11 9 774
12 67 758
13 38 537
14 19 976
15 46 700
16 41 994
17 22 451
18 13 919
19 15 689
20 53 65
21 51 798
22 11 661
23 71 383
24 52 270
25 38 239
26 62 479
27 78 242
28 4 441
29 90 472
30 50 389
31 37 919
32 67 485
33 78 603
34 19 798
35 92 905
36 8 771
37 47 163
38 39 716
39 83 866
40 58 483
41 28 359
42 98 281
43 47 838
44 61 946
45 4 32
46 52 645
47 25 329
48 32 357
49 6 71
50 6 192
51 43 3
52 36 839
53 15 712
54 9 909
55 49 355
56 87 79
57 78 835
58 62 471
59 33 818
60 92 555
61 32 11
62 32 96
63 63 101
64 63 289
65 24 183
66 60 558
67 83 71
68 16 61
69 6 829
70 69 152
71 11 702
72 21 738
73 59 436
74 97 545
75 10 765
76 33 205
77 58 986
78 67 54
79 44 143
80 22 450
81 26 330
82 7 830
83 77 531
84 35 345
85 27 943
86 39 857
87 40 723
88 27 437
89 91 280
90 35 328
91 67 640
92 3 47
93 56 558
94 28 668
95 82 830
96 3 567
97 30 376
98 25 779
99 67 560
100 17 398
101 97 704
102 69 586
103 24 461
104 56 391
105 29 897
106 82 271
107 23 391
108 20 871
109 1 868
110 21 292
111 53 931
112 14 120
113 73 209
114 52 642
115 24 468
116 38 561
117 91 849
118 1 719
119 68 454
120 6 677
121 53 320
122 23 754
123 77 530
124 92 156
125 49 255
126 80 34
127 30 618
128 55 857
129 89 7
130 28 660
131 97 90
132 37 762
133 30 910
134 93 766
135 65 796
136 21 654
137 70 785
138 65 959
139 87 231
140 57 169
141 72 719
142 6 457
143 95 933
144 65 898
145 28 763
146 40 372
147 33 335
148 91 966
149 27 450
150 38 607
151 62 361
152 61 609
153 28 711
154 47 180
155 36 698
156 70 91
157 15 402
158 43 402
159 70 515
160 67 353
161 72 363
162 58 861
163 90 541
164 60 808
165 60 731
166 11 927
167 27 536
168 39 722
169 58 878
170 93 170
171 37 209
172 80 265
173 84 832
174 78 581
175 30 765
176 57 184
177 84 197
178 90 143
179 4 276
180 27 647
181 88 151
182 67 840
183 81 792
184 65 566
185 64 708
186 4 811
187 64 558
188 24 154
189 21 369
190 62 266
191 58 508
192 70 773
193 34 579
194 89 383
195 77 964
196 54 67
197 87 210
198 74 853
199 43 5
200 19 461
201 86 819
202 87 463
203 96 898
204 27 527
205 59 201
206 65 311
207 98 334
208 27 390
209 95 473
210 15 376
211 61 883
212 36 518
213 48 302
214 78 496
215 71 826
216 65 93
217 50 563
218 88 122
219 93 463
220 10 926
221 22 271
222 9 966
223 3 517
224 77 617
225 25 863
226 79 355
227 70 773
228 44 29
229 67 404
230 14 89
231 27 540
232 47 173
233 46 498
234 53 204
235 89 704
236 82 667
237 64 255
238 10 100
239 89 950
240 47 804
241 32 562
242 33 775
243 58 639
244 80 193
245 3 729
246 37 585
247 24 6
248 76 472
249 62 136
250 45 877
251 60 7
252 75 207
253 99 355
254 54 761
255 16 924
256 9 160
257 52 960
258 51 519
259 88 742
260 48 48
261 65 95
262 74 529
263 30 82
264 95 50
265 3 13
266 99 814
267 94 550
268 23 939
269 27 875
270 4 646
271 83 113
272 69 221
273 86 274
274 72 656
275 57 502
276 71 842
277 24 237
278 10 420
279 30 219
280 7 714
281 62 458
282 9 833
283 60 683
284 73 565
285 60 787
286 71 750
287 9 563
288 68 527
289 71 212
290 10 948
291 75 163
292 49 133
293 62 393
294 54 120
295 35 335
296 18 661
297 95 378
298 74 844
299 90 122
300 67 958
301 8 938
302 16 691
303 26 520
304 68 170
305 13 214
306 61 160
307 7 257
308 26 740
309 31 920
310 10 88
311 30 777
312 54 981
313 28 402
314 63 167
315 54 942
316 61 297
317 69 238
318 24 760
319 52 24
320 29 580
321 40 328
322 44 385
323 7 527
324 1 264
325 95 333
326 68 955
327 30 244
328 88 119
329 23 149
330 64 502
331 49 535
332 78 195
333 55 111
334 43 180
335 36 343
336 49 787
337 87 172
338 24 510
339 88 240
340 54 153
341 11 680
342 38 254
343 27 136
344 42 46
345 33 597
346 32 925
347 27 385
348 31 654
349 75 646
350 40 146
351 19 346
352 70 115
353 91 867
354 2 121
355 37 168
356 47 74
357 22 848
358 33 243
359 7 795
360 19 735
361 29 411
362 1 978
363 69 712
364 6 433
365 47 19
366 88 414
367 54 450
368 97 186
369 7 551
370 100 128
371 54 668
372 90 781
373 43 451
374 18 234
375 73 677
376 66 388
377 79 112
378 48 268
379 24 854
380 54 44
381 67 117
382 18 967
383 29 415
384 57 637
385 93 609
386 94 633
387 82 919
388 24 878
389 58 646
390 19 600
391 65 207
392 11 258
393 42 144
394 57 378
395 49 522
396 57 989
397 4 604
398 97 993
399 69 272
400 29 874
401 55 283
402 7 79
403 42 830
404 78 275
405 47 326
406 91 914
407 33 474
408 16 740
409 59 964
410 9 795
411 92 23
412 80 450
413 40 878
414 14 835
415 36 670
416 5 474
417 47 23
418 45 689
419 78 533
420 28 479
421 89 513
422 21 668
423 44 70
424 73 391
425 19 291
426 36 669
427 15 979
428 76 166
429 40 408
430 52 134
431 34 153
432 78 532
433 54 87
434 52 29
435 72 788
436 53 350
437 67 390
438 46 847
439 76 782
440 14 93
441 57 566
442 28 595
443 35 487
444 54 141
445 69 111
446 11 826
447 10 69
448 8 76
449 53 816
450 50 236
451 79 241
452 38 576
453 67 388
454 66 290
455 51 971
456 30 17
457 7 552
458 86 842
459 15 753
460 56 233
461 40 286
462 58 179
463 82 385
464 31 482
465 38 197
466 55 750
467 43 447
468 51 943
469 9 622
470 42 464
471 57 592
472 20 212
473 86 466
474 56 476
475 50 77
476 67 800
477 61 477
478 5 545
479 94 661
480 5 588
481 82 618
482 88 571
483 29 135
484 60 577
485 24 214
486 4 369
487 95 825
488 49 208
489 28 935
490 52 862
491 1 768
492 65 488
493 34 124
494 70 228
495 97 23
496 15 14
497 46 106
498 65 936
499 59 63
500 98 431
501 31 413
502 26 944
503 100 59
504 81 128
505 2 279
506 67 797
507 92 1000
508 47 72
509 45 70
510 36 278
511 17 958
512 62 933
513 27 63
514 74 223
515 30 830
516 99 836
517 15 304
518 65 422
519 16 340
520 92 802
521 42 390
522 44 121
523 25 632
524 5 934
525 10 900
526 85 602
527 28 976
528 66 692
529 10 881
530 58 81
531 85 423
532 93 813
533 6 602
534 93 483
535 72 128
536 38 478
537 85 519
538 75 208
539 80 113
540 1 179
541 54 138
542 73 303
543 96 196
544 28 694
545 61 934
546 4 551
547 26 746
548 82 314
549 11 561
550 31 178
551 8 295
552 47 61
553 88 210
554 16 302
555 84 284
556 22 901
557 16 663
558 13 378
559 11 297
560 26 209
561 66 793
562 47 754
563 11 312
564 41 410
565 96 750
566 76 556
567 20 747
568 33 125
569 10 117
570 92 552
571 59 239
572 3 892
573 1 783
574 37 356
575 33 949
576 1 933
577 41 310
578 46 166
579 21 231
580 50 26
581 65 709
582 42 815
583 96 977
584 48 63
585 18 980
586 9 936
587 38 467
588 59 973
589 36 429
590 37 328
591 56 816
592 12 873
593 88 133
594 80 403
595 47 389
596 81 833
597 11 90
598 63 706
599 10 114
600 25 141
601 66 755
602 8 588
603 25 928
604 41 681
605 68 600
606 56 477
607 27 826
608 90 833
609 92 521
610 71 390
611 63 592
612 2 764
613 92 570
614 25 354
615 24 742
616 29 983
617 54 612
618 56 465
619 83 711
620 8 777
621 51 900
622 95 272
623 54 165
624 99 10
625 18 190
626 11 970
627 97 578
628 37 608
629 71 224
630 65 831
631 82 449
632 22 427
633 84 871
634 98 904
635 79 334
636 4 846
637 9 4
638 12 896
639 24 574
640 65 589
641 31 51
642 58 491
643 73 862
644 44 751
645 88 386
646 71 790
647 1 667
648 62 731
649 94 991
650 21 542
651 12 4
652 40 801
653 21 537
654 75 735
655 30 88
656 22 26
657 81 960
658 26 735
659 75 952
660 24 567
661 97 761
662 52 862
663 43 574
664 21 883
665 42 432
666 67 383
667 22 913
668 71 178
669 58 716
670 96 445
671 79 916
672 87 249
673 63 296
674 21 632
675 78 928
676 34 373
677 11 381
678 13 454
679 64 438
680 40 215
681 56 562
682 50 898
683 22 812
684 94 322
685 16 693
686 85 482
687 26 47
688 45 416
689 32 988
690 31 750
691 59 561
692 24 433
693 7 972
694 53 931
695 42 784
696 7 373
697 15 118
698 46 994
699 3 60
700 61 60
701 22 337
702 23 808
703 44 416
704 33 894
705 76 208
706 33 880
707 14 24
708 46 442
709 93 156
710 44 410
711 75 620
712 93 975
713 9 479
714 2 991
715 42 580
716 82 170
717 52 283
718 17 740
719 14 927
720 19 451
721 98 441
722 25 623
723 37 472
724 49 777
725 44 548
726 8 864
727 59 14
728 95 700
729 12 165
730 71 5
731 53 273
732 15 417
733 67 281
734 5 426
735 81 897
736 93 199
737 48 723
738 10 482
739 48 892
740 11 851
741 71 614
742 60 550
743 52 40
744 94 997
745 12 378
746 53 595
747 55 458
748 52 377
749 71 52
750 41 687
751 41 621
752 65 640
753 45 45
754 40 755
755 2 865
756 56 192
757 59 457
758 63 200
759 1 897
760 62 128
761 33 588
762 29 857
763 2 164
764 28 262
765 68 389
766 13 329
767 92 873
768 54 861
769 68 302
770 59 403
771 11 906
772 71 694
773 6 384
774 11 381
775 14 889
776 40 723
777 22 781
778 36 658
779 24 834
780 57 949
781 19 659
782 22 114
783 91 611
784 38 121
785 5 948
786 84 525
787 38 968
788 74 492
789 81 673
790 21 387
791 17 122
792 66 680
793 84 823
794 7 113
795 85 788
796 30 38
797 38 711
798 92 861
799 55 296
800 14 359
801 39 952
802 97 725
803 67 574
804 50 211
805 88 339
806 7 354
807 89 609
808 66 652
809 46 795
810 17 451
811 40 624
812 85 693
813 20 739
814 45 626
815 77 249
816 96 407
817 1 694
818 21 109
819 50 400
820 82 36
821 98 187
822 6 957
823 71 507
824 25 383
825 5 562
826 18 912
827 80 459
828 80 447
829 23 46
830 4 644
831 52 459
832 64 872
833 91 340
834 87 100
835 91 464
836 21 607
837 71 275
838 17 400
839 42 39
840 9 993
841 21 269
842 97 456
843 95 62
844 55 162
845 92 574
846 57 183
847 96 795
848 66 702
849 79 682
850 88 445
851 92 392
852 37 763
853 17 11
854 83 340
855 32 960
856 45 607
857 29 751
858 7 585
859 61 297
860 43 977
861 24 269
862 36 586
863 1 610
864 40 164
865 93 156
866 62 485
867 32 73
868 44 536
869 56 249
870 66 561
871 66 296
872 69 14
873 38 624
874 100 344
875 64 911
876 12 600
877 25 404
878 42 550
879 50 545
880 38 313
881 71 612
882 41 261
883 91 238
884 52 508
885 75 531
886 14 39
887 27 443
888 100 273
889 6 627
890 46 215
891 59 544
892 89 972
893 36 765
894 60 11
895 65 241
896 50 253
897 27 309
898 29 718
899 79 986
900 61 45
901 12 237
902 96 726
903 32 735
904 8 141
905 84 464
906 23 147
907 66 173
908 30 184
909 90 490
910 4 170
911 28 756
912 91 908
913 63 193
914 79 20
915 36 562
916 46 66
917 99 246
918 82 50
919 66 429
920 93 817
921 61 985
922 48 349
923 53 332
924 69 991
925 29 747
926 21 224
927 79 963
928 75 389
929 27 826
930 89 816
931 82 906
932 14 72
933 44 41
934 19 142
935 9 830
936 60 949
937 57 961
938 48 129
939 85 419
940 20 805
941 52 696
942 69 333
943 60 467
944 11 70
945 10 3
946 84 592
947 53 662
948 38 739
949 76 612
950 82 192
951 78 647
952 93 637
953 1 352
954 33 136
955 76 49
956 22 951
957 57 425
958 21 554
959 84 376
960 2 338
961 11 887
962 77 936
963 80 292
964 50 186
965 81 91
966 26 168
967 12 882
968 46 225
969 52 716
970 10 827
971 12 517
972 14 272
973 68 813
974 94 469
975 59 71
976 81 325
977 97 431
978 2 515
979 99 148
980 35 395
981 25 472
982 74 973
983 61 597
984 14 577
985 79 173
986 29 725
987 21 99
988 50 267
989 80 391
990 51 631
991 10 531
992 44 104
993 37 572
994 2 565
995 91 189
996 86 445
997 33 235
998 74 471
999 8 368
1000 43 568
1001 53 981
1002 23 723
1003 38 512
1004 63 281
1005 64 121
1006 74 947
1007 13 969
1008 11 947
1009 78 262
1010 15 440
1011 30 891
1012 37 373
1013 2 867
1014 40 832
1015 93 877
1016 48 947
1017 37 862
1018 88 213
1019 75 411
1020 80 286
1021 24 46
1022 32 913
1023 71 949
1024 49 143
1025 52 993
1026 23 380
1027 61 156
1028 91 717
1029 12 702
1030 93 55
1031 62 69
1032 5 520
1033 59 481
1034 8 710
1035 67 390
1036 17 575
1037 45 860
1038 93 30
1039 74 680
1040 72 302
1041 59 320
1042 40 259
1043 69 422
1044 77 204
1045 48 262
1046 28 126
1047 67 825
1048 82 403
1049 72 173
1050 65 628
1051 86 884
1052 80 727
1053 83 333
1054 69 385
1055 43 681
1056 16 395
1057 92 854
1058 50 827
1059 8 676
1060 44 30
1061 66 535
1062 32 551
1063 93 237
1064 58 680
1065 42 152
1066 29 914
1067 27 260
1068 41 669
1069 2 489
1070 56 445
1071 49 287
1072 24 369
1073 40 769
1074 59 778
1075 93 927
1076 23 345
1077 84 404
1078 41 275
1079 5 291
1080 89 749
1081 49 278
1082 25 652
1083 86 343
1084 65 303
1085 97 45
1086 1 921
1087 77 117
1088 29 198
1089 17 820
1090 10 397
1091 89 906
1092 24 110
1093 28 691
1094 64 512
1095 3 569
1096 18 177
1097 48 613
1098 71 361
1099 83 386
1100 65 987
1101 10 104
1102 5 346
1103 25 378
1104 94 378
1105 13 412
1106 16 938
1107 86 402
1108 25 597
1109 4 891
1110 19 826
1111 70 802
1112 77 800
1113 10 457
1114 60 991
1115 1 931
1116 28 215
1117 78 802
1118 47 643
1119 97 980
1120 14 328
1121 60 497
1122 93 332
1123 18 264
1124 100 230
1125 63 129
1126 14 535
1127 13 834
1128 73 114
1129 80 14
1130 69 391
1131 98 250
1132 31 301
1133 24 636
1134 61 848
1135 38 448
1136 27 139
1137 6 509
1138 96 908
1139 2 198
1140 66 445
1141 98 697
1142 52 474
1143 15 495
1144 92 822
1145 20 72
1146 14 254
1147 25 137
1148 15 677
1149 41 514
1150 87 247
1151 8 492
1152 99 810
1153 45 671
1154 78 307
1155 60 185
1156 79 464
1157 9 663
1158 99 760
1159 50 151
1160 22 476
1161 56 45
1162 100 109
1163 5 500
1164 11 951
1165 68 527
1166 52 481
1167 57 509
1168 3 809
1169 98 733
1170 80 240
1171 67 840
1172 57 670
1173 90 254
1174 10 598
1175 23 737
1176 18 815
1177 55 102
1178 85 986
1179 10 390
1180 38 689
1181 19 498
1182 8 440
1183 56 238
1184 31 668
1185 57 733
1186 91 814
1187 42 418
1188 12 859
1189 44 24
1190 86 973
1191 35 755
1192 90 446
1193 73 286
1194 93 443
1195 14 890
1196 95 721
1197 88 263
1198 40 975
1199 59 213
1200 88 183
1201 80 248
1202 34 410
1203 20 468
1204 61 712
1205 11 201
1206 11 74
1207 16 181
1208 81 426
1209 50 283
1210 51 599
1211 10 541
1212 16 604
1213 17 804
1214 93 287
1215 61 656
1216 81 472
1217 13 636
1218 63 375
1219 75 304
1220 9 118
1221 55 968
1222 12 467
1223 53 557
1224 1 940
1225 26 800
1226 44 106
1227 30 718
1228 96 36
1229 86 197
1230 77 945
1231 75 789
1232 90 464
1233 23 278
1234 21 987
1235 65 97
1236 66 166
1237 14 281
1238 7 338
1239 70 318
1240 88 631
1241 1 663
1242 4 52
1243 47 587
1244 89 788
1245 52 292
1246 70 66
1247 36 543
1248 27 307
1249 9 747
1250 90 231
1251 46 751
1252 66 235
1253 33 568
1254 22 228
1255 18 236
1256 21 63
1257 69 287
1258 10 461
1259 29 163
1260 66 877
1261 44 656
1262 1 666
1263 32 972
1264 73 976
1265 88 480
1266 1 914
1267 12 706
1268 77 875
1269 69 423
1270 91 74
1271 65 406
1272 99 630
1273 53 949
1274 89 990
1275 78 421
1276 70 14
1277 2 447
1278 86 377
1279 9 825
1280 21 484
1281 44 471
1282 33 460
1283 96 59
1284 69 229
1285 67 797
1286 55 911
1287 71 298
1288 64 64
1289 70 207
1290 39 644
1291 45 354
1292 46 52
1293 86 314
1294 12 137
1295 18 252
1296 23 747
1297 24 664
1298 51 12
1299 99 828
1300 61 399
1301 14 425
1302 13 557
1303 36 663
1304 38 778
1305 4 996
1306 11 996
1307 3 224
1308 49 485
1309 44 231
1310 58 645
1311 36 471
1312 74 246
1313 29 295
1314 21 34
1315 7 293
1316 51 121
1317 53 6
1318 40 912
1319 44 672
1320 51 335
1321 65 453
1322 93 570
1323 59 271
1324 60 476
1325 41 623
1326 60 122
1327 67 615
1328 95 397
1329 30 854
1330 73 690
1331 26 265
1332 64 517
1333 69 557
1334 3 206
1335 24 477
1336 32 313
1337 19 802
1338 82 172
1339 80 627
1340 90 909
1341 54 363
1342 16 718
1343 19 138
1344 86 477
1345 12 391
1346 49 401
1347 73 302
1348 17 775
1349 56 43
1350 3 691
1351 76 848
1352 13 947
1353 52 939
1354 81 817
1355 85 285
1356 38 899
1357 74 519
1358 6 406
1359 72 990
1360 11 171
1361 97 418
1362 46 925
1363 33 294
1364 73 645
1365 84 886
1366 20 770
1367 12 690
1368 79 403
1369 86 704
1370 5 425
1371 66 963
1372 78 950
1373 56 37
1374 97 297
1375 62 175
1376 76 957
1377 49 778
1378 30 784
1379 41 725
1380 96 568
1381 69 693
1382 76 299
1383 29 133
1384 48 782
1385 63 979
1386 75 98
1387 65 521
1388 88 629
1389 16 673
1390 56 717
1391 57 946
1392 35 18
1393 39 882
1394 87 797
1395 59 755
1396 72 116
1397 19 410
1398 5 324
1399 29 806
1400 24 319
1401 79 445
1402 46 683
1403 80 4
1404 20 951
1405 18 970
1406 61 416
1407 53 955
1408 5 235
1409 58 92
1410 80 900
1411 44 652
1412 100 400
1413 12 447
1414 2 891
1415 58 747
1416 78 340
1417 86 535
1418 2 758
1419 85 12
1420 38 950
1421 12 529
1422 5 677
1423 51 33
1424 31 366
1425 53 516
1426 92 81
1427 60 728
1428 52 41
1429 31 249
1430 57 920
1431 70 6
1432 32 47
1433 10 764
1434 14 215
1435 25 906
1436 71 572
1437 94 159
1438 10 468
1439 25 754
1440 97 193
1441 79 398
1442 31 8
1443 49 969
1444 80 615
1445 28 640
1446 95 766
1447 31 775
1448 25 770
1449 14 575
1450 14 66
1451 81 597
1452 51 50
1453 89 758
1454 27 888
1455 3 950
1456 36 313
1457 55 431
1458 61 412
1459 59 806
1460 38 70
1461 89 29
1462 36 272
1463 38 714
1464 91 319
1465 2 639
1466 25 360
1467 87 166
1468 2 684
1469 49 61
1470 78 170
1471 17 876
1472 91 131
1473 100 538
1474 80 370
1475 71 624
1476 25 90
1477 23 136
1478 91 30
1479 85 747
1480 64 481
1481 91 38
1482 78 219
1483 15 137
1484 77 475
1485 17 244
1486 3 938
1487 78 544
1488 70 348
1489 3 638
1490 35 120
1491 33 609
1492 4 506
1493 62 133
1494 95 79
1495 28 764
1496 86 786
1497 98 429
1498 14 908
1499 4 579
1500 75 16
1501 75 267
1502 22 456
1503 85 612
1504 40 938
1505 66 255
1506 33 398
1507 54 164
1508 72 342
1509 32 661
1510 14 994
1511 15 359
1512 29 765
1513 74 394
1514 56 883
1515 62 112
1516 21 215
1517 37 145
1518 61 781
1519 24 582
1520 41 782
1521 64 603
1522 46 165
1523 79 833
1524 92 871
1525 17 852
1526 2 529
1527 38 477
1528 60 90
1529 64 159
1530 35 974
1531 55 697
1532 89 998
1533 2 792
1534 43 871
1535 31 54
1536 99 564
1537 82 935
1538 38 853
1539 65 363
1540 25 718
1541 96 520
1542 47 225
1543 97 413
1544 16 895
1545 23 721
1546 78 919
1547 63 997
1548 98 205
1549 47 84
1550 66 843
1551 62 328
1552 7 612
1553 100 116
1554 68 91
1555 57 696
1556 12 89
1557 64 695
1558 36 231
1559 36 755
1560 18 218
1561 17 611
1562 77 684
1563 40 282
1564 49 755
1565 63 577
1566 33 260
1567 87 113
1568 67 662
1569 67 250
1570 61 743
1571 32 713
1572 93 904
1573 34 464
1574 25 924
1575 89 344
1576 17 955
1577 49 886
1578 24 574
1579 74 293
1580 43 779
1581 40 98
1582 41 962
1583 44 162
1584 55 318
1585 84 500
1586 34 22
1587 38 436
1588 69 630
1589 38 992
1590 3 39
1591 16 552
1592 43 149
1593 64 259
1594 33 953
1595 15 564
1596 67 60
1597 25 850
1598 69 707
1599 49 621
1600 14 517
1601 71 119
1602 90 226
1603 37 108
1604 89 878
1605 80 249
1606 61 838
1607 99 832
1608 30 602
1609 87 194
1610 23 8
1611 24 163
1612 60 1000
1613 14 583
1614 70 962
1615 43 981
1616 13 41
1617 42 777
1618 14 929
1619 11 878
1620 22 580
1621 29 839
1622 1 874
1623 16 886
1624 8 623
1625 59 76
1626 78 465
1627 11 285
1628 44 176
1629 59 949
1630 35 970
1631 80 373
1632 83 48
1633 93 244
1634 36 627
1635 27 856
1636 9 985
1637 3 26
1638 10 261
1639 98 235
1640 94 327
1641 10 845
1642 69 950
1643 20 319
1644 82 334
1645 42 107
1646 65 498
1647 99 416
1648 75 979
1649 49 418
1650 24 672
1651 39 405
1652 92 119
1653 51 904
1654 70 482
1655 24 441
1656 92 601
1657 3 466
1658 88 425
1659 85 577
1660 84 668
1661 90 574
1662 81 120
1663 77 180
1664 61 451
1665 18 894
1666 49 39
1667 65 137
1668 53 704
1669 87 52
1670 95 745
1671 7 455
1672 56 613
1673 2 461
1674 44 844
1675 80 633
1676 76 221
1677 74 377
1678 90 736
1679 36 586
1680 63 384
1681 51 320
1682 46 200
1683 100 48
1684 50 943
1685 5 837
1686 51 853
1687 15 101
1688 62 222
1689 4 264
1690 63 863
1691 68 849
1692 14 277
1693 29 725
1694 70 856
1695 88 48
1696 48 822
1697 97 857
1698 53 604
1699 5 36
1700 47 161
1701 17 145
1702 67 765
1703 78 570
1704 100 873
1705 35 352
1706 25 956
1707 93 212
1708 62 771
1709 70 479
1710 64 921
1711 63 313
1712 40 149
1713 86 990
1714 39 874
1715 11 879
1716 74 54
1717 93 698
1718 80 55
1719 57 440
1720 54 883
1721 2 991
1722 86 661
1723 77 545
1724 70 699
1725 76 603
1726 38 114
1727 14 923
1728 75 297
1729 73 53
1730 100 436
1731 33 929
1732 91 777
1733 63 959
1734 88 944
1735 46 32
1736 7 893
1737 88 240
1738 87 803
1739 23 390
1740 78 412
1741 15 29
1742 98 811
1743 18 603
1744 46 499
1745 44 370
1746 30 328
1747 45 918
1748 86 743
1749 23 916
1750 53 763
1751 9 947
1752 29 522
1753 41 474
1754 54 699
1755 69 43
1756 4 981
1757 1 488
1758 33 973
1759 90 635
1760 33 534
1761 16 818
1762 98 724
1763 54 25
1764 13 316
1765 78 211
1766 91 750
1767 56 411
1768 11 482
1769 27 100
1770 68 144
1771 13 288
1772 7 931
1773 92 909
1774 64 167
1775 15 883
1776 57 756
1777 99 993
1778 35 348
1779 23 383
1780 27 465
1781 16 633
1782 59 573
1783 68 434
1784 47 65
1785 57 921
1786 43 947
1787 64 486
1788 6 336
1789 36 448
1790 9 466
1791 86 22
1792 63 829
1793 43 854
1794 62 691
1795 40 327
1796 15 542
1797 9 135
1798 70 432
1799 54 876
1800 45 323
1801 14 571
1802 5 383
1803 37 456
1804 48 14
1805 59 202
1806 2 439
1807 32 698
1808 68 242
1809 52 558
1810 71 381
1811 52 458
1812 33 403
1813 46 877
1814 94 748
1815 70 16
1816 61 575
1817 1 90
1818 16 642
1819 40 96
1820 60 1000
1821 3 842
1822 67 987
1823 1 295
1824 75 35
1825 36 162
1826 65 513
1827 6 550
1828 67 503
1829 18 954
1830 65 687
1831 44 657
1832 97 343
1833 1 758
1834 4 516
1835 30 311
1836 16 272
1837 8 559
1838 39 337
1839 12 26
1840 74 457
1841 13 70
1842 66 926
1843 9 847
1844 28 460
1845 11 919
1846 15 959
1847 60 643
1848 14 384
1849 99 981
1850 86 919
1851 57 255
1852 54 491
1853 41 575
1854 27 777
1855 63 560
1856 20 368
1857 20 396
1858 5 9
1859 30 580
1860 60 92
1861 34 967
1862 73 651
1863 9 571
1864 5 78
1865 76 983
1866 69 630
1867 58 573
1868 5 310
1869 62 678
1870 66 523
1871 77 767
1872 60 456
1873 64 836
1874 10 517
1875 80 622
1876 64 932
1877 67 418
1878 66 780
1879 82 130
1880 72 719
1881 31 378
1882 18 855
1883 14 978
1884 20 772
1885 75 423
1886 13 748
1887 28 637
1888 79 990
1889 60 923
1890 60 744
1891 75 786
1892 39 810
1893 39 687
1894 71 215
1895 24 189
1896 65 533
1897 29 972
1898 1 131
1899 83 6
1900 2 680
1901 40 501
1902 8 290
1903 53 520
1904 54 625
1905 1 306
1906 3 806
1907 78 639
1908 97 405
1909 26 299
1910 92 87
1911 36 22
1912 93 218
1913 81 489
1914 13 326
1915 57 839
1916 86 591
1917 51 445
1918 90 927
1919 35 409
1920 38 391
1921 36 672
1922 70 486
1923 40 879
1924 57 436
1925 80 721
1926 4 727
1927 40 10
1928 63 988
1929 81 172
1930 63 279
1931 68 939
1932 27 782
1933 81 127
1934 2 904
1935 36 17
1936 7 214
1937 100 552
1938 39 723
1939 7 624
1940 16 427
1941 92 211
1942 93 307
1943 57 897
1944 66 850
1945 93 109
1946 9 591
1947 1 495
1948 41 51
1949 49 690
1950 86 700
1951 44 834
1952 57 336
1953 99 778
1954 3 104
1955 95 658
1956 26 588
1957 88 598
1958 36 980
1959 1 221
1960 94 788
1961 36 761
1962 11 311
1963 56 417
1964 10 715
1965 95 26
1966 39 448
1967 65 849
1968 80 184
1969 15 653
1970 71 298
1971 38 830
1972 55 162
1973 11 202
1974 60 406
1975 40 721
1976 50 719
1977 35 343
1978 55 918
1979 84 332
1980 9 362
1981 74 961
1982 64 460
1983 90 526
1984 100 445
1985 9 637
1986 37 912
1987 42 650
1988 85 760
1989 29 765
1990 53 857
1991 91 866
1992 22 74
1993 66 477
1994 8 995
1995 1 593
1996 77 980
1997 41 183
1998 88 235
1999 57 129
2000 59 319
252903.0
