1000
1 84 959
2 60 277
3 35 263
4 7 684
5 73 972
6 94 858
7 16 910
8 64 839
9 34 711
10 21 599
11 11 320
12 97 189
13 20 376
14 87 280
15 24 994
16 53 53
17 21 352
18 61 715
19 31 955
20 7 287
21 36 925
22 1 972
23 90 969
24 64 335
25 29 192
26 98 881
27 61 673
28 90 553
29 26 921
30 98 365
31 31 855
32 60 158
33 38 418
34 46 919
35 47 525
36 53 550
37 76 597
38 100 842
39 84 797
40 43 51
41 48 590
42 70 726
43 95 873
44 52 404
45 46 988
46 84 269
47 41 812
48 91 733
49 60 621
50 59 318
51 43 129
52 92 107
53 19 585
54 81 810
55 72 300
56 45 801
57 87 479
58 85 549
59 68 405
60 70 881
61 37 734
62 38 377
63 37 113
64 82 36
65 81 196
66 23 920
67 1 289
68 46 845
69 39 626
70 48 728
71 27 807
72 40 905
73 1 386
74 4 4
75 98 10
76 50 646
77 52 182
78 55 325
79 64 880
80 47 591
81 34 664
82 11 400
83 76 211
84 66 678
85 8 861
86 65 979
87 87 993
88 40 959
89 81 112
90 21 217
91 65 636
92 31 429
93 5 973
94 75 37
95 85 447
96 71 611
97 18 560
98 24 297
99 62 728
100 27 593
101 69 492
102 23 23
103 61 466
104 93 23
105 45 92
106 75 631
107 14 67
108 96 18
109 45 569
110 94 609
111 84 156
112 36 490
113 41 590
114 78 868
115 78 964
116 91 653
117 98 510
118 17 407
119 11 35
120 13 507
121 19 821
122 65 739
123 90 827
124 62 823
125 9 979
126 36 366
127 40 311
128 99 113
129 88 11
130 30 311
131 10 402
132 25 307
133 84 738
134 85 383
135 63 177
136 76 662
137 47 367
138 56 955
139 42 864
140 13 990
141 69 487
142 84 779
143 4 62
144 58 752
145 96 979
146 94 11
147 86 975
148 69 137
149 85 587
150 96 153
151 25 960
152 49 475
153 42 805
154 37 624
155 72 837
156 39 333
157 43 624
158 92 357
159 84 217
160 25 548
161 69 466
162 60 849
163 50 353
164 45 190
165 73 892
166 74 777
167 64 833
168 65 523
169 52 691
170 40 929
171 43 292
172 13 645
173 64 227
174 25 103
175 86 93
176 5 587
177 12 921
178 78 525
179 1 325
180 52 37
181 7 463
182 58 923
183 48 283
184 18 560
185 74 653
186 11 168
187 52 58
188 63 161
189 71 795
190 21 662
191 83 364
192 48 650
193 43 308
194 69 572
195 23 435
196 21 227
197 89 121
198 4 316
199 76 516
200 90 516
201 66 980
202 53 362
203 51 625
204 96 37
205 25 722
206 32 145
207 32 11
208 12 359
209 70 610
210 63 515
211 11 142
212 41 6
213 66 969
214 26 418
215 46 814
216 48 739
217 49 992
218 48 504
219 1 484
220 86 620
221 16 629
222 2 996
223 73 214
224 12 751
225 79 523
226 79 913
227 16 524
228 38 553
229 92 214
230 34 225
231 73 465
232 64 971
233 40 270
234 53 848
235 93 161
236 81 869
237 37 433
238 82 50
239 100 386
240 28 612
241 80 673
242 4 941
243 90 587
244 21 604
245 86 784
246 22 40
247 34 425
248 45 8
249 71 34
250 2 657
251 85 745
252 98 594
253 48 850
254 16 109
255 100 533
256 71 450
257 40 714
258 84 451
259 2 497
260 6 490
261 8 871
262 71 150
263 58 747
264 13 996
265 70 617
266 77 837
267 87 789
268 55 274
269 37 830
270 31 323
271 84 296
272 86 811
273 7 686
274 65 588
275 97 471
276 83 664
277 61 432
278 43 387
279 16 284
280 31 209
281 44 303
282 52 629
283 35 276
284 2 494
285 98 678
286 67 952
287 63 523
288 65 287
289 38 358
290 27 895
291 16 628
292 14 799
293 24 339
294 2 141
295 49 154
296 26 776
297 6 987
298 98 845
299 20 418
300 51 627
301 65 201
302 80 389
303 64 932
304 24 722
305 6 40
306 48 741
307 43 433
308 89 916
309 60 687
310 29 832
311 41 921
312 33 991
313 77 97
314 62 642
315 79 227
316 17 662
317 90 355
318 74 933
319 21 215
320 15 341
321 47 191
322 43 244
323 66 206
324 38 135
325 72 494
326 55 700
327 5 191
328 94 90
329 39 937
330 22 769
331 24 104
332 63 937
333 83 67
334 99 359
335 4 117
336 61 769
337 29 79
338 55 762
339 49 279
340 22 697
341 46 591
342 47 220
343 2 955
344 9 572
345 83 908
346 57 198
347 82 800
348 35 618
349 42 88
350 29 597
351 24 470
352 25 469
353 72 686
354 50 656
355 46 105
356 60 26
357 64 277
358 6 705
359 5 228
360 81 447
361 52 155
362 42 48
363 40 916
364 63 213
365 53 966
366 56 824
367 47 930
368 78 728
369 20 639
370 55 909
371 36 405
372 15 643
373 51 784
374 83 502
375 84 783
376 45 795
377 9 993
378 60 388
379 91 586
380 77 66
381 57 34
382 92 481
383 99 824
384 69 793
385 15 245
386 92 910
387 85 876
388 93 801
389 48 884
390 12 669
391 80 311
392 99 942
393 81 226
394 43 787
395 72 893
396 57 946
397 63 215
398 52 694
399 61 306
400 51 300
401 2 599
402 16 748
403 73 377
404 24 803
405 24 656
406 8 593
407 29 459
408 11 35
409 16 989
410 8 548
411 7 530
412 7 167
413 36 910
414 68 49
415 69 955
416 81 756
417 29 839
418 20 119
419 16 849
420 30 864
421 15 18
422 68 235
423 6 257
424 60 376
425 54 412
426 54 949
427 88 902
428 37 5
429 58 838
430 30 382
431 81 449
432 56 236
433 65 755
434 1 537
435 6 329
436 83 648
437 56 431
438 95 322
439 19 704
440 81 608
441 12 777
442 29 642
443 100 49
444 19 969
445 62 201
446 26 161
447 73 520
448 29 651
449 2 79
450 43 682
451 73 877
452 66 149
453 9 288
454 41 18
455 9 386
456 43 499
457 52 396
458 41 735
459 70 237
460 91 800
461 34 390
462 51 728
463 84 96
464 72 972
465 95 297
466 9 702
467 58 904
468 82 159
469 77 713
470 27 842
471 3 151
472 36 902
473 71 588
474 17 902
475 82 760
476 88 153
477 84 452
478 63 920
479 100 152
480 89 704
481 86 855
482 58 353
483 80 365
484 62 972
485 58 785
486 11 237
487 80 938
488 84 501
489 22 881
490 13 79
491 77 341
492 45 280
493 6 367
494 16 49
495 42 184
496 35 210
497 3 797
498 72 847
499 44 596
500 67 46
501 4 842
502 97 70
503 100 719
504 69 193
505 1 605
506 4 559
507 75 675
508 25 621
509 35 694
510 30 942
511 23 8
512 13 692
513 8 778
514 65 364
515 39 294
516 61 604
517 33 487
518 1 495
519 64 798
520 44 152
521 100 99
522 16 897
523 34 744
524 26 247
525 28 881
526 44 920
527 16 445
528 69 209
529 98 299
530 36 141
531 99 257
532 92 69
533 64 70
534 77 108
535 3 314
536 81 134
537 74 796
538 21 925
539 71 569
540 16 292
541 93 483
542 61 447
543 78 838
544 33 623
545 26 435
546 58 207
547 31 274
548 13 605
549 88 679
550 30 281
551 83 55
552 63 804
553 27 541
554 64 127
555 2 883
556 88 566
557 32 361
558 64 453
559 12 329
560 89 320
561 67 170
562 65 18
563 55 408
564 26 481
565 24 823
566 26 86
567 40 82
568 85 328
569 9 516
570 44 206
571 87 895
572 76 808
573 11 189
574 2 321
575 54 133
576 27 793
577 98 705
578 52 921
579 84 514
580 28 876
581 21 940
582 26 473
583 47 872
584 46 973
585 24 724
586 82 689
587 75 806
588 96 614
589 7 8
590 39 516
591 82 909
592 72 246
593 77 115
594 75 955
595 75 709
596 93 857
597 68 22
598 30 904
599 100 979
600 93 556
601 39 527
602 9 39
603 12 605
604 83 802
605 97 891
606 59 839
607 20 130
608 49 624
609 38 197
610 76 366
611 77 948
612 21 901
613 24 743
614 45 478
615 70 953
616 53 3
617 93 65
618 71 246
619 67 878
620 45 882
621 9 621
622 5 544
623 50 44
624 68 4
625 62 369
626 50 737
627 69 827
628 79 205
629 50 805
630 79 318
631 14 4
632 54 185
633 53 266
634 88 228
635 52 80
636 6 575
637 73 402
638 81 128
639 4 47
640 41 337
641 4 245
642 90 357
643 34 544
644 92 920
645 18 988
646 37 202
647 86 698
648 63 909
649 89 920
650 44 50
651 90 807
652 8 146
653 42 526
654 10 906
655 8 953
656 14 233
657 11 521
658 69 768
659 78 850
660 7 335
661 12 910
662 59 572
663 27 75
664 2 668
665 53 433
666 100 40
667 15 118
668 27 126
669 12 830
670 87 869
671 41 26
672 5 329
673 79 60
674 70 806
675 76 193
676 30 634
677 4 370
678 73 468
679 62 355
680 68 56
681 15 28
682 99 963
683 92 365
684 57 921
685 16 182
686 81 666
687 14 120
688 83 374
689 9 262
690 87 526
691 95 632
692 76 152
693 26 855
694 5 651
695 72 595
696 89 463
697 71 458
698 71 806
699 15 382
700 50 608
701 98 102
702 54 91
703 91 390
704 76 40
705 6 563
706 57 670
707 9 508
708 91 689
709 6 409
710 56 703
711 21 205
712 56 279
713 25 953
714 24 605
715 10 552
716 75 552
717 21 250
718 37 462
719 52 436
720 20 811
721 56 353
722 23 530
723 70 461
724 64 56
725 92 437
726 7 294
727 73 290
728 99 615
729 8 939
730 92 512
731 87 862
732 44 81
733 89 813
734 11 103
735 68 215
736 24 415
737 55 140
738 38 119
739 36 541
740 1 608
741 91 581
742 33 248
743 97 858
744 80 323
745 56 709
746 42 418
747 33 721
748 48 975
749 27 403
750 96 531
751 2 680
752 79 588
753 40 680
754 2 393
755 99 664
756 66 201
757 19 610
758 76 61
759 20 255
760 100 43
761 37 559
762 71 142
763 45 214
764 12 306
765 30 836
766 17 524
767 90 772
768 87 367
769 42 907
770 84 923
771 30 147
772 64 42
773 19 400
774 38 992
775 35 509
776 38 196
777 62 354
778 11 567
779 56 727
780 90 835
781 11 182
782 89 540
783 17 647
784 80 673
785 43 600
786 10 76
787 52 167
788 51 676
789 91 244
790 49 635
791 41 136
792 56 957
793 44 87
794 54 133
795 71 298
796 11 717
797 98 475
798 33 284
799 9 22
800 55 42
801 76 971
802 84 836
803 70 370
804 66 388
805 30 925
806 32 744
807 23 706
808 23 771
809 40 531
810 57 612
811 1 560
812 11 703
813 19 679
814 13 228
815 93 768
816 87 426
817 46 851
818 46 840
819 93 892
820 37 19
821 64 980
822 93 30
823 42 494
824 81 878
825 40 593
826 49 639
827 11 493
828 93 754
829 23 416
830 92 806
831 55 70
832 30 715
833 88 599
834 21 576
835 46 62
836 79 502
837 60 995
838 33 925
839 57 621
840 95 314
841 59 619
842 38 284
843 20 637
844 35 427
845 4 936
846 55 395
847 93 495
848 86 102
849 26 74
850 92 95
851 28 671
852 62 76
853 4 88
854 98 250
855 78 944
856 11 993
857 88 406
858 62 643
859 55 631
860 1 95
861 61 770
862 31 667
863 21 98
864 7 920
865 86 580
866 25 667
867 76 942
868 7 351
869 98 272
870 13 328
871 80 426
872 3 485
873 91 659
874 100 861
875 44 842
876 89 300
877 25 441
878 59 613
879 80 527
880 64 548
881 85 129
882 4 963
883 23 527
884 15 62
885 11 693
886 18 942
887 89 593
888 67 162
889 43 336
890 79 739
891 21 418
892 30 701
893 90 390
894 37 777
895 37 893
896 67 280
897 7 254
898 51 639
899 33 962
900 81 98
901 50 483
902 50 327
903 61 814
904 70 270
905 58 455
906 27 131
907 48 407
908 31 186
909 10 508
910 83 423
911 13 329
912 19 20
913 97 794
914 76 801
915 74 745
916 26 468
917 45 80
918 71 428
919 77 216
920 79 697
921 20 852
922 3 328
923 18 832
924 100 19
925 92 987
926 48 164
927 42 161
928 72 552
929 33 189
930 84 287
931 5 599
932 88 791
933 84 394
934 6 266
935 78 158
936 89 979
937 38 247
938 68 955
939 74 285
940 87 28
941 12 556
942 22 148
943 76 939
944 8 49
945 91 769
946 69 915
947 27 755
948 2 639
949 88 268
950 3 555
951 60 145
952 11 782
953 9 965
954 85 199
955 83 396
956 27 603
957 53 926
958 43 852
959 100 305
960 59 276
961 44 587
962 82 867
963 35 993
964 87 466
965 59 9
966 55 830
967 17 866
968 66 525
969 95 692
970 40 975
971 29 226
972 45 861
973 52 807
974 79 143
975 92 43
976 13 240
977 74 693
978 3 365
979 57 460
980 89 998
981 5 229
982 13 461
983 38 250
984 2 865
985 22 547
986 81 573
987 34 868
988 24 301
989 31 278
990 90 365
991 27 580
992 52 431
993 4 197
994 100 223
995 63 483
996 64 978
997 39 106
998 11 816
999 97 481
1000 32 453
128028.5
