6000
1 66 54
2 65 941
3 43 11
4 59 442
5 9 182
6 27 305
7 37 658
8 70 362
9 52 545
10 64 425
11 5 569
12 64 939
13 80 857
14 59 592
15 37 170
16 41 375
17 95 232
18 67 165
19 49 991
20 62 733
21 9 813
22 51 102
23 32 143
24 51 945
25 86 848
26 86 998
27 95 277
28 24 694
29 97 804
30 79 929
31 65 386
32 75 79
33 75 815
34 36 467
35 96 750
36 6 103
37 80 769
38 43 178
39 87 838
40 39 526
41 30 228
42 32 116
43 38 88
44 6 394
45 100 932
46 8 696
47 57 766
48 18 263
49 24 134
50 7 47
51 67 416
52 86 752
53 20 55
54 64 838
55 82 162
56 33 745
57 18 611
58 1 251
59 69 589
60 50 376
61 47 260
62 84 462
63 41 205
64 73 266
65 35 835
66 63 8
67 36 641
68 74 51
69 78 386
70 98 617
71 86 871
72 14 703
73 95 222
74 51 490
75 96 272
76 2 454
77 93 84
78 82 838
79 5 149
80 85 8
81 55 423
82 3 937
83 44 277
84 79 628
85 79 79
86 11 814
87 56 895
88 6 488
89 100 454
90 10 147
91 6 423
92 7 720
93 81 554
94 65 242
95 37 459
96 72 109
97 94 453
98 40 505
99 64 417
100 48 135
101 61 835
102 72 86
103 98 37
104 100 160
105 64 382
106 82 73
107 38 893
108 49 935
109 4 226
110 71 737
111 71 116
112 22 318
113 1 22
114 7 444
115 11 482
116 78 144
117 94 62
118 26 30
119 50 846
120 7 380
121 93 790
122 7 707
123 89 766
124 30 865
125 5 277
126 96 188
127 69 285
128 34 732
129 6 61
130 33 970
131 76 214
132 39 14
133 61 583
134 18 517
135 10 367
136 39 997
137 78 680
138 18 798
139 50 821
140 6 179
141 33 133
142 8 598
143 87 402
144 76 757
145 29 515
146 73 458
147 65 496
148 11 609
149 28 691
150 41 643
151 59 377
152 54 847
153 58 56
154 62 990
155 55 946
156 40 72
157 8 745
158 18 269
159 61 198
160 4 240
161 38 339
162 71 461
163 41 702
164 24 544
165 63 328
166 95 822
167 42 437
168 47 482
169 77 318
170 72 432
171 55 700
172 92 690
173 36 857
174 11 396
175 79 171
176 2 875
177 52 16
178 74 554
179 34 266
180 87 953
181 47 972
182 75 410
183 57 254
184 9 619
185 41 566
186 20 208
187 76 861
188 6 246
189 54 814
190 92 356
191 71 806
192 66 355
193 69 729
194 61 29
195 34 486
196 65 75
197 98 602
198 33 143
199 85 931
200 92 678
201 10 903
202 13 979
203 11 474
204 16 621
205 53 502
206 38 284
207 3 886
208 48 19
209 97 695
210 89 891
211 90 665
212 47 439
213 38 380
214 86 738
215 99 394
216 25 855
217 45 581
218 57 982
219 15 295
220 37 994
221 94 342
222 55 442
223 45 318
224 42 479
225 63 710
226 26 575
227 74 409
228 71 895
229 59 332
230 4 232
231 56 643
232 48 794
233 69 905
234 84 719
235 42 711
236 58 789
237 16 179
238 89 70
239 48 870
240 41 192
241 34 967
242 18 198
243 82 655
244 44 863
245 100 191
246 9 516
247 95 676
248 64 541
249 55 984
250 13 917
251 11 606
252 75 497
253 69 773
254 74 980
255 27 436
256 1 948
257 76 901
258 71 479
259 12 571
260 83 503
261 22 302
262 68 926
263 55 270
264 25 713
265 7 221
266 11 878
267 84 738
268 28 981
269 64 209
270 1 611
271 81 419
272 62 36
273 45 907
274 27 27
275 42 768
276 93 675
277 52 559
278 24 683
279 15 854
280 75 230
281 57 286
282 58 13
283 43 4
284 33 241
285 59 143
286 19 176
287 46 484
288 80 474
289 32 697
290 12 479
291 96 64
292 77 32
293 27 224
294 36 528
295 64 786
296 50 735
297 19 734
298 19 432
299 81 156
300 47 69
301 74 382
302 55 158
303 69 976
304 81 923
305 81 437
306 30 215
307 47 374
308 21 145
309 39 405
310 54 411
311 48 309
312 15 630
313 42 502
314 14 145
315 93 134
316 92 169
317 35 382
318 12 340
319 29 838
320 56 9
321 64 329
322 75 336
323 78 589
324 34 970
325 43 262
326 63 128
327 21 501
328 42 198
329 88 47
330 28 46
331 47 61
332 51 754
333 75 174
334 93 64
335 16 780
336 92 408
337 73 536
338 81 935
339 30 248
340 21 116
341 48 748
342 33 186
343 2 60
344 35 942
345 40 384
346 88 978
347 5 445
348 19 783
349 92 892
350 15 152
351 45 501
352 72 936
353 5 323
354 39 669
355 76 231
356 41 258
357 84 661
358 95 465
359 32 394
360 56 478
361 33 305
362 79 549
363 27 535
364 44 231
365 19 687
366 84 61
367 25 423
368 34 325
369 51 228
370 73 54
371 33 108
372 92 161
373 60 536
374 50 510
375 73 431
376 78 5
377 48 943
378 22 885
379 21 95
380 61 450
381 1 68
382 40 695
383 50 668
384 89 719
385 50 801
386 64 285
387 96 90
388 60 680
389 10 993
390 5 88
391 50 922
392 29 76
393 11 677
394 81 528
395 64 411
396 17 699
397 74 70
398 95 688
399 3 188
400 42 908
401 13 971
402 100 610
403 81 209
404 1 197
405 57 641
406 29 366
407 73 916
408 79 293
409 83 582
410 72 621
411 2 187
412 98 192
413 97 563
414 61 513
415 29 354
416 61 364
417 42 64
418 92 170
419 23 903
420 74 730
421 32 937
422 89 239
423 60 524
424 66 634
425 42 583
426 34 357
427 97 980
428 51 666
429 81 699
430 81 759
431 68 547
432 91 906
433 35 185
434 94 71
435 65 391
436 64 313
437 96 918
438 64 278
439 10 62
440 73 872
441 20 610
442 3 628
443 81 790
444 89 507
445 72 298
446 7 140
447 96 490
448 73 470
449 33 904
450 64 573
451 92 184
452 53 988
453 74 87
454 89 121
455 51 866
456 97 285
457 29 88
458 27 410
459 32 178
460 44 797
461 88 590
462 9 488
463 39 546
464 25 301
465 32 303
466 38 943
467 19 359
468 66 190
469 85 760
470 30 588
471 32 851
472 78 853
473 91 286
474 100 69
475 23 203
476 29 514
477 99 874
478 17 397
479 87 75
480 59 63
481 13 259
482 67 995
483 54 332
484 76 433
485 46 227
486 46 476
487 6 454
488 11 505
489 58 715
490 14 452
491 77 45
492 79 111
493 18 399
494 21 383
495 42 58
496 22 967
497 46 881
498 57 814
499 10 105
500 24 473
501 22 529
502 80 572
503 14 627
504 12 440
505 69 444
506 7 364
507 96 755
508 12 50
509 10 850
510 63 319
511 61 130
512 45 18
513 38 178
514 5 355
515 30 484
516 87 642
517 28 288
518 30 620
519 58 776
520 76 225
521 84 127
522 60 523
523 51 428
524 74 736
525 91 932
526 26 564
527 74 721
528 91 601
529 87 794
530 13 993
531 72 608
532 24 907
533 57 489
534 95 551
535 17 854
536 68 966
537 88 887
538 25 101
539 25 35
540 52 335
541 26 854
542 63 987
543 87 550
544 53 51
545 94 685
546 70 96
547 19 847
548 73 824
549 49 31
550 78 980
551 80 891
552 14 321
553 39 764
554 63 967
555 2 563
556 69 344
557 18 428
558 47 659
559 23 565
560 1 349
561 23 136
562 80 130
563 72 814
564 15 968
565 7 698
566 21 681
567 84 539
568 78 411
569 34 515
570 82 709
571 69 247
572 76 878
573 4 728
574 96 896
575 91 355
576 61 501
577 4 911
578 92 555
579 47 759
580 11 264
581 14 491
582 85 383
583 94 846
584 67 322
585 33 45
586 93 22
587 89 667
588 70 106
589 52 825
590 28 947
591 52 573
592 93 832
593 43 281
594 7 296
595 81 514
596 91 896
597 55 629
598 5 446
599 55 73
600 36 735
601 55 281
602 100 541
603 4 29
604 59 762
605 3 56
606 66 583
607 19 597
608 82 758
609 64 717
610 81 870
611 17 424
612 76 357
613 74 24
614 77 171
615 64 109
616 96 485
617 69 755
618 61 730
619 35 460
620 21 817
621 96 530
622 58 734
623 80 713
624 98 838
625 1 593
626 45 82
627 59 448
628 18 625
629 59 230
630 87 751
631 26 49
632 93 750
633 36 275
634 23 272
635 85 784
636 52 598
637 52 226
638 58 552
639 33 25
640 45 545
641 68 795
642 59 687
643 2 413
644 12 280
645 59 725
646 13 214
647 50 408
648 12 789
649 40 286
650 78 837
651 51 756
652 10 382
653 4 938
654 85 163
655 73 732
656 93 711
657 40 306
658 94 441
659 3 338
660 29 219
661 47 376
662 61 152
663 21 3
664 86 441
665 30 649
666 60 315
667 36 787
668 79 439
669 99 667
670 84 417
671 51 418
672 34 477
673 51 615
674 93 339
675 60 619
676 31 561
677 10 17
678 4 142
679 40 626
680 97 986
681 59 225
682 33 178
683 74 634
684 94 911
685 12 733
686 11 935
687 85 480
688 94 610
689 32 457
690 37 15
691 32 702
692 61 284
693 97 15
694 30 499
695 19 301
696 91 931
697 39 293
698 52 54
699 73 551
700 69 905
701 8 215
702 37 609
703 77 977
704 94 990
705 29 961
706 20 978
707 20 214
708 40 527
709 10 159
710 15 965
711 77 487
712 44 371
713 44 680
714 55 233
715 49 685
716 29 291
717 71 942
718 56 55
719 42 534
720 13 46
721 3 876
722 8 636
723 8 446
724 68 455
725 50 72
726 54 51
727 88 656
728 5 803
729 4 762
730 68 657
731 51 467
732 41 425
733 100 829
734 59 377
735 15 206
736 45 452
737 67 488
738 65 498
739 63 164
740 56 225
741 11 204
742 5 990
743 44 741
744 9 24
745 59 41
746 1 334
747 94 251
748 21 947
749 67 695
750 82 793
751 87 704
752 45 580
753 52 371
754 28 213
755 2 581
756 76 325
757 46 3
758 89 313
759 57 307
760 25 333
761 45 76
762 72 381
763 39 176
764 8 967
765 41 494
766 46 392
767 41 375
768 84 107
769 7 135
770 21 858
771 98 337
772 85 850
773 36 421
774 82 904
775 71 461
776 84 91
777 78 673
778 100 286
779 85 321
780 68 466
781 72 104
782 14 264
783 15 111
784 82 98
785 97 436
786 55 459
787 52 305
788 33 802
789 100 18
790 28 559
791 63 302
792 5 567
793 18 811
794 57 301
795 90 527
796 83 210
797 15 520
798 78 228
799 38 321
800 33 427
801 49 708
802 4 285
803 60 236
804 98 316
805 13 99
806 81 455
807 44 443
808 58 984
809 1 192
810 92 284
811 3 829
812 71 993
813 29 10
814 57 23
815 82 280
816 30 547
817 24 770
818 65 296
819 45 119
820 29 665
821 15 179
822 62 682
823 24 371
824 67 113
825 34 420
826 89 510
827 48 991
828 15 820
829 90 982
830 53 974
831 4 267
832 20 593
833 7 14
834 51 175
835 38 49
836 85 574
837 64 77
838 75 245
839 39 943
840 50 868
841 6 553
842 12 738
843 71 994
844 99 317
845 34 338
846 87 620
847 19 889
848 55 392
849 22 816
850 29 713
851 14 939
852 66 886
853 78 589
854 55 448
855 26 548
856 68 742
857 65 526
858 36 694
859 80 696
860 60 217
861 93 254
862 66 147
863 39 999
864 28 68
865 6 901
866 7 599
867 42 359
868 87 786
869 50 571
870 52 262
871 40 225
872 32 322
873 64 990
874 77 246
875 79 739
876 52 283
877 32 565
878 83 685
879 41 63
880 28 176
881 1 919
882 54 924
883 2 430
884 48 465
885 19 458
886 7 710
887 67 821
888 89 57
889 95 917
890 15 168
891 29 243
892 87 240
893 39 194
894 48 644
895 99 947
896 27 301
897 56 82
898 3 223
899 66 737
900 94 581
901 39 803
902 25 148
903 99 602
904 7 99
905 99 348
906 58 987
907 5 515
908 94 658
909 9 320
910 19 235
911 10 234
912 58 904
913 73 373
914 63 583
915 75 372
916 94 196
917 6 824
918 19 125
919 100 276
920 76 15
921 86 271
922 98 432
923 1 129
924 40 775
925 49 640
926 78 523
927 62 193
928 56 917
929 59 531
930 26 35
931 10 206
932 94 329
933 75 729
934 54 43
935 13 133
936 37 340
937 78 514
938 59 938
939 93 343
940 97 219
941 8 298
942 74 284
943 9 643
944 35 949
945 4 419
946 29 114
947 9 805
948 14 251
949 94 710
950 47 908
951 88 898
952 5 926
953 14 480
954 47 843
955 17 838
956 46 621
957 85 543
958 89 890
959 58 336
960 16 432
961 85 573
962 83 896
963 70 404
964 28 509
965 96 173
966 26 632
967 74 775
968 82 195
969 61 82
970 9 596
971 100 117
972 43 62
973 74 512
974 43 882
975 25 937
976 18 70
977 73 134
978 7 804
979 48 767
980 25 758
981 64 247
982 9 677
983 69 310
984 64 826
985 49 155
986 85 243
987 63 167
988 44 138
989 82 260
990 50 912
991 14 356
992 91 877
993 88 283
994 19 215
995 6 403
996 72 936
997 35 853
998 57 450
999 7 384
1000 66 672
1001 51 44
1002 28 882
1003 11 507
1004 92 509
1005 20 726
1006 10 700
1007 27 959
1008 62 310
1009 71 622
1010 50 151
1011 91 637
1012 2 647
1013 92 252
1014 71 854
1015 49 560
1016 71 911
1017 34 796
1018 54 523
1019 70 37
1020 42 189
1021 86 980
1022 93 895
1023 17 343
1024 70 480
1025 12 807
1026 79 95
1027 58 459
1028 85 370
1029 53 357
1030 39 304
1031 62 240
1032 6 607
1033 51 711
1034 77 160
1035 7 850
1036 41 960
1037 35 193
1038 41 708
1039 27 534
1040 74 273
1041 62 88
1042 93 265
1043 12 387
1044 18 689
1045 60 977
1046 83 586
1047 86 666
1048 70 193
1049 60 837
1050 72 512
1051 92 624
1052 78 240
1053 80 612
1054 41 183
1055 71 384
1056 53 930
1057 28 295
1058 65 764
1059 90 793
1060 30 962
1061 49 537
1062 28 707
1063 34 929
1064 47 876
1065 61 956
1066 3 533
1067 49 503
1068 61 686
1069 47 297
1070 59 880
1071 61 321
1072 89 745
1073 29 840
1074 11 604
1075 16 638
1076 58 570
1077 68 767
1078 70 260
1079 6 403
1080 100 672
1081 14 669
1082 42 595
1083 67 756
1084 53 143
1085 76 485
1086 25 257
1087 5 609
1088 66 8
1089 8 969
1090 15 394
1091 8 794
1092 49 645
1093 16 398
1094 13 931
1095 73 700
1096 30 87
1097 62 411
1098 76 508
1099 91 33
1100 95 790
1101 59 665
1102 58 409
1103 53 82
1104 62 929
1105 85 176
1106 4 164
1107 36 132
1108 11 761
1109 100 737
1110 73 389
1111 81 750
1112 92 117
1113 55 495
1114 16 596
1115 40 789
1116 31 386
1117 8 800
1118 51 8
1119 57 192
1120 36 771
1121 94 224
1122 98 360
1123 7 338
1124 22 11
1125 29 543
1126 72 109
1127 29 154
1128 72 36
1129 71 843
1130 19 269
1131 15 14
1132 93 600
1133 95 911
1134 45 439
1135 76 215
1136 94 72
1137 20 443
1138 40 933
1139 19 284
1140 2 969
1141 13 550
1142 79 405
1143 51 879
1144 21 451
1145 18 587
1146 40 573
1147 66 595
1148 25 719
1149 11 401
1150 60 388
1151 44 791
1152 100 389
1153 29 538
1154 91 101
1155 58 870
1156 43 125
1157 41 100
1158 83 514
1159 81 349
1160 94 36
1161 23 45
1162 1 444
1163 33 676
1164 51 987
1165 45 861
1166 47 400
1167 39 226
1168 55 131
1169 9 962
1170 99 800
1171 17 593
1172 41 375
1173 31 696
1174 59 269
1175 45 173
1176 50 370
1177 9 668
1178 15 955
1179 54 519
1180 41 470
1181 84 859
1182 88 879
1183 24 819
1184 49 171
1185 55 932
1186 58 432
1187 62 990
1188 91 487
1189 73 319
1190 49 836
1191 63 55
1192 87 114
1193 5 341
1194 26 157
1195 44 971
1196 37 940
1197 84 696
1198 56 839
1199 48 655
1200 35 155
1201 34 364
1202 28 832
1203 52 353
1204 53 715
1205 54 845
1206 95 544
1207 40 55
1208 88 918
1209 27 169
1210 85 235
1211 50 6
1212 1 948
1213 3 246
1214 96 351
1215 72 594
1216 43 898
1217 23 128
1218 6 360
1219 20 553
1220 54 525
1221 45 376
1222 99 706
1223 59 483
1224 11 416
1225 20 727
1226 67 132
1227 63 911
1228 39 956
1229 1 903
1230 9 531
1231 41 125
1232 33 245
1233 100 882
1234 91 238
1235 58 877
1236 87 909
1237 10 532
1238 94 585
1239 39 526
1240 34 752
1241 89 789
1242 8 548
1243 93 812
1244 22 671
1245 98 296
1246 57 986
1247 55 137
1248 9 964
1249 13 132
1250 73 626
1251 50 545
1252 71 794
1253 12 919
1254 55 64
1255 85 732
1256 6 351
1257 29 628
1258 48 885
1259 39 713
1260 99 493
1261 18 688
1262 54 289
1263 67 224
1264 68 895
1265 85 426
1266 98 471
1267 55 948
1268 16 956
1269 66 582
1270 20 349
1271 98 173
1272 20 154
1273 84 262
1274 97 170
1275 28 601
1276 70 897
1277 30 406
1278 4 563
1279 77 256
1280 27 619
1281 82 499
1282 80 40
1283 15 611
1284 20 110
1285 61 475
1286 100 948
1287 62 534
1288 24 277
1289 25 866
1290 26 508
1291 28 322
1292 85 263
1293 39 168
1294 28 550
1295 31 342
1296 17 12
1297 44 82
1298 87 740
1299 89 487
1300 33 717
1301 35 474
1302 58 628
1303 76 716
1304 87 844
1305 4 863
1306 10 362
1307 21 332
1308 13 852
1309 4 750
1310 46 59
1311 82 163
1312 54 95
1313 15 154
1314 2 928
1315 53 433
1316 77 399
1317 33 295
1318 82 145
1319 22 683
1320 80 435
1321 65 694
1322 64 285
1323 93 393
1324 93 46
1325 29 567
1326 22 630
1327 50 496
1328 46 100
1329 17 984
1330 89 617
1331 2 879
1332 12 317
1333 51 305
1334 27 199
1335 49 201
1336 73 45
1337 32 862
1338 86 308
1339 81 156
1340 23 882
1341 41 448
1342 3 599
1343 95 72
1344 10 877
1345 22 970
1346 85 140
1347 50 494
1348 22 74
1349 38 691
1350 95 498
1351 25 637
1352 32 477
1353 85 863
1354 61 986
1355 100 376
1356 99 144
1357 41 44
1358 47 761
1359 13 23
1360 9 982
1361 21 332
1362 80 72
1363 65 61
1364 79 18
1365 53 667
1366 76 701
1367 78 162
1368 23 865
1369 1 292
1370 69 474
1371 13 434
1372 71 556
1373 24 848
1374 76 834
1375 73 38
1376 66 145
1377 77 779
1378 78 55
1379 15 272
1380 76 691
1381 92 42
1382 2 623
1383 99 599
1384 30 560
1385 93 704
1386 14 510
1387 49 8
1388 40 266
1389 27 135
1390 32 691
1391 48 616
1392 26 348
1393 60 409
1394 23 923
1395 27 222
1396 39 855
1397 90 841
1398 8 696
1399 17 823
1400 92 166
1401 59 507
1402 38 157
1403 21 851
1404 27 757
1405 84 628
1406 20 720
1407 71 948
1408 75 377
1409 62 399
1410 4 658
1411 26 56
1412 12 275
1413 69 248
1414 63 780
1415 89 304
1416 15 443
1417 50 136
1418 86 726
1419 24 397
1420 43 204
1421 2 66
1422 1 405
1423 93 67
1424 19 191
1425 40 119
1426 68 129
1427 43 714
1428 21 778
1429 21 256
1430 21 519
1431 76 123
1432 93 967
1433 92 523
1434 90 21
1435 33 82
1436 89 158
1437 69 751
1438 27 997
1439 36 48
1440 64 818
1441 59 919
1442 80 764
1443 6 664
1444 80 113
1445 35 805
1446 93 204
1447 74 865
1448 79 287
1449 57 56
1450 10 656
1451 69 972
1452 54 268
1453 65 595
1454 27 108
1455 72 596
1456 84 145
1457 51 172
1458 50 81
1459 88 381
1460 12 189
1461 66 135
1462 56 49
1463 30 696
1464 21 809
1465 98 327
1466 89 977
1467 61 488
1468 41 357
1469 13 153
1470 17 616
1471 45 907
1472 28 347
1473 63 652
1474 29 384
1475 20 265
1476 63 739
1477 29 852
1478 75 632
1479 6 203
1480 84 988
1481 2 499
1482 100 162
1483 88 190
1484 80 347
1485 91 83
1486 73 302
1487 53 51
1488 30 286
1489 8 701
1490 77 676
1491 65 351
1492 57 300
1493 48 570
1494 59 13
1495 90 900
1496 84 528
1497 41 152
1498 10 64
1499 91 17
1500 27 400
1501 64 631
1502 13 592
1503 100 40
1504 42 233
1505 46 705
1506 6 463
1507 43 30
1508 22 296
1509 53 955
1510 91 64
1511 61 685
1512 86 603
1513 82 314
1514 58 260
1515 90 986
1516 56 913
1517 91 592
1518 33 61
1519 33 495
1520 62 781
1521 93 340
1522 13 771
1523 76 683
1524 26 811
1525 23 3
1526 42 154
1527 90 195
1528 78 678
1529 73 209
1530 53 14
1531 48 136
1532 30 117
1533 62 873
1534 65 440
1535 49 145
1536 16 434
1537 23 837
1538 6 415
1539 12 992
1540 89 289
1541 42 156
1542 65 153
1543 16 123
1544 16 302
1545 81 195
1546 68 526
1547 42 60
1548 34 235
1549 10 314
1550 50 161
1551 33 970
1552 77 953
1553 17 980
1554 42 124
1555 32 830
1556 63 913
1557 43 820
1558 75 754
1559 16 829
1560 95 798
1561 54 996
1562 72 262
1563 30 355
1564 37 876
1565 34 896
1566 43 84
1567 67 4
1568 98 951
1569 67 460
1570 79 107
1571 36 20
1572 74 212
1573 29 939
1574 60 209
1575 39 688
1576 56 438
1577 55 420
1578 11 631
1579 17 101
1580 42 727
1581 9 730
1582 82 303
1583 68 506
1584 63 322
1585 24 877
1586 27 790
1587 45 177
1588 2 776
1589 23 518
1590 36 278
1591 51 393
1592 56 78
1593 29 954
1594 12 59
1595 99 280
1596 48 939
1597 71 375
1598 78 236
1599 88 709
1600 62 789
1601 85 725
1602 8 531
1603 90 504
1604 24 132
1605 38 844
1606 79 862
1607 89 576
1608 42 438
1609 64 637
1610 86 412
1611 96 766
1612 86 909
1613 15 16
1614 99 643
1615 35 300
1616 15 965
1617 67 203
1618 35 374
1619 85 37
1620 6 993
1621 84 932
1622 61 308
1623 85 396
1624 64 171
1625 68 927
1626 92 964
1627 70 424
1628 76 259
1629 34 648
1630 38 315
1631 55 568
1632 22 891
1633 45 580
1634 93 631
1635 19 307
1636 33 539
1637 72 109
1638 15 896
1639 44 121
1640 6 157
1641 76 97
1642 53 821
1643 64 247
1644 44 846
1645 55 522
1646 83 308
1647 65 704
1648 55 422
1649 51 10
1650 24 81
1651 29 412
1652 82 389
1653 76 890
1654 19 98
1655 58 36
1656 76 750
1657 83 285
1658 55 173
1659 54 832
1660 83 926
1661 5 824
1662 67 654
1663 70 981
1664 99 322
1665 81 711
1666 61 258
1667 92 689
1668 55 636
1669 23 439
1670 58 127
1671 45 776
1672 17 567
1673 63 266
1674 35 365
1675 30 930
1676 98 10
1677 80 940
1678 56 424
1679 63 443
1680 9 432
1681 28 819
1682 33 131
1683 50 853
1684 84 393
1685 60 369
1686 89 798
1687 89 499
1688 4 954
1689 15 126
1690 58 966
1691 44 447
1692 11 199
1693 87 303
1694 72 996
1695 86 553
1696 23 214
1697 23 194
1698 98 204
1699 22 145
1700 51 654
1701 44 156
1702 33 649
1703 45 945
1704 57 789
1705 73 942
1706 36 748
1707 8 361
1708 5 522
1709 70 440
1710 99 788
1711 90 791
1712 44 181
1713 56 399
1714 17 151
1715 64 439
1716 15 54
1717 58 948
1718 39 441
1719 78 989
1720 69 112
1721 3 845
1722 97 507
1723 88 384
1724 31 682
1725 88 495
1726 42 13
1727 86 854
1728 88 896
1729 97 245
1730 3 637
1731 78 636
1732 97 962
1733 89 531
1734 90 59
1735 6 64
1736 71 674
1737 88 809
1738 23 535
1739 68 845
1740 87 406
1741 84 339
1742 48 372
1743 25 932
1744 57 323
1745 6 717
1746 48 373
1747 22 124
1748 59 186
1749 22 169
1750 90 819
1751 15 968
1752 12 470
1753 81 723
1754 81 738
1755 98 112
1756 20 397
1757 33 165
1758 55 635
1759 89 595
1760 84 875
1761 27 860
1762 36 760
1763 76 433
1764 52 155
1765 80 831
1766 65 145
1767 89 650
1768 90 524
1769 73 666
1770 72 888
1771 81 178
1772 2 193
1773 87 995
1774 72 336
1775 92 481
1776 33 940
1777 9 799
1778 36 688
1779 93 275
1780 43 608
1781 8 154
1782 17 781
1783 29 611
1784 21 589
1785 28 911
1786 49 905
1787 6 555
1788 29 851
1789 65 85
1790 25 639
1791 18 858
1792 64 260
1793 57 6
1794 3 233
1795 17 319
1796 84 455
1797 49 237
1798 92 263
1799 46 208
1800 41 763
1801 38 63
1802 85 297
1803 82 472
1804 94 915
1805 26 48
1806 49 801
1807 21 516
1808 40 39
1809 36 799
1810 27 640
1811 7 645
1812 40 620
1813 1 903
1814 45 258
1815 35 61
1816 18 906
1817 20 703
1818 72 492
1819 84 739
1820 7 755
1821 8 67
1822 36 14
1823 61 560
1824 17 522
1825 12 182
1826 53 514
1827 39 155
1828 6 583
1829 26 359
1830 7 571
1831 37 688
1832 61 187
1833 20 670
1834 87 837
1835 23 333
1836 82 299
1837 71 633
1838 70 576
1839 5 441
1840 44 379
1841 9 244
1842 91 188
1843 77 868
1844 58 776
1845 43 532
1846 73 634
1847 88 325
1848 93 135
1849 57 728
1850 41 464
1851 69 53
1852 15 986
1853 35 17
1854 80 316
1855 98 921
1856 21 813
1857 94 120
1858 80 507
1859 98 751
1860 76 521
1861 9 370
1862 20 70
1863 21 252
1864 47 616
1865 33 220
1866 81 512
1867 33 159
1868 42 771
1869 66 620
1870 57 342
1871 64 108
1872 56 527
1873 58 611
1874 88 225
1875 18 331
1876 12 699
1877 27 992
1878 69 811
1879 48 394
1880 45 641
1881 56 940
1882 66 341
1883 73 209
1884 19 724
1885 80 460
1886 86 479
1887 52 908
1888 6 953
1889 71 844
1890 48 723
1891 39 202
1892 3 48
1893 20 929
1894 13 365
1895 49 620
1896 1 671
1897 74 79
1898 33 751
1899 14 97
1900 54 133
1901 55 199
1902 58 650
1903 99 914
1904 81 130
1905 49 50
1906 32 320
1907 100 617
1908 62 902
1909 47 286
1910 37 842
1911 20 868
1912 80 927
1913 67 781
1914 12 37
1915 42 347
1916 53 457
1917 51 896
1918 95 30
1919 41 534
1920 100 135
1921 66 136
1922 82 89
1923 62 366
1924 59 783
1925 21 401
1926 18 72
1927 35 697
1928 60 468
1929 57 878
1930 80 807
1931 91 339
1932 16 829
1933 31 185
1934 90 24
1935 44 449
1936 65 292
1937 58 866
1938 2 972
1939 16 45
1940 6 440
1941 83 708
1942 2 574
1943 39 573
1944 80 63
1945 8 553
1946 99 1000
1947 85 830
1948 84 327
1949 60 191
1950 1 113
1951 90 877
1952 63 676
1953 23 977
1954 1 177
1955 41 713
1956 83 777
1957 29 411
1958 37 840
1959 41 180
1960 15 32
1961 74 269
1962 52 676
1963 89 920
1964 40 777
1965 92 236
1966 36 624
1967 31 224
1968 100 466
1969 82 773
1970 17 643
1971 80 633
1972 18 798
1973 87 778
1974 77 520
1975 11 999
1976 84 915
1977 90 345
1978 94 789
1979 27 709
1980 17 453
1981 50 492
1982 18 617
1983 73 450
1984 89 119
1985 24 212
1986 57 892
1987 81 867
1988 70 637
1989 80 510
1990 30 874
1991 83 771
1992 100 440
1993 44 37
1994 77 255
1995 62 138
1996 84 876
1997 97 850
1998 59 820
1999 85 657
2000 63 962
2001 11 297
2002 1 236
2003 28 514
2004 44 399
2005 4 322
2006 75 682
2007 43 764
2008 5 675
2009 39 18
2010 66 292
2011 98 43
2012 53 719
2013 16 499
2014 61 309
2015 75 69
2016 46 507
2017 44 160
2018 44 242
2019 82 335
2020 39 575
2021 56 786
2022 78 516
2023 74 708
2024 17 599
2025 24 149
2026 17 601
2027 99 912
2028 28 632
2029 76 468
2030 54 773
2031 72 637
2032 6 599
2033 63 48
2034 20 262
2035 11 263
2036 50 39
2037 80 269
2038 79 977
2039 99 406
2040 48 708
2041 35 931
2042 98 427
2043 59 914
2044 19 73
2045 15 347
2046 88 326
2047 90 258
2048 17 177
2049 49 620
2050 41 626
2051 53 647
2052 16 493
2053 87 917
2054 24 382
2055 18 738
2056 19 545
2057 97 910
2058 3 832
2059 60 237
2060 1 570
2061 100 309
2062 47 601
2063 97 185
2064 70 835
2065 55 349
2066 55 662
2067 34 865
2068 38 934
2069 95 906
2070 34 560
2071 17 4
2072 80 97
2073 14 112
2074 20 154
2075 11 833
2076 26 407
2077 99 531
2078 97 753
2079 63 906
2080 33 838
2081 50 683
2082 96 862
2083 9 206
2084 85 213
2085 98 243
2086 100 684
2087 92 327
2088 72 38
2089 34 470
2090 73 611
2091 1 142
2092 85 665
2093 29 504
2094 85 579
2095 36 19
2096 94 534
2097 6 819
2098 25 886
2099 12 144
2100 40 622
2101 35 659
2102 43 163
2103 86 27
2104 38 686
2105 54 8
2106 12 954
2107 77 136
2108 71 955
2109 26 499
2110 54 829
2111 56 914
2112 60 381
2113 89 615
2114 11 207
2115 51 599
2116 47 491
2117 79 937
2118 26 969
2119 98 955
2120 37 325
2121 91 838
2122 34 544
2123 83 268
2124 68 71
2125 75 155
2126 95 467
2127 5 120
2128 6 251
2129 53 63
2130 80 524
2131 62 518
2132 20 946
2133 66 175
2134 25 440
2135 81 40
2136 74 143
2137 77 319
2138 34 904
2139 43 86
2140 47 939
2141 69 410
2142 89 561
2143 51 578
2144 28 97
2145 79 682
2146 21 563
2147 94 822
2148 12 51
2149 18 829
2150 13 363
2151 76 191
2152 33 947
2153 37 264
2154 20 492
2155 44 780
2156 20 185
2157 66 592
2158 55 714
2159 57 946
2160 11 326
2161 56 890
2162 3 475
2163 48 286
2164 11 994
2165 94 414
2166 9 141
2167 65 569
2168 5 76
2169 60 72
2170 81 387
2171 93 711
2172 69 85
2173 44 172
2174 4 777
2175 32 1000
2176 94 570
2177 19 344
2178 70 796
2179 27 408
2180 7 713
2181 68 277
2182 52 189
2183 56 377
2184 20 169
2185 67 367
2186 37 277
2187 79 930
2188 60 709
2189 40 108
2190 42 567
2191 48 532
2192 86 230
2193 43 943
2194 52 159
2195 30 693
2196 78 762
2197 27 113
2198 70 672
2199 60 910
2200 79 295
2201 60 243
2202 5 757
2203 15 225
2204 41 221
2205 87 884
2206 83 20
2207 68 876
2208 81 833
2209 37 792
2210 8 471
2211 100 804
2212 9 240
2213 41 180
2214 19 110
2215 67 555
2216 79 102
2217 17 464
2218 39 164
2219 66 429
2220 13 551
2221 50 150
2222 95 890
2223 68 246
2224 82 637
2225 43 728
2226 31 997
2227 79 585
2228 2 176
2229 35 802
2230 7 636
2231 80 740
2232 88 370
2233 100 460
2234 82 426
2235 46 566
2236 91 393
2237 24 409
2238 85 323
2239 12 503
2240 76 372
2241 50 173
2242 16 453
2243 58 261
2244 7 504
2245 80 355
2246 61 679
2247 75 628
2248 13 772
2249 80 24
2250 34 791
2251 12 435
2252 95 780
2253 93 167
2254 81 414
2255 96 971
2256 98 143
2257 53 411
2258 64 96
2259 37 166
2260 57 423
2261 3 280
2262 84 628
2263 94 405
2264 15 503
2265 56 486
2266 1 932
2267 59 888
2268 88 643
2269 96 582
2270 62 924
2271 84 55
2272 34 546
2273 42 922
2274 35 193
2275 81 583
2276 10 84
2277 39 744
2278 64 45
2279 84 275
2280 56 441
2281 25 99
2282 100 33
2283 1 424
2284 35 684
2285 93 796
2286 2 435
2287 3 812
2288 47 265
2289 5 83
2290 26 703
2291 59 586
2292 50 546
2293 79 970
2294 80 717
2295 61 354
2296 57 342
2297 61 840
2298 47 22
2299 50 591
2300 49 299
2301 41 611
2302 20 17
2303 100 810
2304 22 358
2305 64 576
2306 72 770
2307 2 97
2308 7 264
2309 66 905
2310 81 638
2311 64 585
2312 73 982
2313 16 253
2314 76 441
2315 87 762
2316 19 212
2317 44 670
2318 12 187
2319 32 562
2320 51 992
2321 76 929
2322 53 19
2323 16 521
2324 9 817
2325 66 651
2326 12 969
2327 23 328
2328 67 735
2329 6 747
2330 15 698
2331 83 311
2332 17 114
2333 58 72
2334 5 161
2335 40 746
2336 30 892
2337 1 926
2338 28 263
2339 40 50
2340 11 408
2341 78 321
2342 54 929
2343 96 238
2344 52 475
2345 49 521
2346 49 154
2347 10 860
2348 48 813
2349 51 924
2350 91 812
2351 94 522
2352 40 80
2353 6 570
2354 61 499
2355 69 970
2356 87 668
2357 98 524
2358 58 371
2359 45 687
2360 34 185
2361 37 340
2362 72 757
2363 25 506
2364 11 419
2365 53 53
2366 47 115
2367 94 886
2368 79 991
2369 25 13
2370 8 12
2371 85 261
2372 68 356
2373 54 141
2374 63 587
2375 25 775
2376 57 937
2377 74 916
2378 30 413
2379 89 382
2380 27 683
2381 65 587
2382 38 193
2383 41 863
2384 78 271
2385 24 527
2386 78 396
2387 86 411
2388 21 536
2389 55 414
2390 82 222
2391 59 845
2392 50 158
2393 60 448
2394 55 956
2395 71 22
2396 44 148
2397 43 35
2398 9 701
2399 40 494
2400 1 442
2401 64 262
2402 44 691
2403 42 44
2404 95 255
2405 12 474
2406 22 919
2407 20 581
2408 40 861
2409 39 725
2410 53 44
2411 92 251
2412 85 635
2413 11 613
2414 65 206
2415 25 1000
2416 70 40
2417 72 895
2418 49 29
2419 19 22
2420 49 629
2421 70 120
2422 57 814
2423 86 182
2424 77 912
2425 76 438
2426 19 804
2427 11 575
2428 8 296
2429 38 253
2430 36 405
2431 69 317
2432 84 103
2433 21 699
2434 65 591
2435 81 740
2436 34 429
2437 29 955
2438 29 908
2439 46 534
2440 46 341
2441 24 463
2442 23 463
2443 59 717
2444 20 817
2445 14 517
2446 24 561
2447 38 87
2448 95 809
2449 23 606
2450 4 98
2451 60 365
2452 50 754
2453 19 670
2454 27 248
2455 32 381
2456 51 809
2457 60 890
2458 36 290
2459 94 329
2460 52 700
2461 57 36
2462 46 226
2463 31 718
2464 68 831
2465 5 324
2466 31 435
2467 16 629
2468 73 771
2469 43 219
2470 24 29
2471 37 469
2472 31 254
2473 76 989
2474 55 928
2475 58 289
2476 90 825
2477 56 243
2478 16 679
2479 100 366
2480 26 953
2481 80 613
2482 85 302
2483 40 868
2484 74 642
2485 90 995
2486 75 518
2487 49 379
2488 47 740
2489 66 307
2490 67 987
2491 68 53
2492 30 591
2493 64 589
2494 2 744
2495 33 444
2496 11 98
2497 70 651
2498 10 308
2499 62 841
2500 26 747
2501 31 384
2502 55 84
2503 24 541
2504 67 199
2505 99 604
2506 66 115
2507 49 937
2508 84 765
2509 16 581
2510 49 796
2511 57 964
2512 19 401
2513 6 348
2514 16 191
2515 20 338
2516 58 174
2517 99 133
2518 14 52
2519 59 579
2520 94 92
2521 40 717
2522 21 939
2523 44 179
2524 48 581
2525 10 316
2526 37 265
2527 5 985
2528 57 545
2529 4 811
2530 7 97
2531 41 30
2532 98 418
2533 34 839
2534 80 459
2535 34 420
2536 6 928
2537 86 733
2538 47 443
2539 74 328
2540 13 542
2541 66 559
2542 56 68
2543 54 67
2544 38 699
2545 90 945
2546 69 509
2547 13 788
2548 86 923
2549 6 920
2550 62 918
2551 77 52
2552 92 62
2553 41 492
2554 50 625
2555 21 626
2556 86 457
2557 70 710
2558 44 772
2559 32 292
2560 61 58
2561 63 856
2562 66 494
2563 37 410
2564 99 454
2565 41 678
2566 63 616
2567 86 909
2568 82 212
2569 95 375
2570 74 571
2571 53 199
2572 50 902
2573 3 216
2574 57 291
2575 86 233
2576 25 653
2577 51 880
2578 77 66
2579 49 692
2580 75 763
2581 32 387
2582 15 296
2583 60 499
2584 40 577
2585 67 857
2586 100 657
2587 88 271
2588 58 372
2589 86 797
2590 13 830
2591 7 229
2592 90 94
2593 16 319
2594 38 415
2595 55 654
2596 34 459
2597 9 780
2598 44 294
2599 59 962
2600 89 703
2601 30 829
2602 75 520
2603 27 832
2604 93 261
2605 23 662
2606 43 278
2607 65 976
2608 91 862
2609 31 928
2610 71 238
2611 80 183
2612 70 372
2613 15 972
2614 86 756
2615 8 85
2616 87 423
2617 3 223
2618 28 201
2619 17 131
2620 77 418
2621 33 569
2622 83 679
2623 68 504
2624 76 484
2625 77 138
2626 48 360
2627 95 798
2628 98 819
2629 79 902
2630 13 764
2631 81 470
2632 11 444
2633 93 417
2634 43 366
2635 68 293
2636 84 444
2637 45 666
2638 73 476
2639 11 994
2640 5 338
2641 56 80
2642 49 195
2643 54 395
2644 33 521
2645 100 14
2646 39 228
2647 26 561
2648 64 910
2649 33 153
2650 76 841
2651 70 674
2652 50 379
2653 83 912
2654 11 705
2655 4 317
2656 48 831
2657 76 843
2658 58 805
2659 53 802
2660 9 788
2661 36 275
2662 57 878
2663 68 350
2664 69 362
2665 17 346
2666 22 215
2667 80 761
2668 73 162
2669 82 248
2670 6 922
2671 51 26
2672 36 917
2673 91 679
2674 2 567
2675 61 644
2676 30 195
2677 81 750
2678 100 334
2679 82 495
2680 86 322
2681 94 501
2682 45 761
2683 86 819
2684 28 501
2685 17 548
2686 19 310
2687 18 350
2688 5 639
2689 29 422
2690 38 555
2691 38 215
2692 49 610
2693 66 703
2694 35 510
2695 13 934
2696 59 353
2697 42 894
2698 7 836
2699 87 356
2700 82 609
2701 97 947
2702 50 603
2703 78 270
2704 24 544
2705 67 249
2706 13 756
2707 19 802
2708 90 49
2709 98 645
2710 21 59
2711 75 894
2712 43 105
2713 28 57
2714 7 618
2715 22 880
2716 35 741
2717 47 963
2718 11 525
2719 94 220
2720 71 89
2721 22 915
2722 80 488
2723 44 934
2724 97 997
2725 67 152
2726 45 528
2727 55 118
2728 45 709
2729 71 762
2730 77 910
2731 46 408
2732 39 130
2733 32 288
2734 29 525
2735 24 982
2736 11 476
2737 34 26
2738 93 6
2739 93 342
2740 100 6
2741 53 147
2742 35 88
2743 73 441
2744 35 256
2745 2 15
2746 67 802
2747 50 54
2748 61 136
2749 75 655
2750 54 444
2751 50 642
2752 67 25
2753 47 519
2754 93 847
2755 50 478
2756 30 683
2757 72 379
2758 43 659
2759 27 148
2760 38 229
2761 46 564
2762 11 761
2763 30 553
2764 88 615
2765 11 646
2766 59 189
2767 70 920
2768 57 460
2769 63 941
2770 57 781
2771 86 799
2772 63 640
2773 1 537
2774 67 922
2775 58 498
2776 43 831
2777 17 324
2778 6 919
2779 54 123
2780 46 101
2781 52 879
2782 61 91
2783 46 862
2784 51 992
2785 96 975
2786 46 740
2787 77 508
2788 59 433
2789 60 916
2790 41 32
2791 66 911
2792 20 876
2793 50 301
2794 80 919
2795 59 962
2796 94 489
2797 100 165
2798 34 217
2799 55 345
2800 91 56
2801 18 149
2802 75 500
2803 44 445
2804 34 670
2805 53 361
2806 15 80
2807 45 278
2808 44 441
2809 6 511
2810 70 297
2811 61 841
2812 78 913
2813 19 949
2814 32 548
2815 87 248
2816 15 335
2817 14 212
2818 2 34
2819 100 755
2820 82 723
2821 29 163
2822 65 98
2823 94 156
2824 88 311
2825 82 862
2826 31 328
2827 52 945
2828 92 385
2829 38 901
2830 37 201
2831 8 327
2832 28 63
2833 96 861
2834 48 352
2835 92 172
2836 63 741
2837 20 767
2838 26 111
2839 89 40
2840 3 15
2841 80 24
2842 66 986
2843 63 908
2844 64 73
2845 82 274
2846 57 598
2847 13 502
2848 47 765
2849 65 365
2850 71 960
2851 27 381
2852 70 940
2853 31 89
2854 75 10
2855 71 629
2856 83 931
2857 10 993
2858 63 351
2859 81 181
2860 87 966
2861 5 550
2862 99 615
2863 4 908
2864 61 353
2865 82 282
2866 12 850
2867 97 16
2868 5 379
2869 68 929
2870 21 271
2871 58 669
2872 33 758
2873 8 605
2874 76 94
2875 22 336
2876 92 97
2877 13 819
2878 88 142
2879 92 292
2880 57 535
2881 45 750
2882 74 127
2883 25 963
2884 4 579
2885 66 192
2886 73 483
2887 67 532
2888 45 295
2889 69 902
2890 75 655
2891 68 651
2892 41 710
2893 67 953
2894 75 135
2895 92 382
2896 78 117
2897 74 684
2898 50 328
2899 62 95
2900 14 470
2901 5 555
2902 1 674
2903 64 114
2904 41 589
2905 27 681
2906 60 984
2907 5 1000
2908 13 995
2909 40 611
2910 30 175
2911 52 223
2912 58 522
2913 31 48
2914 38 649
2915 75 922
2916 3 935
2917 4 225
2918 57 888
2919 19 433
2920 50 285
2921 31 765
2922 98 959
2923 14 146
2924 46 143
2925 18 251
2926 34 798
2927 37 640
2928 90 494
2929 66 438
2930 88 687
2931 69 830
2932 11 667
2933 56 906
2934 66 167
2935 40 946
2936 16 42
2937 49 659
2938 12 885
2939 55 512
2940 67 371
2941 33 428
2942 73 634
2943 98 653
2944 69 501
2945 35 79
2946 100 875
2947 98 722
2948 35 665
2949 80 527
2950 57 145
2951 54 202
2952 11 510
2953 24 497
2954 62 41
2955 11 728
2956 45 263
2957 95 358
2958 57 796
2959 8 751
2960 61 504
2961 28 112
2962 87 263
2963 37 981
2964 2 358
2965 73 183
2966 82 456
2967 3 103
2968 57 770
2969 71 847
2970 45 816
2971 36 350
2972 10 193
2973 66 421
2974 10 12
2975 31 706
2976 23 402
2977 28 389
2978 5 385
2979 87 221
2980 34 965
2981 31 423
2982 30 337
2983 93 656
2984 90 907
2985 87 960
2986 42 576
2987 95 234
2988 30 323
2989 98 853
2990 31 837
2991 41 906
2992 10 341
2993 58 260
2994 31 161
2995 49 266
2996 23 342
2997 46 214
2998 72 516
2999 45 275
3000 31 175
3001 43 833
3002 69 227
3003 71 957
3004 1 707
3005 45 511
3006 98 903
3007 31 715
3008 56 100
3009 43 321
3010 89 12
3011 99 111
3012 35 922
3013 99 618
3014 60 989
3015 89 181
3016 9 144
3017 26 385
3018 91 491
3019 36 902
3020 18 309
3021 51 769
3022 32 405
3023 87 763
3024 95 470
3025 95 104
3026 98 875
3027 95 582
3028 57 429
3029 41 785
3030 18 118
3031 92 417
3032 92 337
3033 45 788
3034 92 848
3035 84 477
3036 81 782
3037 8 574
3038 36 672
3039 27 830
3040 22 244
3041 49 486
3042 49 404
3043 90 349
3044 66 514
3045 25 895
3046 30 162
3047 15 131
3048 29 501
3049 100 450
3050 24 912
3051 98 646
3052 70 417
3053 10 888
3054 51 491
3055 2 612
3056 30 990
3057 69 632
3058 61 428
3059 85 756
3060 34 860
3061 1 259
3062 95 741
3063 5 594
3064 28 48
3065 57 367
3066 48 678
3067 8 650
3068 12 146
3069 28 361
3070 88 154
3071 3 62
3072 53 720
3073 47 129
3074 87 692
3075 38 193
3076 62 332
3077 54 503
3078 33 804
3079 52 480
3080 9 302
3081 38 501
3082 37 90
3083 57 565
3084 60 714
3085 59 544
3086 67 342
3087 56 262
3088 72 728
3089 2 820
3090 61 222
3091 48 101
3092 21 863
3093 43 787
3094 3 504
3095 71 396
3096 92 92
3097 56 134
3098 28 188
3099 61 763
3100 45 873
3101 69 175
3102 47 260
3103 20 664
3104 97 512
3105 73 364
3106 44 627
3107 27 671
3108 24 454
3109 39 563
3110 4 93
3111 58 731
3112 3 453
3113 97 68
3114 42 934
3115 60 192
3116 35 868
3117 94 480
3118 78 123
3119 2 164
3120 57 872
3121 1 879
3122 63 442
3123 42 88
3124 12 460
3125 21 768
3126 34 683
3127 17 519
3128 77 440
3129 44 682
3130 96 492
3131 100 546
3132 17 833
3133 96 329
3134 38 176
3135 2 307
3136 47 505
3137 25 155
3138 24 120
3139 22 805
3140 42 50
3141 38 39
3142 79 658
3143 92 54
3144 9 754
3145 41 782
3146 25 58
3147 69 661
3148 24 79
3149 30 961
3150 71 994
3151 46 91
3152 3 63
3153 31 99
3154 86 806
3155 38 297
3156 49 873
3157 12 24
3158 27 954
3159 26 848
3160 42 748
3161 26 84
3162 34 360
3163 45 169
3164 78 780
3165 51 195
3166 28 629
3167 85 5
3168 54 743
3169 36 393
3170 70 941
3171 65 466
3172 25 239
3173 42 617
3174 56 17
3175 76 70
3176 51 321
3177 71 85
3178 36 306
3179 58 448
3180 77 381
3181 17 995
3182 60 626
3183 17 778
3184 13 368
3185 37 811
3186 79 535
3187 1 370
3188 31 253
3189 42 991
3190 88 931
3191 48 952
3192 65 936
3193 97 942
3194 68 791
3195 53 856
3196 18 770
3197 51 49
3198 18 567
3199 77 382
3200 56 522
3201 54 354
3202 36 597
3203 42 524
3204 35 485
3205 25 258
3206 99 103
3207 97 771
3208 21 658
3209 11 698
3210 37 731
3211 92 807
3212 11 235
3213 11 166
3214 88 391
3215 72 765
3216 15 721
3217 32 304
3218 23 744
3219 52 188
3220 59 993
3221 17 280
3222 90 885
3223 86 252
3224 66 816
3225 7 985
3226 86 855
3227 33 829
3228 41 542
3229 6 275
3230 47 474
3231 41 939
3232 57 885
3233 39 91
3234 93 896
3235 51 639
3236 68 994
3237 94 547
3238 59 541
3239 29 931
3240 99 15
3241 16 4
3242 33 809
3243 96 469
3244 22 504
3245 38 196
3246 85 201
3247 61 557
3248 70 658
3249 98 372
3250 2 466
3251 94 412
3252 23 349
3253 37 855
3254 58 296
3255 11 409
3256 19 667
3257 66 541
3258 19 123
3259 22 588
3260 43 281
3261 73 133
3262 6 426
3263 94 323
3264 35 469
3265 29 885
3266 6 840
3267 21 610
3268 92 644
3269 45 28
3270 65 424
3271 72 243
3272 39 442
3273 32 909
3274 75 829
3275 30 109
3276 82 555
3277 19 360
3278 70 543
3279 60 366
3280 21 479
3281 62 740
3282 35 272
3283 14 137
3284 44 287
3285 15 841
3286 11 374
3287 7 580
3288 91 579
3289 61 846
3290 73 313
3291 31 926
3292 13 462
3293 83 188
3294 53 172
3295 98 198
3296 74 634
3297 65 623
3298 15 376
3299 72 130
3300 26 559
3301 53 112
3302 95 916
3303 65 30
3304 22 115
3305 2 331
3306 23 359
3307 94 865
3308 2 179
3309 88 750
3310 88 716
3311 39 337
3312 17 88
3313 56 406
3314 86 959
3315 55 266
3316 76 45
3317 24 243
3318 6 252
3319 64 695
3320 58 113
3321 54 443
3322 82 931
3323 83 782
3324 70 122
3325 44 671
3326 37 133
3327 97 864
3328 57 517
3329 54 316
3330 96 833
3331 57 133
3332 100 443
3333 38 940
3334 50 374
3335 35 202
3336 98 27
3337 61 758
3338 14 21
3339 81 919
3340 86 11
3341 47 672
3342 10 536
3343 20 590
3344 88 772
3345 30 406
3346 28 915
3347 80 508
3348 66 61
3349 75 761
3350 38 563
3351 92 978
3352 30 685
3353 90 105
3354 8 38
3355 8 398
3356 19 591
3357 87 877
3358 39 39
3359 9 613
3360 100 748
3361 77 212
3362 69 292
3363 90 972
3364 99 212
3365 18 170
3366 86 873
3367 8 670
3368 92 72
3369 49 714
3370 10 369
3371 47 981
3372 48 419
3373 48 780
3374 53 991
3375 69 164
3376 19 810
3377 2 256
3378 51 293
3379 21 211
3380 26 938
3381 37 409
3382 72 149
3383 81 690
3384 85 78
3385 59 726
3386 46 653
3387 11 855
3388 27 508
3389 100 418
3390 97 542
3391 5 619
3392 80 461
3393 61 710
3394 26 708
3395 84 299
3396 1 668
3397 11 916
3398 56 992
3399 47 668
3400 68 758
3401 39 959
3402 52 659
3403 97 829
3404 77 986
3405 48 859
3406 4 641
3407 75 987
3408 98 263
3409 81 621
3410 84 531
3411 21 563
3412 95 171
3413 49 995
3414 83 451
3415 53 527
3416 47 334
3417 22 300
3418 36 368
3419 12 600
3420 2 806
3421 47 216
3422 25 49
3423 83 50
3424 48 856
3425 20 90
3426 41 260
3427 51 12
3428 49 948
3429 44 228
3430 54 581
3431 56 874
3432 56 325
3433 51 49
3434 53 932
3435 67 175
3436 13 827
3437 54 211
3438 39 818
3439 58 622
3440 96 537
3441 24 243
3442 61 608
3443 92 699
3444 27 875
3445 86 43
3446 60 706
3447 58 632
3448 51 653
3449 48 24
3450 27 830
3451 59 76
3452 67 703
3453 21 909
3454 29 453
3455 2 593
3456 57 782
3457 46 853
3458 48 855
3459 52 527
3460 71 174
3461 55 721
3462 77 492
3463 93 270
3464 52 155
3465 99 455
3466 77 246
3467 91 887
3468 73 227
3469 100 378
3470 59 584
3471 71 897
3472 93 161
3473 19 55
3474 19 659
3475 13 556
3476 98 661
3477 99 308
3478 39 809
3479 81 981
3480 87 870
3481 83 614
3482 3 846
3483 26 357
3484 29 426
3485 86 188
3486 81 207
3487 14 348
3488 62 630
3489 41 663
3490 70 599
3491 82 425
3492 68 99
3493 10 567
3494 32 193
3495 28 817
3496 90 151
3497 31 1000
3498 26 490
3499 19 872
3500 73 620
3501 92 766
3502 75 456
3503 48 583
3504 32 385
3505 27 773
3506 14 710
3507 29 610
3508 89 408
3509 66 731
3510 61 707
3511 46 349
3512 60 851
3513 43 310
3514 70 717
3515 89 800
3516 93 713
3517 59 336
3518 50 287
3519 20 456
3520 98 459
3521 80 472
3522 18 801
3523 57 472
3524 60 70
3525 17 26
3526 23 188
3527 39 876
3528 79 511
3529 25 279
3530 58 291
3531 96 904
3532 7 86
3533 23 956
3534 94 678
3535 11 291
3536 74 233
3537 60 160
3538 99 777
3539 39 83
3540 59 987
3541 11 555
3542 47 167
3543 6 730
3544 42 333
3545 40 552
3546 76 20
3547 95 944
3548 34 160
3549 82 346
3550 66 785
3551 61 416
3552 36 63
3553 89 801
3554 52 753
3555 74 151
3556 57 722
3557 52 11
3558 24 94
3559 62 721
3560 77 472
3561 95 618
3562 18 936
3563 51 72
3564 57 232
3565 21 717
3566 59 519
3567 9 354
3568 29 221
3569 38 250
3570 57 98
3571 33 875
3572 14 335
3573 88 138
3574 84 611
3575 35 531
3576 44 925
3577 30 201
3578 97 765
3579 19 698
3580 9 91
3581 94 911
3582 99 986
3583 26 565
3584 21 787
3585 13 595
3586 48 525
3587 78 812
3588 56 326
3589 43 445
3590 15 920
3591 82 14
3592 39 43
3593 76 763
3594 72 420
3595 40 395
3596 96 12
3597 24 540
3598 71 57
3599 32 74
3600 7 811
3601 53 57
3602 10 864
3603 73 404
3604 34 692
3605 51 313
3606 61 261
3607 8 350
3608 50 822
3609 73 604
3610 73 602
3611 65 469
3612 5 503
3613 87 757
3614 89 919
3615 29 60
3616 5 317
3617 37 131
3618 52 155
3619 1 898
3620 2 533
3621 30 464
3622 48 793
3623 50 437
3624 60 756
3625 97 428
3626 10 733
3627 16 24
3628 67 418
3629 56 275
3630 93 317
3631 93 932
3632 17 452
3633 58 928
3634 86 59
3635 56 463
3636 15 346
3637 50 655
3638 62 516
3639 34 963
3640 18 470
3641 17 196
3642 42 393
3643 99 259
3644 29 831
3645 9 603
3646 65 345
3647 54 448
3648 79 518
3649 41 878
3650 80 123
3651 12 151
3652 62 800
3653 65 126
3654 96 212
3655 91 370
3656 80 998
3657 83 827
3658 60 450
3659 96 510
3660 71 593
3661 26 331
3662 66 483
3663 72 205
3664 20 634
3665 77 14
3666 10 976
3667 44 716
3668 98 529
3669 84 298
3670 58 534
3671 73 20
3672 53 326
3673 78 646
3674 22 694
3675 21 315
3676 51 147
3677 74 319
3678 53 310
3679 75 92
3680 50 43
3681 1 512
3682 3 176
3683 82 458
3684 49 642
3685 70 652
3686 35 856
3687 7 601
3688 33 846
3689 34 277
3690 45 783
3691 92 167
3692 91 300
3693 52 195
3694 66 52
3695 31 156
3696 30 708
3697 19 771
3698 63 608
3699 8 195
3700 70 20
3701 96 902
3702 78 167
3703 80 196
3704 59 475
3705 17 287
3706 100 780
3707 92 86
3708 57 914
3709 92 569
3710 13 732
3711 49 517
3712 42 972
3713 15 204
3714 16 479
3715 51 474
3716 95 887
3717 93 816
3718 6 481
3719 35 273
3720 39 347
3721 51 240
3722 96 862
3723 33 883
3724 23 417
3725 65 289
3726 100 339
3727 39 848
3728 74 733
3729 82 952
3730 3 155
3731 83 480
3732 70 216
3733 92 952
3734 42 996
3735 84 368
3736 27 330
3737 41 168
3738 30 361
3739 94 590
3740 23 635
3741 31 518
3742 66 606
3743 88 28
3744 29 736
3745 92 547
3746 40 402
3747 9 285
3748 58 761
3749 100 113
3750 71 908
3751 6 277
3752 16 682
3753 36 548
3754 99 433
3755 39 645
3756 95 338
3757 47 485
3758 39 261
3759 11 289
3760 51 56
3761 30 821
3762 28 163
3763 81 342
3764 92 451
3765 67 841
3766 14 525
3767 39 232
3768 1 349
3769 70 477
3770 47 186
3771 17 233
3772 72 925
3773 86 83
3774 45 197
3775 77 314
3776 17 961
3777 61 552
3778 44 615
3779 74 777
3780 96 703
3781 93 482
3782 50 60
3783 15 610
3784 41 599
3785 81 608
3786 51 909
3787 39 255
3788 63 822
3789 36 512
3790 86 957
3791 42 677
3792 89 903
3793 87 63
3794 100 625
3795 52 332
3796 9 958
3797 63 800
3798 96 942
3799 94 252
3800 14 904
3801 90 342
3802 68 343
3803 1 101
3804 78 328
3805 34 193
3806 73 148
3807 99 996
3808 76 662
3809 66 663
3810 50 605
3811 83 940
3812 78 426
3813 54 73
3814 75 474
3815 58 50
3816 8 735
3817 76 283
3818 72 568
3819 85 752
3820 19 499
3821 53 77
3822 97 215
3823 41 668
3824 5 138
3825 16 780
3826 32 872
3827 5 911
3828 16 157
3829 5 898
3830 49 18
3831 99 283
3832 20 614
3833 31 182
3834 29 255
3835 41 660
3836 1 722
3837 78 676
3838 5 462
3839 94 103
3840 43 773
3841 76 863
3842 41 352
3843 49 422
3844 98 279
3845 77 4
3846 93 674
3847 27 94
3848 46 737
3849 69 362
3850 54 511
3851 91 708
3852 84 373
3853 41 271
3854 11 808
3855 23 183
3856 24 787
3857 53 919
3858 97 102
3859 33 205
3860 18 864
3861 30 206
3862 89 343
3863 86 260
3864 14 719
3865 90 785
3866 81 483
3867 88 966
3868 34 617
3869 34 406
3870 100 144
3871 100 582
3872 31 113
3873 72 484
3874 31 524
3875 81 249
3876 98 556
3877 8 64
3878 60 900
3879 40 932
3880 89 633
3881 99 989
3882 6 220
3883 12 661
3884 70 404
3885 14 544
3886 67 840
3887 51 236
3888 98 669
3889 62 329
3890 28 363
3891 9 708
3892 10 367
3893 81 699
3894 21 416
3895 11 299
3896 25 584
3897 2 354
3898 50 71
3899 93 331
3900 45 876
3901 80 203
3902 66 399
3903 52 850
3904 35 361
3905 11 943
3906 6 523
3907 59 349
3908 11 544
3909 2 875
3910 65 601
3911 39 54
3912 30 422
3913 81 943
3914 55 68
3915 86 177
3916 10 299
3917 37 506
3918 33 849
3919 29 308
3920 4 512
3921 1 766
3922 63 497
3923 64 502
3924 7 545
3925 52 451
3926 17 279
3927 44 165
3928 5 263
3929 83 532
3930 73 470
3931 83 530
3932 55 344
3933 11 959
3934 41 408
3935 99 319
3936 15 862
3937 8 321
3938 3 53
3939 72 66
3940 69 385
3941 5 681
3942 71 778
3943 35 712
3944 68 327
3945 24 345
3946 99 83
3947 85 272
3948 80 391
3949 35 460
3950 15 795
3951 73 461
3952 57 618
3953 57 558
3954 1 459
3955 38 943
3956 52 253
3957 17 438
3958 56 579
3959 32 205
3960 58 411
3961 83 852
3962 69 128
3963 96 223
3964 15 773
3965 22 672
3966 67 308
3967 46 950
3968 14 564
3969 65 372
3970 57 895
3971 11 206
3972 52 131
3973 89 183
3974 29 386
3975 80 774
3976 82 144
3977 6 534
3978 95 599
3979 46 758
3980 27 491
3981 61 951
3982 76 143
3983 62 880
3984 10 366
3985 60 401
3986 94 725
3987 81 735
3988 15 477
3989 54 401
3990 47 539
3991 62 617
3992 78 413
3993 80 389
3994 94 384
3995 55 934
3996 32 936
3997 13 135
3998 7 672
3999 28 218
4000 45 510
4001 91 866
4002 45 349
4003 84 440
4004 14 913
4005 78 454
4006 38 461
4007 60 773
4008 65 527
4009 5 832
4010 36 243
4011 9 257
4012 67 926
4013 81 829
4014 94 174
4015 41 433
4016 26 417
4017 49 772
4018 59 500
4019 55 364
4020 85 607
4021 26 53
4022 82 83
4023 96 179
4024 82 940
4025 46 387
4026 15 226
4027 22 123
4028 65 257
4029 20 451
4030 39 240
4031 76 887
4032 98 249
4033 53 654
4034 66 947
4035 49 882
4036 32 514
4037 55 410
4038 53 731
4039 9 772
4040 90 781
4041 16 627
4042 2 213
4043 85 318
4044 85 559
4045 53 989
4046 55 401
4047 77 710
4048 89 262
4049 25 17
4050 100 297
4051 70 707
4052 14 768
4053 81 937
4054 4 911
4055 6 986
4056 76 313
4057 33 623
4058 72 26
4059 24 386
4060 67 85
4061 14 165
4062 15 945
4063 94 447
4064 27 67
4065 51 323
4066 77 286
4067 85 741
4068 22 701
4069 4 565
4070 40 217
4071 90 282
4072 66 79
4073 84 626
4074 10 456
4075 29 184
4076 15 130
4077 68 261
4078 56 316
4079 18 405
4080 77 128
4081 70 824
4082 4 330
4083 36 479
4084 25 154
4085 58 940
4086 38 804
4087 82 729
4088 32 950
4089 72 996
4090 89 296
4091 10 237
4092 28 356
4093 76 879
4094 51 223
4095 86 965
4096 65 909
4097 20 791
4098 54 805
4099 5 947
4100 40 656
4101 93 94
4102 45 662
4103 45 436
4104 33 20
4105 43 304
4106 84 286
4107 78 296
4108 47 224
4109 8 550
4110 8 493
4111 29 477
4112 40 178
4113 49 213
4114 1 43
4115 20 897
4116 12 320
4117 2 785
4118 71 948
4119 95 374
4120 39 203
4121 66 719
4122 9 534
4123 42 216
4124 53 536
4125 31 461
4126 81 204
4127 71 902
4128 49 727
4129 81 316
4130 93 41
4131 78 413
4132 85 681
4133 72 979
4134 32 235
4135 6 143
4136 38 966
4137 21 759
4138 74 139
4139 14 64
4140 33 935
4141 47 909
4142 2 811
4143 30 622
4144 86 580
4145 100 129
4146 4 825
4147 60 94
4148 25 223
4149 69 883
4150 68 605
4151 1 828
4152 72 198
4153 92 827
4154 95 394
4155 41 305
4156 99 286
4157 7 946
4158 11 871
4159 28 812
4160 87 671
4161 2 985
4162 34 451
4163 5 519
4164 70 962
4165 6 965
4166 68 410
4167 11 127
4168 69 34
4169 31 146
4170 57 230
4171 18 229
4172 77 107
4173 26 673
4174 2 154
4175 64 365
4176 77 923
4177 58 174
4178 13 220
4179 57 560
4180 60 45
4181 26 479
4182 46 880
4183 56 438
4184 88 577
4185 91 864
4186 62 690
4187 72 494
4188 3 659
4189 95 296
4190 87 828
4191 32 637
4192 90 166
4193 52 483
4194 31 433
4195 40 505
4196 75 842
4197 97 965
4198 83 934
4199 27 861
4200 94 728
4201 39 787
4202 69 105
4203 25 701
4204 46 563
4205 56 876
4206 72 879
4207 1 190
4208 46 714
4209 84 379
4210 39 456
4211 61 359
4212 67 710
4213 97 808
4214 81 574
4215 69 859
4216 88 825
4217 34 687
4218 8 604
4219 53 261
4220 37 965
4221 53 358
4222 32 263
4223 23 552
4224 59 445
4225 66 859
4226 18 279
4227 35 387
4228 10 395
4229 94 209
4230 73 251
4231 81 649
4232 62 890
4233 9 498
4234 93 878
4235 59 157
4236 9 576
4237 85 991
4238 45 342
4239 65 491
4240 83 814
4241 53 381
4242 14 382
4243 58 737
4244 86 466
4245 80 345
4246 41 793
4247 57 231
4248 16 44
4249 4 59
4250 44 463
4251 52 135
4252 53 33
4253 75 594
4254 14 771
4255 77 278
4256 30 496
4257 26 697
4258 54 928
4259 26 386
4260 74 170
4261 28 625
4262 36 550
4263 14 768
4264 1 867
4265 37 819
4266 93 398
4267 17 712
4268 84 489
4269 37 152
4270 60 439
4271 76 724
4272 19 803
4273 36 398
4274 80 807
4275 84 503
4276 85 16
4277 20 298
4278 6 871
4279 98 196
4280 81 678
4281 31 699
4282 21 790
4283 5 204
4284 46 70
4285 7 232
4286 16 302
4287 20 766
4288 75 809
4289 26 483
4290 48 514
4291 76 33
4292 78 12
4293 42 74
4294 96 840
4295 25 763
4296 40 715
4297 5 723
4298 6 463
4299 82 77
4300 81 879
4301 96 870
4302 36 278
4303 68 862
4304 66 897
4305 61 424
4306 44 492
4307 28 838
4308 1 858
4309 67 894
4310 77 143
4311 18 753
4312 37 948
4313 39 289
4314 10 683
4315 15 44
4316 52 156
4317 71 879
4318 1 366
4319 5 912
4320 44 359
4321 84 32
4322 77 91
4323 22 323
4324 20 283
4325 96 839
4326 39 358
4327 25 564
4328 91 794
4329 66 172
4330 44 837
4331 22 851
4332 3 661
4333 83 160
4334 4 526
4335 80 260
4336 39 516
4337 81 735
4338 3 423
4339 51 175
4340 34 914
4341 21 383
4342 25 325
4343 88 675
4344 97 914
4345 60 967
4346 78 565
4347 39 881
4348 63 559
4349 36 431
4350 47 612
4351 55 845
4352 47 223
4353 58 966
4354 96 614
4355 33 78
4356 92 14
4357 78 95
4358 98 61
4359 62 956
4360 44 462
4361 3 126
4362 16 437
4363 31 529
4364 49 110
4365 36 672
4366 43 70
4367 41 26
4368 2 243
4369 26 623
4370 100 293
4371 27 250
4372 73 954
4373 39 412
4374 56 433
4375 48 516
4376 42 972
4377 1 709
4378 81 706
4379 76 522
4380 25 312
4381 49 578
4382 2 350
4383 61 835
4384 34 647
4385 80 67
4386 37 14
4387 73 288
4388 57 313
4389 92 101
4390 53 415
4391 50 43
4392 46 707
4393 16 612
4394 3 437
4395 12 86
4396 50 750
4397 68 128
4398 92 445
4399 51 591
4400 58 522
4401 2 565
4402 81 170
4403 100 119
4404 75 143
4405 18 297
4406 90 457
4407 89 508
4408 16 122
4409 13 343
4410 20 135
4411 95 147
4412 73 115
4413 19 327
4414 97 630
4415 31 143
4416 89 263
4417 69 760
4418 56 936
4419 66 335
4420 24 65
4421 67 332
4422 73 211
4423 11 32
4424 45 831
4425 27 668
4426 37 814
4427 68 950
4428 23 219
4429 9 249
4430 59 503
4431 79 743
4432 79 442
4433 45 577
4434 94 789
4435 77 511
4436 59 633
4437 93 941
4438 98 932
4439 95 178
4440 10 668
4441 45 277
4442 54 340
4443 85 695
4444 53 755
4445 71 866
4446 81 527
4447 49 541
4448 26 366
4449 79 488
4450 35 716
4451 2 601
4452 32 771
4453 63 207
4454 55 756
4455 19 63
4456 68 928
4457 45 406
4458 75 832
4459 82 317
4460 74 27
4461 33 628
4462 58 714
4463 95 78
4464 42 768
4465 41 658
4466 90 219
4467 25 106
4468 95 30
4469 35 557
4470 84 986
4471 41 898
4472 82 712
4473 76 11
4474 55 850
4475 99 864
4476 45 984
4477 76 19
4478 11 402
4479 85 525
4480 12 386
4481 29 791
4482 33 68
4483 49 241
4484 25 863
4485 39 880
4486 57 272
4487 83 448
4488 91 989
4489 53 605
4490 80 76
4491 29 526
4492 36 546
4493 25 996
4494 76 311
4495 22 970
4496 8 330
4497 6 483
4498 100 85
4499 49 250
4500 96 385
4501 57 552
4502 88 268
4503 5 753
4504 81 157
4505 87 928
4506 91 752
4507 19 111
4508 45 305
4509 30 792
4510 89 559
4511 29 933
4512 39 304
4513 56 409
4514 15 360
4515 74 258
4516 15 365
4517 72 822
4518 11 712
4519 5 709
4520 42 991
4521 11 608
4522 3 497
4523 8 696
4524 15 174
4525 72 367
4526 86 569
4527 82 513
4528 52 178
4529 83 696
4530 8 830
4531 22 774
4532 15 265
4533 68 542
4534 2 804
4535 57 486
4536 36 614
4537 97 336
4538 82 533
4539 7 516
4540 2 749
4541 100 571
4542 21 930
4543 10 809
4544 46 894
4545 10 12
4546 5 937
4547 10 938
4548 50 850
4549 18 583
4550 15 592
4551 8 480
4552 83 614
4553 2 513
4554 69 47
4555 14 990
4556 85 505
4557 21 445
4558 3 891
4559 48 259
4560 43 422
4561 88 677
4562 49 212
4563 27 599
4564 15 931
4565 17 412
4566 32 40
4567 100 676
4568 70 955
4569 63 340
4570 72 371
4571 15 413
4572 1 395
4573 3 947
4574 7 183
4575 45 219
4576 98 88
4577 87 502
4578 23 126
4579 93 604
4580 27 343
4581 39 58
4582 60 721
4583 18 963
4584 15 867
4585 44 955
4586 89 15
4587 62 380
4588 28 106
4589 5 412
4590 31 942
4591 47 713
4592 50 706
4593 26 812
4594 61 825
4595 65 128
4596 92 808
4597 11 207
4598 99 888
4599 53 183
4600 6 241
4601 72 397
4602 87 106
4603 100 149
4604 50 146
4605 64 823
4606 16 720
4607 45 330
4608 49 789
4609 9 993
4610 75 197
4611 42 980
4612 21 235
4613 7 66
4614 12 212
4615 27 565
4616 40 380
4617 92 339
4618 65 539
4619 12 806
4620 55 446
4621 70 393
4622 44 342
4623 35 861
4624 56 249
4625 92 677
4626 55 986
4627 92 71
4628 32 293
4629 49 871
4630 71 952
4631 16 855
4632 2 575
4633 15 226
4634 77 575
4635 93 183
4636 45 180
4637 78 691
4638 74 507
4639 10 273
4640 60 478
4641 95 630
4642 94 666
4643 88 410
4644 37 44
4645 98 447
4646 78 177
4647 25 331
4648 34 727
4649 50 570
4650 29 322
4651 90 602
4652 77 840
4653 70 549
4654 95 598
4655 88 33
4656 26 116
4657 58 226
4658 37 848
4659 50 611
4660 91 765
4661 94 93
4662 58 243
4663 40 725
4664 17 516
4665 90 196
4666 33 597
4667 27 141
4668 9 248
4669 35 564
4670 49 725
4671 8 454
4672 34 612
4673 35 919
4674 31 289
4675 30 643
4676 4 335
4677 54 782
4678 32 468
4679 72 459
4680 4 891
4681 70 899
4682 21 203
4683 83 800
4684 89 847
4685 82 889
4686 18 487
4687 28 541
4688 96 326
4689 76 769
4690 90 507
4691 59 402
4692 76 9
4693 41 473
4694 87 764
4695 60 143
4696 30 618
4697 70 321
4698 28 935
4699 73 492
4700 39 434
4701 35 229
4702 78 812
4703 75 718
4704 39 174
4705 29 154
4706 13 737
4707 31 362
4708 98 453
4709 67 450
4710 65 5
4711 26 730
4712 89 50
4713 49 613
4714 34 655
4715 7 579
4716 34 192
4717 72 575
4718 16 583
4719 69 364
4720 59 23
4721 88 912
4722 85 716
4723 39 21
4724 14 381
4725 95 160
4726 41 715
4727 89 370
4728 77 313
4729 72 5
4730 52 706
4731 3 893
4732 64 978
4733 17 482
4734 13 519
4735 26 639
4736 3 197
4737 3 673
4738 56 190
4739 64 258
4740 53 130
4741 54 809
4742 93 911
4743 85 208
4744 38 202
4745 82 807
4746 81 550
4747 36 72
4748 71 847
4749 79 529
4750 61 89
4751 44 498
4752 32 132
4753 65 448
4754 31 615
4755 63 538
4756 29 382
4757 37 785
4758 20 498
4759 94 86
4760 22 211
4761 31 531
4762 69 812
4763 68 889
4764 71 90
4765 74 18
4766 52 864
4767 92 799
4768 50 487
4769 89 966
4770 52 727
4771 55 626
4772 83 201
4773 74 694
4774 82 628
4775 44 764
4776 99 451
4777 58 949
4778 54 939
4779 67 197
4780 44 752
4781 17 220
4782 73 62
4783 73 926
4784 1 213
4785 51 805
4786 78 702
4787 78 62
4788 5 279
4789 28 665
4790 73 342
4791 91 767
4792 42 75
4793 95 234
4794 14 415
4795 26 599
4796 75 930
4797 91 418
4798 11 116
4799 51 583
4800 43 173
4801 13 898
4802 47 369
4803 12 879
4804 56 665
4805 5 440
4806 2 493
4807 91 410
4808 79 682
4809 5 93
4810 52 358
4811 81 274
4812 94 226
4813 72 254
4814 35 518
4815 67 982
4816 29 208
4817 74 154
4818 81 756
4819 48 46
4820 82 365
4821 44 579
4822 99 759
4823 83 789
4824 56 219
4825 23 534
4826 15 363
4827 50 581
4828 20 377
4829 54 306
4830 100 333
4831 8 96
4832 68 113
4833 63 196
4834 76 259
4835 83 537
4836 55 475
4837 84 203
4838 6 476
4839 51 341
4840 43 368
4841 39 101
4842 32 554
4843 2 839
4844 51 201
4845 68 440
4846 34 898
4847 5 171
4848 26 977
4849 63 455
4850 38 743
4851 10 256
4852 36 950
4853 51 801
4854 18 950
4855 72 90
4856 91 288
4857 3 77
4858 53 79
4859 98 149
4860 86 59
4861 78 625
4862 8 200
4863 51 181
4864 65 210
4865 41 864
4866 7 536
4867 32 83
4868 83 563
4869 49 943
4870 15 653
4871 61 507
4872 25 719
4873 4 680
4874 61 323
4875 40 766
4876 42 421
4877 23 828
4878 63 825
4879 33 854
4880 62 787
4881 24 508
4882 24 945
4883 89 848
4884 57 853
4885 62 3
4886 88 200
4887 1 229
4888 88 914
4889 80 374
4890 28 853
4891 78 172
4892 42 63
4893 89 519
4894 68 109
4895 15 436
4896 19 580
4897 79 793
4898 57 597
4899 18 340
4900 55 841
4901 96 294
4902 12 261
4903 45 779
4904 72 928
4905 50 236
4906 50 334
4907 26 362
4908 4 694
4909 59 89
4910 58 673
4911 40 395
4912 65 657
4913 5 963
4914 76 505
4915 8 391
4916 68 223
4917 94 568
4918 86 299
4919 69 153
4920 17 71
4921 4 182
4922 49 955
4923 24 404
4924 33 80
4925 20 968
4926 64 877
4927 38 788
4928 40 677
4929 5 528
4930 42 742
4931 14 439
4932 94 972
4933 19 631
4934 70 811
4935 38 407
4936 84 809
4937 99 604
4938 48 917
4939 1 100
4940 11 412
4941 81 944
4942 2 524
4943 50 571
4944 98 262
4945 10 330
4946 96 1000
4947 51 624
4948 63 337
4949 62 777
4950 48 237
4951 81 790
4952 93 726
4953 57 210
4954 55 842
4955 79 763
4956 81 468
4957 20 566
4958 8 419
4959 25 757
4960 40 489
4961 81 916
4962 8 674
4963 76 326
4964 37 300
4965 11 64
4966 58 871
4967 2 374
4968 28 513
4969 62 708
4970 48 731
4971 66 720
4972 9 409
4973 65 912
4974 39 513
4975 96 389
4976 26 707
4977 89 85
4978 72 360
4979 84 809
4980 16 771
4981 68 109
4982 23 790
4983 46 361
4984 53 329
4985 19 91
4986 88 151
4987 10 521
4988 47 265
4989 54 981
4990 72 656
4991 56 414
4992 8 544
4993 26 53
4994 33 653
4995 22 431
4996 86 41
4997 90 372
4998 37 319
4999 84 653
5000 52 980
5001 98 926
5002 26 295
5003 17 852
5004 56 351
5005 44 191
5006 47 677
5007 30 466
5008 67 672
5009 9 919
5010 91 351
5011 70 626
5012 78 43
5013 98 397
5014 33 227
5015 77 916
5016 24 289
5017 81 749
5018 14 405
5019 12 447
5020 48 991
5021 37 731
5022 33 69
5023 54 362
5024 80 544
5025 85 468
5026 52 816
5027 41 876
5028 38 56
5029 99 863
5030 78 898
5031 78 695
5032 27 822
5033 85 415
5034 75 691
5035 50 232
5036 93 842
5037 82 709
5038 88 846
5039 93 741
5040 52 844
5041 73 729
5042 88 570
5043 100 408
5044 83 553
5045 35 454
5046 24 560
5047 36 658
5048 82 901
5049 45 584
5050 7 805
5051 19 462
5052 75 393
5053 32 749
5054 1 886
5055 85 947
5056 91 835
5057 41 70
5058 91 440
5059 13 890
5060 56 291
5061 32 430
5062 61 347
5063 44 746
5064 9 848
5065 55 292
5066 80 265
5067 23 749
5068 38 577
5069 52 380
5070 51 646
5071 1 549
5072 92 575
5073 61 880
5074 59 60
5075 95 308
5076 32 133
5077 66 381
5078 93 799
5079 93 39
5080 48 57
5081 51 934
5082 2 998
5083 79 892
5084 4 994
5085 40 831
5086 25 620
5087 43 402
5088 34 778
5089 95 696
5090 79 746
5091 99 892
5092 45 270
5093 44 515
5094 61 420
5095 95 155
5096 6 171
5097 80 225
5098 14 192
5099 91 577
5100 89 741
5101 72 418
5102 45 848
5103 97 388
5104 72 363
5105 51 920
5106 76 195
5107 49 193
5108 7 88
5109 88 59
5110 87 907
5111 46 492
5112 13 619
5113 94 505
5114 91 650
5115 71 922
5116 80 913
5117 1 356
5118 21 229
5119 96 841
5120 90 79
5121 32 973
5122 80 39
5123 44 713
5124 9 701
5125 67 363
5126 38 80
5127 8 121
5128 86 664
5129 51 471
5130 8 515
5131 81 426
5132 41 779
5133 21 263
5134 46 435
5135 30 193
5136 86 57
5137 10 987
5138 46 180
5139 48 718
5140 83 994
5141 25 784
5142 42 387
5143 70 728
5144 12 395
5145 31 112
5146 69 750
5147 66 87
5148 50 144
5149 95 94
5150 19 418
5151 59 412
5152 60 283
5153 41 638
5154 50 39
5155 100 885
5156 100 981
5157 18 54
5158 20 990
5159 12 72
5160 12 538
5161 11 223
5162 77 915
5163 62 967
5164 22 757
5165 44 167
5166 90 465
5167 56 788
5168 77 407
5169 93 506
5170 18 627
5171 39 292
5172 21 314
5173 35 344
5174 33 612
5175 56 493
5176 31 169
5177 76 357
5178 49 738
5179 15 420
5180 4 92
5181 32 793
5182 74 375
5183 82 469
5184 5 198
5185 93 755
5186 63 9
5187 5 321
5188 40 97
5189 49 241
5190 51 111
5191 19 143
5192 43 825
5193 2 751
5194 91 499
5195 13 941
5196 28 154
5197 1 817
5198 32 760
5199 79 825
5200 15 698
5201 64 37
5202 80 86
5203 51 814
5204 60 376
5205 72 991
5206 88 795
5207 1 175
5208 52 774
5209 6 199
5210 46 998
5211 12 757
5212 69 213
5213 17 764
5214 59 713
5215 81 998
5216 35 506
5217 82 910
5218 9 799
5219 65 707
5220 85 659
5221 7 462
5222 69 741
5223 98 456
5224 10 605
5225 19 500
5226 89 65
5227 31 996
5228 65 372
5229 87 622
5230 72 978
5231 94 918
5232 38 701
5233 41 434
5234 78 75
5235 24 666
5236 95 25
5237 32 887
5238 91 806
5239 6 144
5240 22 944
5241 92 701
5242 85 646
5243 2 333
5244 96 437
5245 25 75
5246 39 968
5247 69 446
5248 90 863
5249 18 458
5250 6 98
5251 75 559
5252 84 969
5253 67 567
5254 44 725
5255 33 393
5256 9 674
5257 98 998
5258 89 69
5259 62 983
5260 59 16
5261 25 960
5262 78 663
5263 92 537
5264 6 546
5265 77 351
5266 8 914
5267 12 646
5268 18 203
5269 83 845
5270 20 924
5271 98 138
5272 13 951
5273 20 810
5274 57 7
5275 34 656
5276 62 611
5277 76 868
5278 4 329
5279 25 592
5280 98 545
5281 53 828
5282 74 256
5283 24 139
5284 35 995
5285 75 701
5286 18 520
5287 55 162
5288 13 442
5289 16 144
5290 78 199
5291 31 961
5292 33 854
5293 19 75
5294 1 31
5295 65 55
5296 18 390
5297 75 653
5298 81 254
5299 12 300
5300 45 601
5301 38 939
5302 32 298
5303 79 59
5304 53 555
5305 76 862
5306 51 441
5307 1 512
5308 4 548
5309 32 307
5310 45 381
5311 52 293
5312 71 270
5313 13 608
5314 31 940
5315 91 340
5316 44 681
5317 42 778
5318 88 111
5319 68 526
5320 36 193
5321 24 979
5322 98 880
5323 94 536
5324 15 731
5325 39 319
5326 83 302
5327 95 179
5328 10 778
5329 44 219
5330 14 590
5331 57 820
5332 73 861
5333 9 135
5334 30 501
5335 72 807
5336 65 707
5337 66 878
5338 65 249
5339 65 175
5340 90 860
5341 56 43
5342 7 45
5343 39 225
5344 6 356
5345 67 961
5346 38 750
5347 51 577
5348 75 843
5349 83 489
5350 28 284
5351 3 926
5352 15 617
5353 20 260
5354 61 673
5355 65 29
5356 19 522
5357 28 909
5358 66 636
5359 38 332
5360 21 82
5361 39 207
5362 71 767
5363 52 309
5364 90 460
5365 71 772
5366 85 781
5367 21 258
5368 47 425
5369 2 440
5370 11 608
5371 57 336
5372 82 261
5373 28 766
5374 3 855
5375 55 78
5376 31 134
5377 74 752
5378 48 907
5379 82 208
5380 85 551
5381 63 299
5382 14 680
5383 55 918
5384 94 780
5385 57 515
5386 11 810
5387 90 584
5388 42 308
5389 88 133
5390 46 820
5391 25 113
5392 56 282
5393 89 363
5394 12 732
5395 58 963
5396 88 962
5397 4 627
5398 4 599
5399 46 107
5400 58 861
5401 71 675
5402 48 46
5403 19 21
5404 76 488
5405 21 48
5406 12 218
5407 49 982
5408 91 268
5409 33 862
5410 81 572
5411 75 142
5412 33 108
5413 16 901
5414 68 874
5415 6 68
5416 85 243
5417 13 823
5418 38 204
5419 92 147
5420 34 854
5421 34 835
5422 42 766
5423 60 773
5424 96 11
5425 79 737
5426 46 254
5427 63 442
5428 67 769
5429 21 839
5430 43 756
5431 56 757
5432 23 200
5433 88 526
5434 28 172
5435 78 858
5436 12 207
5437 58 6
5438 14 365
5439 13 652
5440 72 504
5441 11 337
5442 15 920
5443 82 500
5444 65 504
5445 56 176
5446 94 709
5447 94 293
5448 64 55
5449 85 49
5450 47 994
5451 7 425
5452 69 579
5453 76 775
5454 17 167
5455 44 607
5456 23 532
5457 21 347
5458 60 524
5459 48 736
5460 69 645
5461 45 863
5462 63 90
5463 69 575
5464 88 906
5465 51 285
5466 25 539
5467 51 354
5468 57 433
5469 100 810
5470 74 609
5471 98 797
5472 45 696
5473 94 1000
5474 53 453
5475 5 774
5476 29 180
5477 24 552
5478 81 445
5479 82 775
5480 29 142
5481 77 455
5482 28 398
5483 99 669
5484 43 102
5485 26 392
5486 47 66
5487 85 545
5488 20 530
5489 86 713
5490 73 704
5491 43 872
5492 3 688
5493 74 399
5494 96 279
5495 40 557
5496 45 838
5497 15 399
5498 73 561
5499 14 670
5500 28 543
5501 66 469
5502 60 989
5503 93 87
5504 96 271
5505 53 157
5506 94 450
5507 62 67
5508 39 529
5509 97 698
5510 17 946
5511 14 577
5512 69 605
5513 85 443
5514 18 625
5515 4 120
5516 36 702
5517 76 245
5518 29 306
5519 7 180
5520 5 621
5521 54 171
5522 89 124
5523 8 413
5524 46 83
5525 31 423
5526 63 103
5527 71 394
5528 25 38
5529 93 947
5530 60 24
5531 87 45
5532 98 311
5533 8 76
5534 86 807
5535 31 992
5536 9 244
5537 98 119
5538 7 437
5539 5 920
5540 52 594
5541 37 574
5542 62 762
5543 22 368
5544 44 161
5545 15 463
5546 99 247
5547 10 76
5548 31 242
5549 6 35
5550 77 517
5551 41 424
5552 38 402
5553 8 631
5554 65 645
5555 57 492
5556 38 391
5557 10 847
5558 13 683
5559 71 335
5560 2 469
5561 11 565
5562 29 180
5563 34 983
5564 90 95
5565 36 120
5566 4 718
5567 79 275
5568 5 362
5569 55 796
5570 69 281
5571 25 885
5572 23 368
5573 55 788
5574 8 443
5575 93 945
5576 31 483
5577 77 436
5578 64 412
5579 80 590
5580 43 516
5581 22 627
5582 91 357
5583 27 80
5584 29 517
5585 73 317
5586 33 404
5587 79 118
5588 80 142
5589 100 615
5590 22 831
5591 54 671
5592 83 25
5593 56 835
5594 15 299
5595 82 154
5596 43 154
5597 74 66
5598 54 66
5599 74 539
5600 90 506
5601 81 896
5602 77 352
5603 100 292
5604 22 962
5605 95 936
5606 81 601
5607 59 680
5608 74 363
5609 60 373
5610 8 996
5611 34 996
5612 89 84
5613 88 594
5614 20 604
5615 7 628
5616 3 83
5617 93 59
5618 94 437
5619 23 187
5620 79 300
5621 33 187
5622 44 668
5623 14 564
5624 82 201
5625 11 587
5626 14 577
5627 84 589
5628 81 932
5629 31 341
5630 33 252
5631 5 353
5632 40 280
5633 68 490
5634 37 632
5635 9 590
5636 84 748
5637 99 188
5638 11 105
5639 99 772
5640 47 64
5641 48 773
5642 66 991
5643 67 505
5644 1 802
5645 66 720
5646 38 245
5647 65 398
5648 66 27
5649 87 864
5650 3 402
5651 68 303
5652 2 593
5653 76 786
5654 75 641
5655 50 773
5656 88 763
5657 67 575
5658 13 592
5659 27 689
5660 24 314
5661 99 90
5662 59 159
5663 49 837
5664 41 818
5665 8 327
5666 51 977
5667 48 436
5668 58 485
5669 59 880
5670 27 52
5671 48 115
5672 66 997
5673 99 590
5674 59 519
5675 22 339
5676 30 22
5677 72 202
5678 13 372
5679 49 832
5680 68 259
5681 55 92
5682 37 491
5683 59 29
5684 24 297
5685 67 295
5686 56 51
5687 37 321
5688 20 636
5689 67 841
5690 52 855
5691 7 97
5692 83 568
5693 81 363
5694 95 678
5695 67 128
5696 67 310
5697 31 825
5698 24 750
5699 21 16
5700 70 83
5701 19 321
5702 10 246
5703 90 8
5704 83 945
5705 74 927
5706 24 30
5707 93 82
5708 49 157
5709 67 298
5710 99 408
5711 19 817
5712 20 759
5713 25 839
5714 37 807
5715 46 401
5716 75 701
5717 100 909
5718 100 663
5719 45 216
5720 70 389
5721 39 819
5722 93 150
5723 14 525
5724 25 816
5725 57 935
5726 41 596
5727 12 775
5728 62 268
5729 17 398
5730 47 396
5731 93 742
5732 92 792
5733 90 911
5734 93 206
5735 53 675
5736 45 698
5737 56 532
5738 8 717
5739 73 668
5740 90 389
5741 98 209
5742 69 188
5743 65 748
5744 73 474
5745 31 441
5746 15 203
5747 54 968
5748 89 834
5749 61 121
5750 24 333
5751 77 922
5752 91 511
5753 20 106
5754 44 469
5755 86 449
5756 39 485
5757 68 202
5758 84 807
5759 80 266
5760 29 188
5761 76 811
5762 77 420
5763 74 840
5764 37 180
5765 79 723
5766 95 204
5767 27 280
5768 67 578
5769 97 920
5770 94 856
5771 18 471
5772 85 312
5773 23 446
5774 75 63
5775 72 143
5776 31 22
5777 67 491
5778 8 19
5779 44 382
5780 70 194
5781 7 214
5782 100 892
5783 19 321
5784 78 284
5785 88 951
5786 9 394
5787 79 168
5788 77 84
5789 31 199
5790 80 532
5791 93 321
5792 34 41
5793 69 302
5794 25 237
5795 30 489
5796 95 521
5797 100 360
5798 85 426
5799 50 467
5800 90 614
5801 86 944
5802 97 78
5803 83 219
5804 30 312
5805 95 794
5806 11 83
5807 25 709
5808 100 785
5809 29 873
5810 5 648
5811 1 491
5812 47 857
5813 1 729
5814 76 345
5815 55 938
5816 57 492
5817 61 751
5818 18 944
5819 69 295
5820 100 409
5821 6 138
5822 54 231
5823 6 885
5824 12 659
5825 23 244
5826 56 782
5827 3 305
5828 47 508
5829 41 586
5830 16 342
5831 25 653
5832 54 539
5833 48 847
5834 100 806
5835 61 992
5836 69 105
5837 27 193
5838 26 432
5839 24 510
5840 55 152
5841 94 871
5842 60 740
5843 78 208
5844 98 214
5845 9 891
5846 80 968
5847 36 339
5848 29 977
5849 23 58
5850 93 664
5851 85 75
5852 59 632
5853 40 807
5854 90 617
5855 16 762
5856 45 292
5857 3 882
5858 80 817
5859 34 515
5860 87 185
5861 84 621
5862 26 689
5863 22 449
5864 94 992
5865 76 698
5866 4 822
5867 33 863
5868 82 991
5869 35 804
5870 98 260
5871 24 251
5872 31 656
5873 32 451
5874 47 117
5875 24 700
5876 30 354
5877 79 944
5878 81 861
5879 19 15
5880 69 471
5881 83 279
5882 69 904
5883 52 496
5884 37 921
5885 94 443
5886 37 344
5887 39 663
5888 52 466
5889 100 166
5890 96 286
5891 52 845
5892 31 515
5893 5 537
5894 36 643
5895 18 235
5896 24 501
5897 33 955
5898 81 899
5899 71 273
5900 93 725
5901 54 173
5902 58 288
5903 33 319
5904 79 483
5905 65 357
5906 14 659
5907 24 739
5908 27 896
5909 24 712
5910 80 172
5911 72 530
5912 79 491
5913 43 612
5914 99 306
5915 14 804
5916 80 891
5917 57 540
5918 96 315
5919 36 888
5920 59 757
5921 4 686
5922 23 626
5923 14 937
5924 25 837
5925 30 162
5926 91 769
5927 80 504
5928 82 305
5929 16 281
5930 97 397
5931 80 539
5932 19 308
5933 1 639
5934 96 835
5935 77 617
5936 42 894
5937 17 681
5938 63 319
5939 49 903
5940 33 291
5941 28 814
5942 80 575
5943 81 685
5944 52 806
5945 57 513
5946 90 750
5947 66 831
5948 56 923
5949 42 17
5950 59 395
5951 67 51
5952 85 44
5953 33 354
5954 78 342
5955 38 235
5956 9 363
5957 94 69
5958 57 242
5959 19 642
5960 18 874
5961 63 309
5962 14 577
5963 52 621
5964 6 17
5965 62 661
5966 62 376
5967 19 171
5968 15 748
5969 80 133
5970 19 31
5971 59 977
5972 20 143
5973 53 402
5974 79 45
5975 1 253
5976 18 410
5977 1 806
5978 53 943
5979 44 419
5980 64 908
5981 67 638
5982 49 46
5983 87 534
5984 98 460
5985 47 401
5986 25 71
5987 87 986
5988 58 860
5989 90 387
5990 56 668
5991 82 512
5992 52 307
5993 13 49
5994 87 140
5995 2 274
5996 90 119
5997 70 18
5998 95 639
5999 52 856
6000 35 114
748925.5
