8000
1 94 366
2 83 199
3 93 633
4 51 118
5 48 943
6 82 630
7 51 9
8 17 181
9 13 755
10 69 932
11 26 873
12 91 326
13 93 533
14 31 129
15 54 598
16 11 797
17 26 232
18 68 862
19 44 648
20 64 7
21 24 662
22 100 335
23 4 776
24 32 267
25 90 978
26 12 394
27 40 922
28 96 672
29 91 317
30 34 829
31 65 922
32 39 962
33 7 766
34 52 329
35 87 993
36 91 74
37 67 774
38 16 576
39 7 76
40 17 474
41 80 258
42 57 239
43 45 762
44 97 904
45 35 459
46 29 285
47 25 352
48 24 132
49 53 350
50 66 926
51 26 118
52 40 190
53 48 983
54 47 248
55 65 423
56 8 66
57 45 601
58 50 113
59 47 668
60 88 646
61 88 388
62 6 762
63 98 442
64 57 866
65 61 510
66 50 583
67 14 917
68 31 568
69 63 316
70 43 60
71 54 612
72 87 589
73 56 596
74 88 116
75 52 871
76 84 810
77 57 972
78 24 696
79 100 304
80 11 325
81 13 200
82 96 311
83 59 818
84 97 419
85 43 751
86 59 813
87 65 290
88 28 786
89 19 257
90 93 24
91 63 350
92 5 526
93 65 550
94 44 204
95 57 155
96 95 193
97 22 858
98 94 968
99 43 652
100 100 343
101 89 658
102 67 199
103 2 150
104 12 326
105 94 714
106 90 535
107 24 803
108 26 319
109 60 96
110 45 83
111 84 454
112 61 794
113 1 399
114 69 238
115 11 120
116 87 77
117 7 246
118 74 587
119 81 568
120 39 656
121 74 753
122 86 879
123 67 995
124 12 666
125 74 653
126 64 166
127 53 478
128 79 802
129 80 912
130 42 808
131 88 923
132 47 850
133 41 942
134 8 762
135 29 164
136 95 483
137 4 916
138 46 867
139 18 68
140 77 336
141 12 160
142 90 213
143 31 585
144 41 483
145 79 201
146 44 272
147 9 388
148 59 305
149 88 750
150 57 1000
151 17 233
152 71 159
153 31 125
154 89 108
155 25 392
156 60 449
157 72 17
158 36 353
159 18 858
160 26 743
161 47 723
162 82 245
163 48 479
164 56 989
165 32 678
166 21 379
167 79 960
168 27 716
169 82 261
170 100 972
171 63 189
172 94 937
173 3 794
174 81 556
175 94 979
176 19 149
177 55 677
178 85 7
179 5 794
180 54 39
181 65 734
182 83 842
183 74 866
184 94 572
185 41 167
186 67 612
187 31 473
188 33 861
189 38 70
190 85 235
191 54 665
192 84 272
193 72 185
194 7 468
195 64 35
196 78 153
197 77 838
198 74 687
199 96 745
200 63 701
201 14 995
202 25 55
203 92 491
204 45 676
205 51 64
206 72 184
207 94 763
208 44 376
209 74 881
210 38 475
211 8 317
212 26 661
213 30 374
214 96 120
215 40 522
216 9 783
217 87 260
218 64 737
219 97 938
220 91 196
221 31 702
222 33 612
223 45 485
224 72 62
225 14 611
226 55 180
227 38 89
228 81 448
229 50 796
230 22 899
231 66 788
232 12 129
233 69 120
234 76 614
235 17 572
236 91 870
237 50 251
238 40 779
239 30 826
240 50 972
241 64 157
242 32 286
243 85 292
244 71 38
245 66 835
246 29 837
247 67 177
248 84 170
249 69 311
250 71 368
251 65 34
252 43 3
253 60 386
254 82 187
255 26 95
256 97 471
257 79 655
258 70 386
259 72 779
260 40 338
261 53 867
262 92 737
263 63 328
264 18 507
265 15 245
266 3 987
267 40 255
268 2 690
269 19 442
270 19 826
271 64 384
272 61 965
273 62 229
274 21 688
275 45 524
276 76 347
277 99 614
278 73 713
279 71 813
280 15 96
281 73 985
282 96 353
283 70 747
284 98 688
285 84 979
286 88 513
287 88 481
288 66 907
289 92 641
290 55 490
291 77 353
292 15 56
293 73 374
294 90 830
295 53 436
296 48 477
297 52 33
298 70 895
299 68 732
300 65 332
301 27 119
302 5 752
303 40 832
304 3 357
305 49 547
306 11 410
307 75 924
308 40 812
309 7 243
310 40 374
311 6 497
312 17 725
313 5 729
314 8 947
315 74 486
316 59 299
317 100 378
318 10 528
319 85 367
320 88 294
321 50 890
322 11 560
323 66 284
324 96 469
325 70 523
326 66 674
327 69 857
328 44 388
329 36 130
330 23 160
331 47 285
332 29 471
333 71 641
334 96 821
335 3 53
336 79 998
337 69 706
338 70 853
339 60 629
340 63 713
341 19 579
342 67 771
343 43 446
344 98 521
345 26 564
346 23 502
347 90 792
348 21 364
349 42 206
350 75 993
351 68 666
352 47 960
353 83 569
354 25 597
355 94 75
356 33 707
357 51 592
358 77 398
359 13 624
360 54 683
361 87 114
362 24 184
363 19 692
364 44 171
365 51 873
366 11 968
367 20 555
368 75 486
369 57 432
370 80 460
371 87 486
372 77 49
373 93 31
374 48 899
375 61 977
376 53 184
377 52 689
378 70 220
379 35 583
380 34 119
381 88 414
382 44 972
383 32 529
384 11 618
385 93 373
386 95 931
387 28 269
388 100 637
389 50 997
390 73 253
391 75 146
392 26 332
393 32 647
394 42 435
395 51 564
396 70 196
397 18 480
398 19 480
399 71 573
400 4 135
401 26 31
402 99 89
403 96 840
404 60 403
405 42 20
406 21 708
407 21 42
408 84 773
409 58 968
410 32 986
411 54 500
412 31 604
413 40 566
414 95 403
415 47 910
416 66 702
417 36 906
418 52 220
419 14 119
420 14 375
421 66 732
422 18 756
423 56 342
424 2 733
425 23 536
426 85 510
427 58 851
428 6 347
429 82 816
430 92 92
431 18 737
432 17 812
433 9 364
434 62 913
435 76 98
436 58 762
437 94 469
438 93 219
439 82 610
440 75 44
441 33 530
442 16 17
443 13 535
444 87 597
445 2 734
446 37 763
447 46 742
448 72 387
449 69 155
450 25 322
451 3 16
452 16 278
453 38 584
454 24 225
455 45 798
456 53 12
457 77 851
458 24 528
459 65 937
460 18 754
461 92 825
462 53 57
463 22 638
464 52 155
465 80 400
466 14 284
467 53 549
468 49 133
469 1 812
470 54 887
471 90 797
472 19 749
473 85 506
474 11 940
475 10 783
476 81 257
477 26 356
478 15 716
479 78 736
480 61 769
481 71 993
482 71 192
483 64 74
484 40 57
485 74 222
486 59 998
487 82 74
488 51 399
489 78 227
490 29 526
491 32 553
492 56 218
493 39 77
494 58 514
495 15 601
496 51 613
497 1 849
498 42 303
499 6 521
500 17 699
501 36 268
502 69 10
503 50 689
504 90 218
505 58 341
506 8 265
507 62 19
508 99 78
509 83 425
510 52 407
511 62 655
512 30 555
513 1 249
514 51 360
515 44 747
516 10 999
517 73 619
518 29 265
519 80 836
520 17 699
521 72 954
522 91 892
523 44 525
524 74 301
525 80 831
526 54 598
527 29 714
528 10 28
529 57 345
530 22 404
531 46 163
532 23 852
533 11 466
534 5 53
535 40 963
536 58 517
537 79 403
538 20 804
539 19 57
540 25 57
541 20 154
542 61 969
543 80 994
544 39 659
545 43 801
546 8 396
547 41 779
548 40 525
549 82 94
550 48 37
551 38 706
552 12 427
553 86 888
554 45 190
555 52 234
556 7 794
557 44 687
558 78 61
559 97 804
560 70 839
561 65 888
562 30 59
563 56 391
564 80 466
565 75 182
566 80 306
567 76 147
568 12 887
569 37 669
570 100 829
571 63 318
572 2 426
573 53 977
574 32 827
575 95 710
576 83 218
577 32 376
578 44 97
579 78 498
580 98 923
581 36 413
582 91 179
583 63 335
584 78 903
585 25 616
586 76 566
587 68 643
588 24 151
589 62 209
590 34 38
591 97 260
592 74 312
593 16 659
594 62 938
595 41 844
596 15 416
597 92 314
598 16 534
599 98 880
600 38 269
601 89 110
602 98 147
603 100 871
604 69 81
605 60 420
606 18 158
607 51 109
608 58 846
609 5 523
610 52 694
611 97 826
612 92 798
613 89 560
614 48 632
615 56 698
616 79 733
617 67 112
618 46 279
619 54 493
620 51 143
621 34 241
622 64 690
623 100 947
624 52 607
625 45 922
626 92 399
627 32 255
628 31 400
629 38 513
630 88 675
631 34 364
632 54 483
633 10 231
634 70 397
635 26 874
636 94 910
637 10 326
638 100 758
639 40 151
640 96 223
641 14 396
642 6 968
643 97 148
644 14 479
645 57 806
646 58 999
647 45 555
648 59 454
649 100 687
650 91 676
651 97 45
652 59 95
653 96 189
654 9 617
655 94 820
656 78 9
657 24 711
658 66 130
659 98 984
660 79 270
661 70 50
662 90 294
663 92 340
664 62 734
665 99 680
666 99 323
667 63 621
668 12 675
669 20 37
670 69 744
671 35 123
672 18 573
673 72 393
674 27 351
675 31 551
676 92 551
677 41 833
678 49 882
679 65 315
680 81 463
681 56 950
682 58 528
683 82 368
684 82 895
685 65 158
686 92 839
687 72 999
688 2 704
689 65 802
690 41 168
691 42 431
692 18 145
693 37 683
694 53 445
695 7 726
696 2 560
697 99 238
698 47 56
699 42 118
700 51 489
701 19 672
702 49 915
703 34 708
704 79 495
705 24 633
706 30 593
707 59 936
708 100 506
709 99 856
710 58 75
711 81 755
712 87 329
713 31 697
714 84 299
715 86 519
716 59 234
717 96 766
718 72 497
719 66 753
720 67 371
721 91 184
722 35 879
723 88 441
724 55 288
725 72 339
726 74 358
727 25 307
728 7 157
729 29 562
730 84 337
731 24 123
732 19 842
733 55 59
734 56 947
735 42 118
736 28 306
737 37 261
738 67 164
739 81 337
740 8 639
741 17 785
742 39 882
743 37 461
744 85 405
745 86 636
746 6 34
747 64 796
748 7 75
749 50 555
750 67 359
751 5 537
752 36 328
753 31 224
754 14 428
755 98 748
756 22 702
757 76 675
758 67 203
759 96 906
760 27 308
761 56 427
762 5 314
763 86 585
764 70 107
765 91 446
766 25 356
767 44 601
768 8 465
769 11 623
770 40 358
771 2 934
772 66 11
773 21 746
774 94 802
775 99 835
776 76 747
777 7 846
778 6 91
779 1 129
780 75 837
781 3 815
782 43 645
783 61 75
784 6 409
785 76 924
786 34 575
787 3 322
788 88 18
789 15 263
790 80 461
791 24 958
792 99 712
793 66 394
794 16 426
795 99 625
796 10 970
797 47 866
798 45 710
799 9 608
800 44 450
801 59 725
802 84 758
803 2 906
804 27 917
805 39 176
806 25 283
807 66 38
808 30 391
809 7 90
810 28 904
811 21 651
812 18 643
813 59 196
814 8 209
815 25 330
816 52 543
817 41 289
818 63 10
819 38 856
820 69 196
821 74 954
822 12 225
823 15 708
824 73 925
825 8 583
826 41 620
827 28 604
828 48 766
829 68 113
830 45 953
831 29 649
832 28 187
833 56 863
834 27 801
835 74 30
836 75 563
837 6 417
838 10 556
839 24 463
840 18 815
841 99 543
842 21 207
843 19 250
844 75 479
845 93 655
846 83 28
847 77 437
848 28 164
849 2 634
850 62 256
851 31 504
852 46 520
853 65 85
854 6 655
855 90 371
856 26 448
857 48 532
858 20 810
859 36 109
860 66 901
861 13 278
862 55 243
863 94 683
864 55 855
865 90 242
866 23 219
867 64 899
868 77 627
869 22 688
870 5 673
871 33 18
872 99 934
873 98 161
874 100 943
875 85 898
876 24 897
877 55 983
878 12 587
879 40 596
880 95 435
881 8 409
882 2 494
883 53 431
884 87 707
885 1 255
886 50 306
887 87 288
888 81 651
889 58 658
890 24 639
891 1 923
892 19 112
893 78 682
894 37 496
895 97 958
896 25 193
897 92 527
898 93 903
899 72 546
900 62 184
901 40 327
902 72 331
903 86 333
904 77 118
905 9 850
906 78 330
907 8 616
908 65 164
909 74 68
910 23 614
911 33 205
912 95 821
913 3 845
914 61 646
915 17 809
916 81 225
917 81 287
918 38 243
919 12 47
920 61 309
921 51 985
922 51 973
923 67 510
924 62 618
925 82 963
926 35 546
927 21 957
928 32 903
929 91 732
930 86 481
931 69 705
932 60 705
933 63 839
934 7 915
935 55 519
936 14 591
937 28 678
938 75 939
939 42 305
940 79 927
941 98 43
942 98 236
943 48 949
944 77 697
945 66 79
946 99 783
947 19 159
948 68 790
949 74 220
950 24 514
951 53 201
952 54 800
953 40 660
954 34 187
955 58 434
956 86 523
957 66 424
958 78 450
959 10 62
960 65 626
961 8 712
962 65 850
963 62 717
964 3 645
965 71 280
966 90 565
967 88 674
968 21 40
969 50 629
970 24 797
971 34 676
972 75 921
973 42 600
974 14 203
975 20 685
976 83 753
977 59 220
978 40 830
979 9 507
980 17 386
981 37 931
982 65 547
983 94 295
984 39 175
985 43 873
986 51 1000
987 90 37
988 72 623
989 49 340
990 6 949
991 71 64
992 15 587
993 19 892
994 5 358
995 50 650
996 38 646
997 89 207
998 20 11
999 68 160
1000 50 216
1001 70 478
1002 80 338
1003 89 554
1004 12 814
1005 62 347
1006 39 640
1007 43 696
1008 60 757
1009 99 941
1010 11 840
1011 13 4
1012 81 201
1013 17 394
1014 97 476
1015 22 3
1016 23 75
1017 63 277
1018 47 759
1019 65 366
1020 24 753
1021 57 424
1022 10 253
1023 95 153
1024 92 770
1025 66 543
1026 54 799
1027 99 583
1028 75 74
1029 62 16
1030 38 774
1031 87 425
1032 69 436
1033 90 955
1034 62 861
1035 85 200
1036 9 157
1037 4 585
1038 43 121
1039 25 967
1040 47 280
1041 67 323
1042 8 377
1043 13 101
1044 58 160
1045 38 618
1046 44 242
1047 17 232
1048 18 348
1049 56 952
1050 38 300
1051 9 842
1052 78 385
1053 83 61
1054 51 435
1055 46 939
1056 58 25
1057 57 268
1058 73 151
1059 17 39
1060 41 319
1061 87 305
1062 89 317
1063 38 441
1064 78 294
1065 43 993
1066 19 245
1067 46 189
1068 60 188
1069 84 742
1070 8 515
1071 2 868
1072 74 775
1073 7 359
1074 3 83
1075 50 893
1076 3 340
1077 72 211
1078 42 915
1079 32 636
1080 48 848
1081 79 188
1082 35 34
1083 91 408
1084 81 42
1085 63 805
1086 64 588
1087 70 759
1088 90 86
1089 19 59
1090 15 29
1091 98 497
1092 35 715
1093 12 502
1094 74 538
1095 17 451
1096 73 862
1097 72 622
1098 7 979
1099 18 643
1100 56 752
1101 7 181
1102 70 629
1103 42 145
1104 34 488
1105 20 260
1106 73 381
1107 22 146
1108 22 544
1109 2 165
1110 52 32
1111 82 359
1112 45 890
1113 10 557
1114 98 591
1115 65 625
1116 60 646
1117 97 797
1118 62 166
1119 3 696
1120 89 827
1121 36 713
1122 81 357
1123 6 284
1124 61 895
1125 54 212
1126 28 952
1127 72 227
1128 35 149
1129 23 441
1130 83 679
1131 60 397
1132 2 411
1133 86 608
1134 24 272
1135 11 569
1136 12 256
1137 2 494
1138 38 372
1139 88 767
1140 18 879
1141 23 234
1142 10 874
1143 99 85
1144 54 812
1145 35 5
1146 50 630
1147 81 480
1148 69 494
1149 15 445
1150 76 491
1151 84 526
1152 40 253
1153 32 240
1154 71 660
1155 25 957
1156 72 904
1157 32 447
1158 75 454
1159 38 818
1160 35 856
1161 80 311
1162 24 26
1163 27 334
1164 79 240
1165 79 70
1166 90 91
1167 43 172
1168 26 379
1169 32 195
1170 64 23
1171 63 569
1172 5 957
1173 6 42
1174 83 255
1175 45 803
1176 3 185
1177 62 940
1178 88 421
1179 56 480
1180 6 830
1181 15 601
1182 53 413
1183 98 319
1184 55 885
1185 7 51
1186 6 468
1187 80 608
1188 26 463
1189 92 243
1190 52 972
1191 51 292
1192 55 76
1193 90 764
1194 24 568
1195 68 706
1196 65 446
1197 31 220
1198 9 519
1199 29 476
1200 61 632
1201 24 619
1202 84 36
1203 75 578
1204 55 528
1205 2 305
1206 27 163
1207 100 545
1208 2 722
1209 11 211
1210 63 580
1211 39 663
1212 10 715
1213 21 462
1214 50 543
1215 33 242
1216 82 669
1217 36 749
1218 99 308
1219 22 670
1220 32 910
1221 99 153
1222 33 752
1223 2 912
1224 90 606
1225 87 309
1226 61 662
1227 66 141
1228 72 295
1229 39 804
1230 81 751
1231 86 569
1232 59 586
1233 35 976
1234 11 376
1235 52 37
1236 73 288
1237 7 696
1238 26 303
1239 50 277
1240 99 549
1241 24 302
1242 70 317
1243 65 603
1244 64 877
1245 34 366
1246 31 423
1247 86 814
1248 22 152
1249 49 765
1250 62 714
1251 64 1000
1252 66 247
1253 20 913
1254 33 90
1255 8 271
1256 84 597
1257 89 747
1258 15 154
1259 79 210
1260 96 660
1261 90 808
1262 46 316
1263 76 568
1264 90 627
1265 86 26
1266 35 304
1267 80 51
1268 39 805
1269 81 504
1270 8 105
1271 39 239
1272 5 5
1273 26 75
1274 49 285
1275 85 851
1276 5 958
1277 40 35
1278 2 405
1279 62 877
1280 55 436
1281 77 764
1282 50 222
1283 92 931
1284 77 480
1285 72 691
1286 59 63
1287 41 715
1288 88 812
1289 6 69
1290 19 563
1291 21 386
1292 9 813
1293 85 919
1294 82 95
1295 37 808
1296 40 451
1297 83 982
1298 18 161
1299 45 508
1300 75 895
1301 42 86
1302 16 644
1303 83 282
1304 59 461
1305 79 239
1306 58 570
1307 92 191
1308 72 741
1309 50 229
1310 78 802
1311 30 385
1312 17 702
1313 7 982
1314 93 603
1315 80 339
1316 81 300
1317 11 664
1318 21 938
1319 84 266
1320 86 717
1321 47 964
1322 57 365
1323 78 553
1324 54 844
1325 93 752
1326 25 746
1327 5 111
1328 83 836
1329 26 832
1330 18 799
1331 27 134
1332 16 407
1333 32 160
1334 32 158
1335 12 796
1336 69 722
1337 55 393
1338 60 35
1339 87 109
1340 14 500
1341 66 6
1342 16 277
1343 34 405
1344 80 12
1345 39 489
1346 15 64
1347 12 690
1348 54 573
1349 75 892
1350 62 345
1351 2 362
1352 78 15
1353 95 475
1354 4 348
1355 12 347
1356 29 5
1357 55 851
1358 19 372
1359 43 15
1360 60 822
1361 95 216
1362 34 265
1363 67 133
1364 82 324
1365 24 680
1366 32 25
1367 9 591
1368 49 161
1369 40 982
1370 49 26
1371 4 266
1372 19 519
1373 22 745
1374 49 189
1375 52 309
1376 46 914
1377 44 256
1378 55 223
1379 84 320
1380 20 880
1381 35 193
1382 76 404
1383 3 552
1384 39 909
1385 9 469
1386 32 327
1387 39 412
1388 88 232
1389 70 672
1390 41 348
1391 97 497
1392 29 743
1393 62 683
1394 50 262
1395 39 879
1396 96 186
1397 63 873
1398 19 274
1399 6 932
1400 32 183
1401 86 531
1402 76 999
1403 75 109
1404 2 55
1405 7 837
1406 49 707
1407 44 384
1408 40 166
1409 60 44
1410 28 512
1411 47 617
1412 45 95
1413 41 215
1414 87 985
1415 82 214
1416 19 21
1417 29 518
1418 69 544
1419 10 891
1420 100 574
1421 60 941
1422 52 774
1423 53 905
1424 47 53
1425 67 438
1426 91 632
1427 7 225
1428 3 811
1429 46 758
1430 73 506
1431 33 59
1432 68 546
1433 1 33
1434 92 651
1435 27 969
1436 48 374
1437 72 883
1438 24 166
1439 36 988
1440 32 42
1441 63 587
1442 69 433
1443 34 848
1444 99 722
1445 57 108
1446 80 848
1447 79 362
1448 84 102
1449 67 885
1450 93 14
1451 39 41
1452 79 427
1453 43 244
1454 57 905
1455 33 961
1456 87 279
1457 17 540
1458 20 956
1459 74 481
1460 100 457
1461 56 108
1462 70 286
1463 9 153
1464 5 128
1465 34 366
1466 25 573
1467 38 12
1468 87 525
1469 93 703
1470 21 134
1471 66 721
1472 12 260
1473 40 553
1474 81 683
1475 94 508
1476 6 811
1477 33 964
1478 31 164
1479 68 804
1480 55 666
1481 64 154
1482 12 801
1483 56 1000
1484 31 620
1485 59 497
1486 64 869
1487 74 435
1488 96 777
1489 84 170
1490 15 723
1491 12 286
1492 70 53
1493 50 8
1494 64 778
1495 22 666
1496 12 461
1497 60 219
1498 79 825
1499 80 427
1500 15 177
1501 91 350
1502 41 75
1503 89 149
1504 87 496
1505 92 695
1506 77 108
1507 17 625
1508 15 268
1509 63 488
1510 56 165
1511 35 667
1512 22 492
1513 41 241
1514 79 151
1515 9 541
1516 4 748
1517 41 141
1518 91 957
1519 20 297
1520 85 903
1521 68 364
1522 3 289
1523 52 547
1524 11 520
1525 52 269
1526 9 903
1527 80 364
1528 50 913
1529 58 389
1530 39 486
1531 43 970
1532 51 890
1533 52 677
1534 54 538
1535 43 26
1536 93 779
1537 83 121
1538 32 942
1539 94 614
1540 91 365
1541 17 813
1542 38 983
1543 93 567
1544 11 262
1545 96 513
1546 92 773
1547 13 626
1548 86 990
1549 18 948
1550 53 814
1551 30 131
1552 87 916
1553 80 442
1554 54 145
1555 45 701
1556 100 198
1557 29 352
1558 40 948
1559 20 53
1560 71 148
1561 46 938
1562 45 487
1563 21 458
1564 49 42
1565 27 818
1566 64 473
1567 11 501
1568 2 493
1569 68 312
1570 42 113
1571 68 94
1572 21 24
1573 37 741
1574 7 210
1575 94 516
1576 41 871
1577 62 318
1578 85 565
1579 43 413
1580 57 158
1581 49 290
1582 85 414
1583 58 137
1584 45 183
1585 77 548
1586 56 232
1587 37 946
1588 64 865
1589 99 224
1590 25 694
1591 69 477
1592 94 245
1593 53 916
1594 74 479
1595 32 843
1596 78 73
1597 91 689
1598 68 687
1599 91 520
1600 44 598
1601 76 109
1602 19 701
1603 74 626
1604 59 459
1605 65 385
1606 2 126
1607 43 730
1608 11 243
1609 70 541
1610 57 519
1611 44 544
1612 90 413
1613 61 809
1614 80 528
1615 68 884
1616 90 391
1617 57 878
1618 35 348
1619 80 478
1620 30 530
1621 70 620
1622 31 19
1623 94 314
1624 94 716
1625 42 383
1626 33 234
1627 59 860
1628 83 793
1629 42 450
1630 2 225
1631 91 894
1632 75 66
1633 60 716
1634 56 496
1635 64 67
1636 57 820
1637 1 122
1638 69 818
1639 62 558
1640 95 991
1641 73 953
1642 93 91
1643 18 889
1644 93 259
1645 21 478
1646 58 111
1647 27 794
1648 41 748
1649 96 748
1650 84 499
1651 41 983
1652 50 378
1653 82 172
1654 87 596
1655 99 34
1656 7 458
1657 34 864
1658 99 282
1659 84 225
1660 74 525
1661 72 941
1662 12 99
1663 87 702
1664 19 343
1665 31 832
1666 51 512
1667 86 607
1668 76 663
1669 17 257
1670 66 64
1671 4 373
1672 58 71
1673 57 223
1674 46 9
1675 76 390
1676 65 512
1677 21 422
1678 95 145
1679 24 546
1680 73 465
1681 54 714
1682 55 551
1683 58 187
1684 36 97
1685 27 680
1686 88 149
1687 52 701
1688 99 110
1689 23 572
1690 50 288
1691 60 207
1692 37 270
1693 1 643
1694 71 114
1695 82 940
1696 95 577
1697 6 247
1698 17 123
1699 61 567
1700 81 522
1701 55 74
1702 77 406
1703 19 578
1704 89 867
1705 20 7
1706 61 490
1707 8 748
1708 66 181
1709 63 45
1710 33 995
1711 11 826
1712 79 479
1713 80 765
1714 24 585
1715 15 570
1716 6 583
1717 47 53
1718 55 358
1719 62 222
1720 32 591
1721 52 533
1722 57 124
1723 36 44
1724 62 147
1725 80 138
1726 36 469
1727 73 802
1728 13 261
1729 92 119
1730 35 350
1731 7 563
1732 79 299
1733 74 860
1734 24 21
1735 72 7
1736 62 321
1737 64 928
1738 94 101
1739 62 66
1740 38 307
1741 81 722
1742 83 83
1743 21 756
1744 73 245
1745 16 793
1746 12 958
1747 67 344
1748 43 664
1749 72 175
1750 4 37
1751 12 410
1752 42 78
1753 13 15
1754 38 847
1755 65 991
1756 47 533
1757 90 41
1758 70 887
1759 47 956
1760 71 651
1761 49 565
1762 38 234
1763 18 174
1764 83 888
1765 81 728
1766 2 625
1767 15 515
1768 31 251
1769 20 973
1770 64 133
1771 62 308
1772 70 321
1773 95 113
1774 2 190
1775 14 725
1776 6 661
1777 3 242
1778 77 356
1779 69 916
1780 42 443
1781 91 487
1782 80 946
1783 26 223
1784 82 692
1785 73 958
1786 21 309
1787 7 926
1788 3 313
1789 77 958
1790 81 87
1791 86 907
1792 45 723
1793 64 597
1794 68 361
1795 8 221
1796 81 565
1797 9 986
1798 78 737
1799 90 405
1800 82 357
1801 4 559
1802 93 56
1803 95 217
1804 62 780
1805 44 434
1806 98 680
1807 91 49
1808 48 68
1809 87 877
1810 21 295
1811 45 961
1812 85 411
1813 48 581
1814 41 92
1815 88 386
1816 6 437
1817 7 821
1818 66 919
1819 78 785
1820 68 677
1821 12 719
1822 73 185
1823 59 727
1824 46 572
1825 50 929
1826 46 701
1827 25 451
1828 65 201
1829 37 877
1830 26 304
1831 94 533
1832 89 687
1833 35 473
1834 17 109
1835 3 926
1836 73 722
1837 8 22
1838 18 448
1839 42 575
1840 60 695
1841 79 121
1842 10 552
1843 48 348
1844 32 44
1845 56 460
1846 47 835
1847 36 202
1848 78 375
1849 2 129
1850 79 369
1851 43 545
1852 12 551
1853 94 723
1854 16 424
1855 50 474
1856 95 487
1857 89 481
1858 37 698
1859 67 153
1860 93 598
1861 88 416
1862 81 537
1863 61 169
1864 26 111
1865 32 729
1866 90 65
1867 70 697
1868 41 785
1869 60 930
1870 60 922
1871 33 708
1872 97 257
1873 89 432
1874 99 775
1875 71 313
1876 46 9
1877 95 568
1878 7 679
1879 44 698
1880 19 497
1881 30 801
1882 96 605
1883 23 61
1884 91 756
1885 78 439
1886 21 288
1887 27 220
1888 15 781
1889 18 471
1890 81 421
1891 82 775
1892 37 18
1893 41 608
1894 30 222
1895 29 343
1896 76 520
1897 15 547
1898 46 999
1899 49 747
1900 70 938
1901 39 451
1902 14 816
1903 44 114
1904 22 515
1905 13 438
1906 64 609
1907 60 633
1908 85 920
1909 90 22
1910 94 805
1911 65 302
1912 57 322
1913 100 167
1914 98 295
1915 87 70
1916 70 537
1917 38 718
1918 27 986
1919 95 754
1920 38 494
1921 51 83
1922 26 691
1923 83 627
1924 29 936
1925 77 796
1926 51 928
1927 88 967
1928 85 805
1929 77 70
1930 100 203
1931 19 283
1932 58 969
1933 63 821
1934 13 530
1935 77 604
1936 26 730
1937 48 682
1938 32 170
1939 19 332
1940 7 640
1941 74 332
1942 61 467
1943 89 456
1944 48 237
1945 7 227
1946 19 708
1947 33 117
1948 48 652
1949 5 429
1950 12 252
1951 65 438
1952 23 713
1953 7 820
1954 46 489
1955 10 304
1956 40 106
1957 13 453
1958 85 778
1959 44 477
1960 23 807
1961 43 14
1962 38 831
1963 5 690
1964 61 298
1965 58 796
1966 37 934
1967 70 64
1968 37 596
1969 61 584
1970 42 149
1971 69 521
1972 99 588
1973 29 193
1974 8 195
1975 4 103
1976 37 217
1977 80 373
1978 30 101
1979 83 113
1980 58 198
1981 29 857
1982 31 707
1983 58 476
1984 10 886
1985 92 730
1986 88 235
1987 40 527
1988 7 204
1989 86 396
1990 75 803
1991 76 75
1992 13 249
1993 55 764
1994 75 920
1995 25 959
1996 45 284
1997 38 277
1998 41 761
1999 87 40
2000 36 331
2001 46 87
2002 62 112
2003 71 939
2004 4 421
2005 13 582
2006 36 271
2007 83 379
2008 15 795
2009 21 699
2010 79 612
2011 92 104
2012 48 140
2013 30 170
2014 49 792
2015 9 469
2016 89 775
2017 30 62
2018 79 494
2019 86 762
2020 42 70
2021 16 907
2022 78 266
2023 90 284
2024 54 812
2025 63 678
2026 27 806
2027 85 286
2028 7 541
2029 32 247
2030 65 718
2031 23 448
2032 26 135
2033 71 498
2034 72 784
2035 43 385
2036 34 197
2037 62 121
2038 91 577
2039 92 782
2040 12 459
2041 87 176
2042 31 809
2043 6 129
2044 25 165
2045 3 322
2046 30 400
2047 88 289
2048 54 877
2049 16 470
2050 89 89
2051 60 632
2052 19 573
2053 25 526
2054 4 694
2055 94 494
2056 39 632
2057 39 364
2058 21 509
2059 60 845
2060 3 348
2061 73 823
2062 53 900
2063 60 6
2064 40 338
2065 51 477
2066 78 42
2067 10 626
2068 20 952
2069 45 550
2070 92 432
2071 16 29
2072 41 581
2073 57 633
2074 71 720
2075 15 835
2076 26 691
2077 39 3
2078 97 44
2079 50 743
2080 44 872
2081 56 310
2082 66 215
2083 71 291
2084 19 274
2085 9 19
2086 9 863
2087 18 592
2088 44 515
2089 33 344
2090 53 783
2091 21 455
2092 65 941
2093 23 466
2094 92 932
2095 5 839
2096 69 627
2097 66 905
2098 87 620
2099 28 936
2100 26 304
2101 19 418
2102 7 115
2103 26 149
2104 70 943
2105 43 35
2106 81 354
2107 59 460
2108 82 156
2109 75 185
2110 64 818
2111 28 550
2112 41 392
2113 80 87
2114 33 436
2115 77 870
2116 88 612
2117 36 373
2118 39 474
2119 57 50
2120 17 595
2121 6 795
2122 56 211
2123 70 211
2124 98 597
2125 68 842
2126 20 667
2127 86 900
2128 93 933
2129 82 850
2130 71 875
2131 72 209
2132 16 820
2133 20 256
2134 99 550
2135 22 705
2136 35 890
2137 100 674
2138 15 864
2139 72 612
2140 99 782
2141 66 496
2142 23 534
2143 63 925
2144 27 239
2145 48 960
2146 34 665
2147 100 433
2148 72 323
2149 2 861
2150 32 716
2151 98 306
2152 32 428
2153 2 610
2154 26 543
2155 85 101
2156 20 528
2157 21 439
2158 75 895
2159 42 727
2160 68 655
2161 38 149
2162 41 283
2163 55 982
2164 96 803
2165 7 396
2166 94 390
2167 29 269
2168 1 97
2169 24 429
2170 73 79
2171 79 901
2172 12 430
2173 77 534
2174 1 234
2175 53 68
2176 42 409
2177 48 458
2178 94 101
2179 20 104
2180 100 525
2181 66 347
2182 89 353
2183 59 77
2184 85 844
2185 69 330
2186 75 184
2187 21 105
2188 92 99
2189 80 870
2190 97 535
2191 86 296
2192 66 394
2193 69 51
2194 94 242
2195 22 741
2196 76 216
2197 59 601
2198 69 90
2199 64 459
2200 10 145
2201 43 946
2202 90 737
2203 99 889
2204 70 593
2205 72 434
2206 9 673
2207 83 974
2208 61 282
2209 50 168
2210 61 689
2211 73 599
2212 84 54
2213 89 511
2214 40 297
2215 26 796
2216 42 548
2217 87 673
2218 36 870
2219 56 907
2220 39 990
2221 24 195
2222 25 797
2223 25 73
2224 97 329
2225 54 484
2226 40 136
2227 46 361
2228 11 130
2229 100 288
2230 30 965
2231 67 445
2232 97 55
2233 84 679
2234 80 72
2235 29 162
2236 99 334
2237 17 873
2238 67 43
2239 80 29
2240 19 676
2241 93 715
2242 96 101
2243 77 609
2244 44 745
2245 8 771
2246 77 91
2247 84 797
2248 95 531
2249 58 332
2250 10 51
2251 93 836
2252 33 747
2253 27 439
2254 19 65
2255 61 537
2256 14 495
2257 39 61
2258 28 585
2259 74 581
2260 82 960
2261 77 128
2262 69 916
2263 15 590
2264 48 391
2265 44 566
2266 65 779
2267 18 927
2268 55 214
2269 28 442
2270 47 828
2271 72 361
2272 25 371
2273 20 878
2274 15 247
2275 5 937
2276 3 465
2277 32 821
2278 8 416
2279 63 607
2280 7 869
2281 4 32
2282 79 141
2283 78 661
2284 98 381
2285 66 571
2286 31 251
2287 1 458
2288 99 993
2289 27 975
2290 81 575
2291 26 397
2292 66 160
2293 5 889
2294 69 432
2295 72 410
2296 89 493
2297 12 884
2298 45 466
2299 86 924
2300 56 973
2301 3 154
2302 74 46
2303 86 430
2304 18 283
2305 96 314
2306 7 914
2307 75 967
2308 83 873
2309 56 627
2310 72 186
2311 23 258
2312 26 615
2313 83 442
2314 53 934
2315 4 442
2316 43 105
2317 65 986
2318 32 329
2319 16 663
2320 94 470
2321 41 285
2322 63 414
2323 96 515
2324 5 981
2325 84 321
2326 29 844
2327 47 597
2328 78 276
2329 95 240
2330 57 63
2331 24 9
2332 31 837
2333 34 975
2334 88 342
2335 24 327
2336 85 509
2337 63 321
2338 93 486
2339 54 839
2340 50 181
2341 65 127
2342 47 140
2343 37 705
2344 96 829
2345 98 518
2346 44 451
2347 12 155
2348 51 647
2349 77 866
2350 89 748
2351 51 466
2352 7 139
2353 99 360
2354 8 350
2355 6 874
2356 78 143
2357 63 10
2358 90 677
2359 6 850
2360 71 93
2361 87 614
2362 32 299
2363 63 55
2364 78 907
2365 77 209
2366 95 237
2367 9 632
2368 12 584
2369 98 528
2370 84 419
2371 24 991
2372 68 279
2373 27 316
2374 14 872
2375 15 38
2376 40 765
2377 59 224
2378 39 984
2379 56 319
2380 51 335
2381 95 415
2382 4 701
2383 55 445
2384 80 624
2385 4 71
2386 93 171
2387 17 848
2388 78 411
2389 43 932
2390 92 522
2391 1 923
2392 32 545
2393 83 90
2394 92 68
2395 45 241
2396 82 32
2397 19 319
2398 40 122
2399 33 923
2400 56 102
2401 95 369
2402 84 718
2403 12 636
2404 2 696
2405 73 188
2406 17 715
2407 25 46
2408 14 357
2409 94 205
2410 73 220
2411 11 797
2412 67 305
2413 13 682
2414 59 760
2415 42 364
2416 16 767
2417 75 570
2418 2 166
2419 29 915
2420 98 251
2421 93 369
2422 2 932
2423 8 642
2424 89 574
2425 17 888
2426 54 413
2427 53 986
2428 82 479
2429 98 612
2430 20 485
2431 14 838
2432 31 734
2433 64 586
2434 44 230
2435 60 178
2436 18 720
2437 65 270
2438 21 207
2439 61 223
2440 91 412
2441 2 963
2442 66 172
2443 29 16
2444 76 811
2445 81 789
2446 3 112
2447 67 296
2448 99 918
2449 3 406
2450 79 444
2451 89 874
2452 39 930
2453 78 362
2454 35 539
2455 40 85
2456 24 563
2457 16 996
2458 97 405
2459 49 328
2460 25 992
2461 96 101
2462 91 521
2463 61 126
2464 45 60
2465 5 133
2466 38 534
2467 63 241
2468 51 180
2469 75 92
2470 64 647
2471 23 212
2472 27 344
2473 72 482
2474 2 461
2475 57 465
2476 34 76
2477 63 823
2478 55 976
2479 85 921
2480 95 388
2481 6 138
2482 7 384
2483 68 622
2484 4 403
2485 12 224
2486 31 639
2487 47 714
2488 90 943
2489 31 243
2490 5 988
2491 46 204
2492 47 468
2493 80 407
2494 48 718
2495 53 537
2496 9 401
2497 52 179
2498 36 348
2499 65 439
2500 7 579
2501 6 611
2502 92 487
2503 17 607
2504 34 697
2505 80 105
2506 64 310
2507 79 794
2508 44 639
2509 64 959
2510 8 5
2511 13 488
2512 84 549
2513 61 796
2514 24 83
2515 24 300
2516 82 513
2517 7 67
2518 26 512
2519 87 277
2520 8 809
2521 43 103
2522 48 145
2523 85 541
2524 22 200
2525 13 90
2526 40 617
2527 89 649
2528 8 334
2529 67 478
2530 85 312
2531 54 734
2532 64 390
2533 85 13
2534 51 499
2535 67 331
2536 10 334
2537 18 134
2538 61 986
2539 29 630
2540 41 816
2541 54 541
2542 43 725
2543 27 430
2544 85 713
2545 25 551
2546 56 346
2547 100 599
2548 45 128
2549 81 696
2550 34 929
2551 56 60
2552 94 787
2553 96 645
2554 39 240
2555 46 799
2556 43 167
2557 38 968
2558 78 853
2559 46 744
2560 13 784
2561 82 549
2562 23 386
2563 10 150
2564 73 614
2565 34 672
2566 38 923
2567 64 558
2568 66 684
2569 77 814
2570 70 503
2571 15 803
2572 41 206
2573 29 88
2574 70 328
2575 97 581
2576 38 990
2577 81 361
2578 47 600
2579 64 543
2580 51 806
2581 63 444
2582 33 762
2583 57 399
2584 11 320
2585 82 947
2586 33 251
2587 52 191
2588 82 518
2589 94 303
2590 35 769
2591 16 806
2592 50 943
2593 23 735
2594 6 476
2595 78 855
2596 11 29
2597 55 26
2598 28 866
2599 94 878
2600 48 445
2601 94 914
2602 23 610
2603 85 941
2604 27 703
2605 9 968
2606 7 625
2607 55 360
2608 24 905
2609 79 271
2610 8 948
2611 76 275
2612 41 725
2613 87 217
2614 38 45
2615 63 190
2616 89 810
2617 81 992
2618 95 243
2619 94 594
2620 2 332
2621 46 870
2622 13 424
2623 78 147
2624 57 887
2625 49 835
2626 73 844
2627 50 263
2628 22 714
2629 34 795
2630 98 166
2631 66 714
2632 67 716
2633 45 8
2634 18 217
2635 66 15
2636 17 93
2637 63 916
2638 25 736
2639 84 528
2640 2 118
2641 98 675
2642 59 912
2643 25 786
2644 73 892
2645 7 750
2646 70 309
2647 23 453
2648 44 856
2649 17 543
2650 76 834
2651 71 783
2652 18 706
2653 7 673
2654 12 977
2655 9 488
2656 93 831
2657 24 929
2658 53 172
2659 89 764
2660 59 453
2661 69 507
2662 64 180
2663 30 593
2664 61 721
2665 17 190
2666 28 624
2667 73 979
2668 98 477
2669 2 127
2670 16 754
2671 15 106
2672 25 551
2673 57 103
2674 29 639
2675 85 833
2676 51 908
2677 62 566
2678 77 980
2679 8 789
2680 57 318
2681 39 439
2682 19 118
2683 17 540
2684 4 806
2685 96 851
2686 49 660
2687 96 259
2688 16 115
2689 59 550
2690 11 971
2691 32 908
2692 47 123
2693 96 691
2694 90 850
2695 13 727
2696 96 786
2697 72 786
2698 89 646
2699 95 275
2700 83 54
2701 96 463
2702 82 683
2703 38 661
2704 48 373
2705 66 559
2706 8 239
2707 70 918
2708 81 859
2709 80 895
2710 52 837
2711 78 205
2712 55 714
2713 18 48
2714 59 629
2715 68 379
2716 54 477
2717 30 558
2718 9 933
2719 26 944
2720 65 35
2721 59 390
2722 4 627
2723 92 698
2724 89 902
2725 38 935
2726 6 84
2727 35 906
2728 5 880
2729 29 343
2730 51 843
2731 77 106
2732 3 457
2733 17 289
2734 90 405
2735 18 278
2736 56 982
2737 18 80
2738 25 158
2739 13 462
2740 73 493
2741 89 725
2742 29 531
2743 44 854
2744 46 894
2745 82 725
2746 90 834
2747 79 764
2748 17 156
2749 67 374
2750 50 511
2751 77 244
2752 14 820
2753 36 909
2754 40 265
2755 1 901
2756 95 514
2757 66 351
2758 3 634
2759 73 933
2760 27 742
2761 63 295
2762 43 174
2763 51 568
2764 79 5
2765 85 250
2766 96 817
2767 100 538
2768 47 905
2769 40 12
2770 34 865
2771 87 588
2772 99 732
2773 8 286
2774 95 652
2775 63 630
2776 89 938
2777 13 529
2778 38 515
2779 7 212
2780 7 754
2781 97 983
2782 34 33
2783 37 255
2784 45 259
2785 84 335
2786 36 664
2787 83 583
2788 71 240
2789 64 567
2790 13 627
2791 82 525
2792 37 377
2793 16 479
2794 80 733
2795 50 320
2796 40 107
2797 47 242
2798 80 789
2799 35 216
2800 18 608
2801 55 758
2802 95 85
2803 83 633
2804 45 713
2805 16 556
2806 53 391
2807 76 164
2808 3 751
2809 58 81
2810 81 410
2811 75 641
2812 13 895
2813 42 196
2814 7 675
2815 53 958
2816 89 122
2817 54 501
2818 23 27
2819 88 580
2820 4 902
2821 8 223
2822 68 947
2823 10 970
2824 77 904
2825 24 144
2826 10 185
2827 34 933
2828 3 983
2829 96 227
2830 26 495
2831 21 699
2832 55 506
2833 40 798
2834 51 811
2835 46 564
2836 85 719
2837 62 362
2838 70 383
2839 24 543
2840 100 675
2841 55 727
2842 29 111
2843 4 734
2844 60 141
2845 90 354
2846 23 699
2847 32 832
2848 65 967
2849 83 656
2850 93 165
2851 11 215
2852 27 962
2853 7 193
2854 74 725
2855 14 532
2856 100 381
2857 26 658
2858 21 629
2859 62 399
2860 51 39
2861 10 780
2862 52 750
2863 54 22
2864 71 317
2865 89 58
2866 23 615
2867 62 493
2868 18 864
2869 31 426
2870 37 555
2871 19 838
2872 48 610
2873 93 807
2874 19 241
2875 84 546
2876 25 700
2877 30 447
2878 2 134
2879 20 425
2880 59 397
2881 48 447
2882 83 218
2883 53 520
2884 68 432
2885 90 570
2886 17 397
2887 17 324
2888 34 578
2889 40 397
2890 37 567
2891 80 442
2892 21 534
2893 36 20
2894 51 616
2895 33 159
2896 13 997
2897 46 317
2898 1 263
2899 34 538
2900 99 444
2901 13 610
2902 19 630
2903 45 61
2904 81 274
2905 32 412
2906 53 188
2907 15 679
2908 18 580
2909 40 609
2910 3 519
2911 64 335
2912 65 106
2913 70 813
2914 30 880
2915 32 810
2916 39 128
2917 67 21
2918 48 831
2919 1 459
2920 36 823
2921 82 349
2922 42 702
2923 39 424
2924 29 884
2925 87 489
2926 8 894
2927 21 934
2928 26 557
2929 46 203
2930 95 899
2931 62 457
2932 98 983
2933 30 434
2934 51 413
2935 92 536
2936 5 325
2937 69 587
2938 15 613
2939 20 734
2940 24 431
2941 25 33
2942 81 99
2943 1 87
2944 11 411
2945 15 744
2946 53 707
2947 84 437
2948 60 185
2949 72 980
2950 49 372
2951 2 193
2952 50 630
2953 7 577
2954 89 350
2955 20 144
2956 58 613
2957 81 202
2958 73 560
2959 12 633
2960 56 391
2961 36 262
2962 63 389
2963 71 967
2964 92 971
2965 57 859
2966 84 972
2967 29 900
2968 16 855
2969 15 966
2970 64 729
2971 32 411
2972 22 664
2973 86 636
2974 93 214
2975 78 914
2976 48 731
2977 22 418
2978 77 435
2979 95 631
2980 12 992
2981 57 751
2982 29 129
2983 25 828
2984 48 968
2985 10 749
2986 24 394
2987 76 511
2988 49 941
2989 53 981
2990 32 689
2991 86 438
2992 67 124
2993 14 279
2994 29 641
2995 52 829
2996 21 262
2997 65 946
2998 23 295
2999 35 15
3000 91 234
3001 22 352
3002 30 743
3003 80 244
3004 33 266
3005 95 709
3006 6 595
3007 93 506
3008 59 910
3009 35 774
3010 70 930
3011 21 735
3012 74 575
3013 63 756
3014 29 704
3015 72 842
3016 84 273
3017 33 362
3018 38 807
3019 15 840
3020 49 348
3021 74 891
3022 51 114
3023 33 273
3024 9 490
3025 1 555
3026 8 29
3027 24 481
3028 15 561
3029 86 537
3030 54 895
3031 94 75
3032 39 653
3033 20 332
3034 15 536
3035 79 582
3036 32 876
3037 29 187
3038 40 8
3039 3 881
3040 8 156
3041 38 946
3042 54 601
3043 4 847
3044 27 139
3045 82 165
3046 38 417
3047 44 301
3048 20 89
3049 74 267
3050 15 798
3051 69 696
3052 9 138
3053 27 206
3054 23 858
3055 75 204
3056 26 930
3057 86 526
3058 65 586
3059 65 137
3060 92 352
3061 30 195
3062 64 170
3063 73 592
3064 25 384
3065 76 683
3066 19 587
3067 16 391
3068 11 679
3069 45 150
3070 81 635
3071 35 860
3072 3 97
3073 40 804
3074 80 665
3075 45 681
3076 80 468
3077 25 151
3078 72 493
3079 74 500
3080 89 824
3081 89 167
3082 88 384
3083 85 946
3084 36 723
3085 1 647
3086 49 201
3087 51 624
3088 25 497
3089 28 54
3090 36 21
3091 75 47
3092 10 885
3093 14 207
3094 77 823
3095 14 940
3096 72 987
3097 90 564
3098 2 787
3099 66 867
3100 78 989
3101 30 734
3102 56 540
3103 47 517
3104 80 577
3105 84 816
3106 64 523
3107 13 600
3108 62 407
3109 62 174
3110 100 83
3111 61 545
3112 67 982
3113 31 733
3114 19 338
3115 32 776
3116 22 156
3117 93 668
3118 100 158
3119 2 687
3120 55 591
3121 10 463
3122 15 621
3123 40 747
3124 36 550
3125 44 200
3126 45 51
3127 100 234
3128 20 664
3129 41 60
3130 7 514
3131 82 535
3132 96 274
3133 9 763
3134 95 556
3135 1 798
3136 51 847
3137 58 346
3138 62 805
3139 74 521
3140 34 257
3141 81 277
3142 92 136
3143 6 697
3144 95 872
3145 72 725
3146 13 769
3147 18 275
3148 46 604
3149 60 683
3150 79 981
3151 52 719
3152 54 862
3153 22 586
3154 15 210
3155 13 242
3156 54 665
3157 51 451
3158 71 989
3159 6 122
3160 16 682
3161 29 160
3162 10 549
3163 68 644
3164 79 330
3165 94 667
3166 74 678
3167 51 684
3168 14 544
3169 26 624
3170 77 855
3171 91 804
3172 84 735
3173 46 272
3174 23 52
3175 55 160
3176 83 818
3177 82 343
3178 41 108
3179 70 593
3180 39 402
3181 90 715
3182 33 978
3183 62 273
3184 92 257
3185 14 542
3186 53 103
3187 21 371
3188 46 239
3189 2 182
3190 36 113
3191 61 563
3192 93 28
3193 85 505
3194 9 832
3195 82 476
3196 32 480
3197 25 488
3198 25 428
3199 51 843
3200 72 912
3201 41 181
3202 84 563
3203 18 804
3204 98 849
3205 6 787
3206 92 425
3207 100 915
3208 90 158
3209 92 853
3210 87 15
3211 2 128
3212 62 477
3213 13 214
3214 74 557
3215 71 152
3216 6 743
3217 42 72
3218 16 800
3219 22 61
3220 52 137
3221 33 530
3222 94 92
3223 27 1000
3224 4 275
3225 46 503
3226 12 447
3227 52 696
3228 40 821
3229 97 258
3230 70 710
3231 27 324
3232 81 224
3233 36 332
3234 53 996
3235 27 298
3236 48 363
3237 19 787
3238 66 743
3239 52 618
3240 94 928
3241 79 28
3242 54 949
3243 32 198
3244 89 739
3245 28 851
3246 68 794
3247 14 19
3248 37 347
3249 24 995
3250 100 226
3251 30 895
3252 31 599
3253 49 462
3254 69 651
3255 70 656
3256 76 52
3257 65 754
3258 17 562
3259 70 8
3260 11 231
3261 42 879
3262 79 884
3263 42 584
3264 32 151
3265 22 873
3266 96 872
3267 29 784
3268 19 71
3269 90 737
3270 13 164
3271 85 551
3272 8 268
3273 46 332
3274 56 27
3275 6 294
3276 18 230
3277 81 792
3278 49 572
3279 81 237
3280 23 726
3281 48 467
3282 18 551
3283 61 344
3284 59 475
3285 49 971
3286 8 333
3287 95 530
3288 51 446
3289 26 173
3290 4 868
3291 82 917
3292 3 716
3293 62 920
3294 33 465
3295 98 124
3296 61 231
3297 43 8
3298 78 682
3299 98 723
3300 26 869
3301 75 157
3302 58 921
3303 73 910
3304 62 589
3305 57 72
3306 47 469
3307 73 754
3308 40 747
3309 83 11
3310 72 934
3311 96 211
3312 49 42
3313 96 688
3314 11 510
3315 52 548
3316 31 932
3317 73 401
3318 81 314
3319 49 131
3320 16 602
3321 42 808
3322 35 802
3323 90 131
3324 23 920
3325 83 345
3326 39 509
3327 41 818
3328 86 817
3329 33 725
3330 26 940
3331 35 157
3332 31 894
3333 68 232
3334 18 137
3335 53 514
3336 11 65
3337 39 549
3338 5 733
3339 96 131
3340 31 147
3341 47 479
3342 76 425
3343 97 934
3344 93 681
3345 1 31
3346 24 290
3347 4 904
3348 54 266
3349 13 390
3350 55 249
3351 7 585
3352 21 498
3353 40 719
3354 76 524
3355 93 788
3356 18 546
3357 48 205
3358 79 946
3359 99 19
3360 30 230
3361 15 462
3362 69 412
3363 37 177
3364 53 95
3365 86 55
3366 95 61
3367 4 227
3368 31 823
3369 100 59
3370 74 346
3371 40 419
3372 55 79
3373 19 282
3374 7 561
3375 70 950
3376 11 221
3377 98 159
3378 98 392
3379 43 22
3380 92 353
3381 66 995
3382 17 78
3383 8 756
3384 15 886
3385 30 296
3386 32 954
3387 70 902
3388 12 764
3389 54 761
3390 45 842
3391 73 678
3392 99 626
3393 77 412
3394 33 990
3395 32 38
3396 5 555
3397 50 682
3398 32 694
3399 65 813
3400 87 657
3401 94 710
3402 47 599
3403 83 781
3404 81 95
3405 65 750
3406 53 992
3407 77 777
3408 85 464
3409 56 836
3410 10 568
3411 58 655
3412 77 159
3413 59 733
3414 91 782
3415 70 679
3416 47 249
3417 94 497
3418 63 235
3419 21 956
3420 73 972
3421 9 897
3422 60 223
3423 42 822
3424 7 3
3425 9 923
3426 47 730
3427 97 960
3428 33 122
3429 50 320
3430 93 698
3431 27 103
3432 29 437
3433 100 15
3434 11 180
3435 56 343
3436 52 323
3437 9 575
3438 64 204
3439 21 441
3440 75 963
3441 83 185
3442 23 533
3443 92 974
3444 67 573
3445 72 370
3446 22 69
3447 98 821
3448 75 969
3449 74 49
3450 86 467
3451 73 69
3452 94 604
3453 60 521
3454 50 759
3455 44 248
3456 23 821
3457 13 545
3458 7 385
3459 28 889
3460 9 499
3461 34 383
3462 64 601
3463 51 933
3464 63 624
3465 25 795
3466 71 53
3467 23 471
3468 10 202
3469 37 654
3470 92 310
3471 7 577
3472 24 454
3473 77 316
3474 22 589
3475 55 902
3476 97 450
3477 96 299
3478 72 295
3479 16 726
3480 56 713
3481 46 55
3482 21 672
3483 1 17
3484 89 372
3485 94 880
3486 96 537
3487 94 848
3488 21 923
3489 79 418
3490 34 308
3491 16 750
3492 85 592
3493 50 546
3494 84 995
3495 55 229
3496 98 267
3497 88 431
3498 86 111
3499 1 122
3500 93 753
3501 18 347
3502 4 887
3503 15 547
3504 2 802
3505 8 560
3506 73 942
3507 83 486
3508 2 786
3509 79 130
3510 41 902
3511 11 695
3512 10 987
3513 13 661
3514 91 884
3515 52 759
3516 37 773
3517 29 107
3518 87 293
3519 38 262
3520 29 228
3521 21 826
3522 64 38
3523 2 554
3524 75 607
3525 26 645
3526 88 377
3527 76 553
3528 11 993
3529 96 618
3530 21 688
3531 35 480
3532 78 12
3533 93 431
3534 84 968
3535 83 130
3536 54 95
3537 93 172
3538 38 158
3539 12 85
3540 72 646
3541 22 960
3542 59 722
3543 86 728
3544 91 46
3545 4 679
3546 40 232
3547 73 925
3548 79 834
3549 26 675
3550 86 345
3551 27 167
3552 61 379
3553 53 57
3554 45 280
3555 76 188
3556 99 878
3557 48 529
3558 85 325
3559 40 831
3560 48 781
3561 81 365
3562 75 522
3563 22 85
3564 87 237
3565 39 202
3566 87 480
3567 2 304
3568 57 753
3569 47 790
3570 31 886
3571 30 216
3572 63 985
3573 22 318
3574 51 955
3575 8 597
3576 21 172
3577 74 499
3578 55 738
3579 49 837
3580 9 892
3581 24 742
3582 55 817
3583 18 11
3584 7 116
3585 84 529
3586 19 106
3587 18 992
3588 4 236
3589 27 640
3590 98 492
3591 75 136
3592 64 621
3593 33 458
3594 2 4
3595 98 221
3596 92 424
3597 53 627
3598 35 345
3599 41 605
3600 12 814
3601 64 775
3602 86 427
3603 35 857
3604 81 494
3605 71 747
3606 37 1000
3607 49 512
3608 28 531
3609 65 925
3610 25 29
3611 2 528
3612 42 368
3613 95 304
3614 46 287
3615 83 234
3616 79 55
3617 39 645
3618 13 946
3619 71 787
3620 55 835
3621 12 203
3622 94 843
3623 52 184
3624 23 660
3625 81 631
3626 51 961
3627 41 812
3628 67 715
3629 25 366
3630 57 87
3631 53 973
3632 67 782
3633 56 571
3634 95 189
3635 24 650
3636 59 112
3637 64 41
3638 14 539
3639 15 754
3640 74 211
3641 68 395
3642 70 438
3643 24 37
3644 68 843
3645 20 855
3646 15 933
3647 39 61
3648 72 352
3649 45 666
3650 5 755
3651 7 850
3652 81 954
3653 41 45
3654 17 144
3655 49 757
3656 39 10
3657 44 456
3658 70 746
3659 44 192
3660 13 440
3661 100 373
3662 73 524
3663 99 409
3664 73 567
3665 14 705
3666 54 650
3667 44 73
3668 71 363
3669 95 992
3670 41 755
3671 90 973
3672 86 737
3673 22 988
3674 73 910
3675 49 539
3676 52 633
3677 94 301
3678 70 486
3679 2 851
3680 44 181
3681 76 981
3682 85 218
3683 35 80
3684 92 658
3685 10 18
3686 21 262
3687 21 287
3688 53 39
3689 34 697
3690 71 349
3691 76 456
3692 52 334
3693 29 155
3694 3 355
3695 42 805
3696 22 520
3697 80 101
3698 93 637
3699 82 737
3700 71 972
3701 94 981
3702 93 461
3703 13 445
3704 65 111
3705 26 100
3706 69 607
3707 39 446
3708 83 870
3709 20 65
3710 2 590
3711 4 74
3712 70 749
3713 96 12
3714 7 308
3715 61 371
3716 80 505
3717 47 318
3718 26 345
3719 96 858
3720 57 873
3721 93 464
3722 93 205
3723 35 235
3724 13 432
3725 77 207
3726 89 780
3727 11 352
3728 2 764
3729 38 815
3730 66 921
3731 57 616
3732 46 478
3733 6 644
3734 87 430
3735 20 50
3736 79 111
3737 21 332
3738 74 874
3739 19 690
3740 47 546
3741 73 118
3742 97 679
3743 80 749
3744 43 468
3745 44 121
3746 34 209
3747 48 70
3748 62 968
3749 52 1000
3750 89 595
3751 48 852
3752 37 539
3753 13 775
3754 69 402
3755 50 926
3756 16 758
3757 58 245
3758 28 169
3759 26 545
3760 28 91
3761 25 197
3762 82 280
3763 10 499
3764 4 956
3765 64 421
3766 22 873
3767 60 617
3768 38 266
3769 44 365
3770 46 537
3771 43 276
3772 87 838
3773 20 519
3774 89 337
3775 56 839
3776 15 851
3777 47 728
3778 12 860
3779 26 203
3780 57 759
3781 82 331
3782 18 411
3783 39 776
3784 54 706
3785 34 963
3786 3 747
3787 45 971
3788 83 518
3789 66 283
3790 73 950
3791 84 126
3792 56 155
3793 91 379
3794 7 381
3795 27 219
3796 30 385
3797 11 471
3798 97 416
3799 15 191
3800 45 154
3801 88 571
3802 14 759
3803 24 318
3804 40 546
3805 25 723
3806 10 555
3807 23 857
3808 69 218
3809 7 649
3810 29 767
3811 47 420
3812 73 198
3813 73 557
3814 88 454
3815 4 573
3816 41 932
3817 15 995
3818 30 711
3819 63 453
3820 56 766
3821 33 796
3822 42 193
3823 5 191
3824 35 875
3825 37 792
3826 89 720
3827 97 817
3828 34 732
3829 74 421
3830 33 816
3831 38 671
3832 70 376
3833 25 424
3834 81 939
3835 25 732
3836 46 558
3837 64 876
3838 72 880
3839 82 708
3840 42 982
3841 91 819
3842 37 80
3843 17 896
3844 11 260
3845 73 112
3846 82 207
3847 72 50
3848 88 145
3849 78 402
3850 21 129
3851 81 306
3852 22 75
3853 55 343
3854 28 181
3855 46 706
3856 39 578
3857 9 41
3858 94 808
3859 85 995
3860 54 418
3861 82 731
3862 85 4
3863 13 625
3864 95 980
3865 85 144
3866 7 897
3867 40 569
3868 51 155
3869 40 218
3870 33 981
3871 88 732
3872 30 408
3873 87 262
3874 45 586
3875 87 568
3876 76 899
3877 27 252
3878 4 474
3879 15 527
3880 49 825
3881 52 746
3882 20 891
3883 28 581
3884 4 58
3885 44 519
3886 91 246
3887 94 19
3888 88 513
3889 36 343
3890 63 353
3891 66 285
3892 52 231
3893 17 925
3894 55 748
3895 39 732
3896 85 601
3897 20 521
3898 40 583
3899 94 867
3900 73 794
3901 95 120
3902 70 57
3903 83 956
3904 63 744
3905 91 370
3906 59 987
3907 96 28
3908 51 484
3909 93 695
3910 88 73
3911 9 437
3912 6 804
3913 38 126
3914 38 861
3915 44 385
3916 18 615
3917 42 960
3918 46 441
3919 71 812
3920 72 256
3921 36 154
3922 7 960
3923 97 13
3924 51 557
3925 77 300
3926 42 325
3927 36 11
3928 85 928
3929 74 985
3930 10 940
3931 12 818
3932 95 499
3933 53 505
3934 77 869
3935 27 579
3936 38 435
3937 34 198
3938 44 316
3939 4 787
3940 79 114
3941 84 157
3942 84 584
3943 61 18
3944 26 349
3945 61 692
3946 12 627
3947 85 643
3948 98 504
3949 78 968
3950 89 909
3951 22 170
3952 24 908
3953 40 617
3954 98 506
3955 60 493
3956 32 15
3957 30 872
3958 85 329
3959 31 160
3960 24 75
3961 59 417
3962 32 305
3963 61 148
3964 50 784
3965 91 571
3966 67 45
3967 56 588
3968 57 278
3969 31 656
3970 68 639
3971 66 314
3972 41 84
3973 56 156
3974 66 543
3975 31 379
3976 66 340
3977 25 508
3978 87 302
3979 32 604
3980 56 918
3981 64 330
3982 83 941
3983 75 305
3984 47 608
3985 17 569
3986 65 891
3987 36 438
3988 4 84
3989 97 65
3990 59 997
3991 37 690
3992 89 599
3993 21 38
3994 18 724
3995 59 996
3996 71 621
3997 83 287
3998 55 373
3999 38 585
4000 68 400
4001 16 111
4002 32 344
4003 89 518
4004 7 24
4005 41 852
4006 59 445
4007 73 236
4008 84 642
4009 95 506
4010 4 225
4011 61 345
4012 24 604
4013 43 482
4014 100 155
4015 19 735
4016 19 35
4017 91 816
4018 11 661
4019 45 844
4020 48 252
4021 16 373
4022 55 891
4023 42 382
4024 6 178
4025 71 336
4026 37 398
4027 26 587
4028 60 184
4029 25 69
4030 44 42
4031 21 28
4032 85 796
4033 47 33
4034 18 847
4035 18 811
4036 65 163
4037 29 170
4038 5 321
4039 7 418
4040 45 798
4041 79 483
4042 89 321
4043 38 78
4044 42 228
4045 2 399
4046 50 8
4047 18 901
4048 19 92
4049 97 748
4050 13 577
4051 65 315
4052 52 747
4053 57 971
4054 33 451
4055 86 258
4056 39 11
4057 88 226
4058 37 706
4059 83 395
4060 63 637
4061 53 361
4062 77 563
4063 30 136
4064 69 740
4065 18 730
4066 5 469
4067 87 998
4068 100 398
4069 75 763
4070 62 350
4071 74 848
4072 97 572
4073 26 569
4074 45 927
4075 25 49
4076 47 241
4077 90 235
4078 54 735
4079 95 955
4080 49 304
4081 85 844
4082 35 635
4083 26 395
4084 23 749
4085 20 379
4086 22 314
4087 6 64
4088 73 191
4089 71 467
4090 44 202
4091 11 749
4092 85 230
4093 23 501
4094 47 777
4095 46 594
4096 49 901
4097 44 461
4098 35 100
4099 53 959
4100 47 734
4101 64 179
4102 12 206
4103 78 138
4104 59 16
4105 48 895
4106 31 747
4107 47 977
4108 54 525
4109 69 266
4110 93 125
4111 89 129
4112 58 279
4113 48 788
4114 61 421
4115 50 732
4116 51 332
4117 23 733
4118 68 586
4119 14 439
4120 87 39
4121 79 50
4122 77 573
4123 23 538
4124 15 257
4125 86 799
4126 34 715
4127 86 376
4128 11 799
4129 90 750
4130 73 267
4131 55 165
4132 94 677
4133 71 546
4134 4 510
4135 27 530
4136 18 384
4137 71 54
4138 7 705
4139 44 199
4140 40 399
4141 85 991
4142 24 89
4143 10 791
4144 40 438
4145 97 826
4146 72 780
4147 84 849
4148 44 478
4149 49 24
4150 67 619
4151 38 176
4152 54 739
4153 60 649
4154 55 931
4155 6 324
4156 99 639
4157 100 58
4158 40 956
4159 39 248
4160 53 392
4161 78 207
4162 3 1000
4163 78 997
4164 90 518
4165 77 639
4166 72 585
4167 82 198
4168 78 590
4169 64 815
4170 95 503
4171 18 923
4172 78 483
4173 39 723
4174 37 201
4175 78 813
4176 77 403
4177 1 566
4178 89 953
4179 75 313
4180 67 893
4181 14 350
4182 58 19
4183 93 42
4184 28 586
4185 66 223
4186 3 391
4187 12 775
4188 57 181
4189 64 411
4190 38 186
4191 98 209
4192 99 665
4193 94 919
4194 47 4
4195 78 483
4196 22 807
4197 16 712
4198 84 177
4199 97 717
4200 43 78
4201 46 362
4202 80 664
4203 23 83
4204 83 618
4205 74 876
4206 55 15
4207 27 230
4208 93 837
4209 21 684
4210 22 911
4211 87 521
4212 24 61
4213 10 293
4214 73 919
4215 12 254
4216 52 443
4217 38 941
4218 92 629
4219 75 756
4220 80 95
4221 63 463
4222 25 390
4223 21 164
4224 57 428
4225 24 702
4226 8 764
4227 55 675
4228 13 139
4229 12 970
4230 86 244
4231 47 971
4232 12 90
4233 80 296
4234 41 630
4235 27 698
4236 28 674
4237 20 143
4238 69 655
4239 53 962
4240 89 148
4241 95 325
4242 1 843
4243 7 456
4244 28 247
4245 44 809
4246 51 106
4247 41 732
4248 15 116
4249 82 785
4250 87 245
4251 40 558
4252 68 476
4253 47 424
4254 37 215
4255 77 600
4256 10 708
4257 61 566
4258 86 547
4259 53 340
4260 56 383
4261 48 957
4262 31 251
4263 53 159
4264 25 842
4265 9 204
4266 82 711
4267 7 778
4268 5 145
4269 59 981
4270 18 713
4271 78 612
4272 24 875
4273 50 425
4274 99 913
4275 64 162
4276 9 211
4277 13 423
4278 14 152
4279 94 237
4280 56 22
4281 7 643
4282 49 805
4283 18 594
4284 1 904
4285 32 152
4286 32 505
4287 35 592
4288 93 746
4289 63 709
4290 60 122
4291 6 926
4292 12 878
4293 90 723
4294 70 740
4295 33 563
4296 22 506
4297 75 931
4298 84 131
4299 66 298
4300 23 216
4301 66 695
4302 3 741
4303 15 104
4304 3 822
4305 75 888
4306 82 329
4307 34 822
4308 89 827
4309 23 758
4310 35 585
4311 97 721
4312 94 366
4313 9 789
4314 76 670
4315 81 849
4316 3 596
4317 62 709
4318 97 439
4319 77 372
4320 28 637
4321 76 201
4322 26 811
4323 72 561
4324 77 273
4325 75 560
4326 100 195
4327 13 557
4328 98 726
4329 9 835
4330 86 11
4331 27 676
4332 91 937
4333 65 106
4334 22 514
4335 36 196
4336 96 563
4337 38 461
4338 64 321
4339 76 405
4340 23 609
4341 94 67
4342 37 198
4343 15 867
4344 70 69
4345 78 754
4346 47 117
4347 7 780
4348 84 64
4349 80 906
4350 61 195
4351 70 532
4352 37 368
4353 20 301
4354 49 446
4355 40 362
4356 52 124
4357 76 51
4358 65 431
4359 11 532
4360 19 842
4361 71 527
4362 61 885
4363 26 747
4364 33 843
4365 86 903
4366 23 116
4367 98 798
4368 55 921
4369 14 945
4370 92 357
4371 51 821
4372 80 634
4373 14 583
4374 93 675
4375 29 393
4376 72 953
4377 97 696
4378 1 341
4379 25 420
4380 88 346
4381 10 161
4382 58 48
4383 47 547
4384 36 201
4385 64 974
4386 10 999
4387 34 63
4388 34 159
4389 58 411
4390 11 837
4391 75 480
4392 28 148
4393 91 779
4394 40 550
4395 47 436
4396 47 697
4397 10 925
4398 19 105
4399 54 921
4400 57 742
4401 81 261
4402 33 45
4403 42 942
4404 11 459
4405 18 296
4406 1 219
4407 42 771
4408 100 470
4409 36 900
4410 3 193
4411 55 548
4412 29 701
4413 12 83
4414 71 230
4415 86 131
4416 79 603
4417 48 737
4418 42 115
4419 22 943
4420 77 313
4421 44 24
4422 26 334
4423 6 159
4424 83 745
4425 33 769
4426 38 290
4427 55 574
4428 47 552
4429 39 446
4430 2 29
4431 17 906
4432 84 597
4433 51 664
4434 2 423
4435 36 357
4436 49 438
4437 97 495
4438 98 497
4439 82 456
4440 46 649
4441 5 190
4442 34 567
4443 33 968
4444 98 657
4445 70 553
4446 99 967
4447 47 975
4448 7 417
4449 64 636
4450 4 871
4451 20 180
4452 6 964
4453 72 173
4454 10 646
4455 30 560
4456 48 319
4457 43 642
4458 15 347
4459 21 185
4460 47 318
4461 49 971
4462 75 791
4463 77 305
4464 97 627
4465 29 330
4466 99 758
4467 11 399
4468 57 671
4469 57 818
4470 85 938
4471 23 605
4472 59 152
4473 58 623
4474 88 183
4475 55 894
4476 30 263
4477 14 351
4478 92 259
4479 88 210
4480 81 69
4481 64 757
4482 92 502
4483 59 60
4484 1 720
4485 30 9
4486 85 517
4487 68 906
4488 34 600
4489 1 233
4490 30 388
4491 29 118
4492 5 651
4493 23 459
4494 98 428
4495 88 231
4496 25 245
4497 62 820
4498 45 187
4499 81 562
4500 74 909
4501 6 207
4502 48 276
4503 59 244
4504 92 122
4505 14 697
4506 79 405
4507 49 978
4508 33 624
4509 40 583
4510 4 150
4511 87 146
4512 45 284
4513 57 637
4514 55 384
4515 6 438
4516 59 611
4517 45 228
4518 82 245
4519 2 458
4520 3 534
4521 14 519
4522 91 374
4523 69 862
4524 6 280
4525 47 570
4526 62 863
4527 97 679
4528 91 67
4529 88 856
4530 98 777
4531 30 269
4532 27 789
4533 96 867
4534 64 10
4535 95 406
4536 48 843
4537 26 954
4538 63 210
4539 25 268
4540 80 459
4541 1 927
4542 99 929
4543 83 682
4544 99 684
4545 13 379
4546 22 422
4547 68 528
4548 59 617
4549 41 465
4550 5 464
4551 6 616
4552 55 855
4553 27 546
4554 22 554
4555 12 580
4556 57 151
4557 43 654
4558 26 548
4559 22 210
4560 35 518
4561 57 451
4562 81 501
4563 9 628
4564 36 318
4565 61 112
4566 78 43
4567 13 50
4568 39 201
4569 5 830
4570 55 160
4571 24 993
4572 39 934
4573 92 60
4574 99 267
4575 62 945
4576 84 323
4577 39 833
4578 35 356
4579 96 173
4580 41 11
4581 73 565
4582 75 476
4583 68 900
4584 98 159
4585 92 802
4586 25 302
4587 37 234
4588 54 538
4589 50 580
4590 80 144
4591 67 627
4592 94 618
4593 28 198
4594 31 770
4595 48 727
4596 24 173
4597 55 425
4598 92 848
4599 76 441
4600 6 198
4601 48 495
4602 12 577
4603 75 30
4604 93 41
4605 21 767
4606 92 612
4607 95 517
4608 65 296
4609 9 17
4610 16 154
4611 32 152
4612 45 228
4613 67 587
4614 89 350
4615 79 579
4616 82 422
4617 36 947
4618 59 799
4619 55 910
4620 85 327
4621 46 809
4622 98 236
4623 91 291
4624 59 150
4625 59 303
4626 24 191
4627 89 145
4628 18 221
4629 34 663
4630 50 315
4631 2 27
4632 56 945
4633 11 83
4634 61 656
4635 25 598
4636 87 433
4637 67 927
4638 8 311
4639 93 147
4640 100 633
4641 13 712
4642 81 937
4643 27 337
4644 72 350
4645 20 157
4646 85 643
4647 3 546
4648 55 364
4649 36 134
4650 18 632
4651 4 730
4652 83 988
4653 14 365
4654 14 788
4655 49 380
4656 53 837
4657 30 980
4658 64 55
4659 93 982
4660 87 148
4661 55 579
4662 98 509
4663 60 45
4664 87 435
4665 14 911
4666 89 433
4667 22 283
4668 54 833
4669 15 935
4670 21 470
4671 38 776
4672 96 232
4673 44 309
4674 96 465
4675 95 293
4676 4 960
4677 69 316
4678 47 854
4679 99 974
4680 11 995
4681 61 660
4682 49 792
4683 6 556
4684 30 571
4685 42 552
4686 30 423
4687 4 704
4688 93 663
4689 68 970
4690 19 539
4691 22 103
4692 46 30
4693 85 547
4694 89 885
4695 87 109
4696 56 672
4697 61 556
4698 83 191
4699 6 448
4700 77 847
4701 14 283
4702 22 505
4703 20 638
4704 84 402
4705 8 769
4706 76 497
4707 37 513
4708 59 49
4709 36 497
4710 35 230
4711 63 775
4712 21 505
4713 32 374
4714 95 910
4715 96 844
4716 60 181
4717 83 343
4718 48 949
4719 19 849
4720 15 95
4721 80 60
4722 2 500
4723 51 160
4724 1 950
4725 44 878
4726 8 587
4727 51 253
4728 13 713
4729 12 129
4730 99 71
4731 45 843
4732 51 206
4733 99 506
4734 5 348
4735 30 167
4736 20 46
4737 84 159
4738 72 927
4739 87 913
4740 11 979
4741 2 221
4742 44 560
4743 62 20
4744 65 602
4745 86 318
4746 19 162
4747 82 760
4748 54 370
4749 69 736
4750 74 451
4751 99 981
4752 85 623
4753 39 932
4754 43 3
4755 9 983
4756 62 411
4757 62 468
4758 73 483
4759 85 418
4760 72 599
4761 93 206
4762 6 3
4763 70 948
4764 47 598
4765 86 803
4766 59 947
4767 73 793
4768 80 41
4769 75 469
4770 28 139
4771 54 550
4772 98 213
4773 100 276
4774 40 501
4775 68 144
4776 77 224
4777 100 385
4778 72 862
4779 60 535
4780 55 969
4781 37 642
4782 15 768
4783 30 893
4784 93 699
4785 64 83
4786 79 570
4787 9 637
4788 81 126
4789 91 944
4790 70 402
4791 57 763
4792 81 771
4793 17 665
4794 38 319
4795 4 460
4796 82 464
4797 94 122
4798 81 433
4799 30 639
4800 66 545
4801 39 222
4802 95 557
4803 81 650
4804 24 873
4805 24 510
4806 71 348
4807 78 210
4808 41 387
4809 20 678
4810 28 227
4811 20 638
4812 89 290
4813 20 273
4814 66 901
4815 61 975
4816 96 38
4817 47 496
4818 87 860
4819 22 283
4820 65 652
4821 21 772
4822 48 765
4823 92 553
4824 78 597
4825 24 612
4826 70 206
4827 62 159
4828 95 235
4829 95 176
4830 38 339
4831 56 568
4832 97 179
4833 3 963
4834 69 338
4835 35 707
4836 46 337
4837 83 249
4838 17 527
4839 18 100
4840 93 237
4841 7 179
4842 43 443
4843 18 21
4844 43 605
4845 91 385
4846 95 487
4847 69 123
4848 62 720
4849 42 338
4850 28 62
4851 76 379
4852 17 602
4853 100 45
4854 37 51
4855 4 182
4856 49 329
4857 51 75
4858 19 715
4859 12 259
4860 43 874
4861 48 331
4862 75 141
4863 68 610
4864 55 832
4865 78 253
4866 99 510
4867 22 398
4868 92 348
4869 57 992
4870 57 725
4871 56 953
4872 48 111
4873 61 550
4874 6 327
4875 80 911
4876 39 668
4877 85 727
4878 83 885
4879 69 446
4880 57 713
4881 83 714
4882 11 694
4883 83 808
4884 24 703
4885 43 666
4886 3 487
4887 96 881
4888 63 833
4889 47 525
4890 15 589
4891 47 688
4892 91 356
4893 31 398
4894 75 946
4895 51 713
4896 24 934
4897 52 279
4898 79 83
4899 68 162
4900 29 357
4901 91 383
4902 61 556
4903 73 450
4904 24 90
4905 23 867
4906 93 880
4907 7 734
4908 39 690
4909 16 221
4910 37 955
4911 68 844
4912 88 559
4913 28 16
4914 83 908
4915 31 318
4916 68 20
4917 97 444
4918 84 870
4919 45 386
4920 1 129
4921 23 758
4922 98 913
4923 14 284
4924 24 252
4925 96 936
4926 69 473
4927 41 147
4928 94 544
4929 42 770
4930 37 118
4931 30 29
4932 14 880
4933 84 806
4934 96 755
4935 71 453
4936 31 478
4937 47 92
4938 33 695
4939 54 343
4940 46 306
4941 52 709
4942 27 828
4943 66 678
4944 82 360
4945 17 905
4946 56 874
4947 46 286
4948 84 183
4949 76 115
4950 33 458
4951 83 165
4952 96 501
4953 97 698
4954 72 602
4955 30 145
4956 89 124
4957 35 828
4958 3 933
4959 8 165
4960 99 93
4961 80 275
4962 35 906
4963 100 38
4964 62 785
4965 49 101
4966 87 143
4967 69 720
4968 26 333
4969 58 687
4970 34 3
4971 16 347
4972 25 862
4973 8 866
4974 98 911
4975 99 927
4976 70 773
4977 22 839
4978 46 959
4979 80 237
4980 91 789
4981 28 217
4982 63 778
4983 29 974
4984 80 65
4985 80 35
4986 25 188
4987 97 848
4988 9 843
4989 34 334
4990 53 512
4991 5 940
4992 42 594
4993 30 768
4994 10 31
4995 59 155
4996 20 662
4997 84 573
4998 69 304
4999 30 139
5000 100 110
5001 47 361
5002 33 506
5003 76 96
5004 54 91
5005 29 80
5006 34 364
5007 2 655
5008 92 62
5009 57 437
5010 38 579
5011 20 636
5012 72 993
5013 76 307
5014 68 419
5015 29 401
5016 42 730
5017 11 808
5018 32 177
5019 9 201
5020 25 179
5021 56 86
5022 69 351
5023 28 479
5024 15 215
5025 5 572
5026 21 441
5027 20 306
5028 96 416
5029 60 893
5030 61 456
5031 2 342
5032 64 965
5033 48 288
5034 1 374
5035 87 564
5036 88 503
5037 12 984
5038 85 930
5039 82 867
5040 67 317
5041 78 684
5042 65 119
5043 41 236
5044 54 291
5045 59 599
5046 41 448
5047 33 184
5048 95 199
5049 95 785
5050 42 812
5051 75 817
5052 81 271
5053 97 405
5054 81 192
5055 30 786
5056 47 836
5057 5 407
5058 53 622
5059 29 642
5060 54 187
5061 5 460
5062 95 214
5063 69 37
5064 51 860
5065 36 52
5066 94 284
5067 76 612
5068 39 67
5069 70 943
5070 27 543
5071 85 418
5072 81 287
5073 84 927
5074 42 897
5075 50 104
5076 9 692
5077 64 619
5078 30 790
5079 30 727
5080 1 814
5081 92 810
5082 86 998
5083 46 73
5084 99 471
5085 73 919
5086 10 138
5087 84 875
5088 62 487
5089 40 428
5090 21 391
5091 54 995
5092 27 237
5093 58 545
5094 18 385
5095 39 313
5096 80 330
5097 25 127
5098 61 174
5099 9 584
5100 73 9
5101 47 803
5102 39 487
5103 10 862
5104 54 411
5105 39 718
5106 74 963
5107 76 694
5108 100 517
5109 81 107
5110 21 629
5111 36 307
5112 63 768
5113 38 957
5114 57 20
5115 52 442
5116 72 415
5117 64 675
5118 61 12
5119 100 61
5120 9 65
5121 54 774
5122 92 826
5123 92 995
5124 75 485
5125 13 183
5126 17 146
5127 1 155
5128 80 184
5129 97 628
5130 66 264
5131 88 595
5132 48 852
5133 35 197
5134 35 147
5135 30 134
5136 68 948
5137 17 33
5138 55 113
5139 79 819
5140 13 131
5141 70 985
5142 80 604
5143 63 138
5144 54 37
5145 46 250
5146 77 695
5147 73 494
5148 80 577
5149 35 444
5150 71 92
5151 100 895
5152 14 717
5153 21 901
5154 46 123
5155 72 981
5156 82 63
5157 46 440
5158 41 398
5159 73 917
5160 12 235
5161 94 180
5162 71 392
5163 47 114
5164 22 620
5165 99 886
5166 50 628
5167 51 828
5168 32 311
5169 79 57
5170 13 106
5171 89 595
5172 90 381
5173 78 27
5174 26 728
5175 23 716
5176 59 125
5177 16 52
5178 41 806
5179 12 570
5180 78 27
5181 70 18
5182 67 950
5183 7 974
5184 44 389
5185 49 537
5186 29 609
5187 38 687
5188 38 370
5189 7 335
5190 45 392
5191 11 109
5192 86 102
5193 63 938
5194 6 877
5195 79 853
5196 19 506
5197 50 297
5198 51 961
5199 76 769
5200 63 408
5201 6 851
5202 51 593
5203 35 45
5204 84 950
5205 37 7
5206 61 741
5207 12 127
5208 27 716
5209 57 597
5210 31 11
5211 9 662
5212 94 209
5213 96 211
5214 93 379
5215 87 836
5216 39 108
5217 43 454
5218 18 139
5219 96 113
5220 50 276
5221 15 624
5222 43 379
5223 87 797
5224 54 867
5225 19 908
5226 85 349
5227 24 57
5228 59 590
5229 31 8
5230 10 756
5231 42 632
5232 92 762
5233 40 476
5234 59 499
5235 1 172
5236 3 804
5237 62 819
5238 46 650
5239 57 38
5240 32 267
5241 98 120
5242 60 850
5243 80 549
5244 19 20
5245 6 952
5246 2 956
5247 41 548
5248 79 344
5249 13 909
5250 18 119
5251 88 690
5252 32 339
5253 17 791
5254 59 92
5255 53 131
5256 71 76
5257 77 231
5258 74 990
5259 18 439
5260 25 420
5261 100 458
5262 86 109
5263 53 638
5264 61 406
5265 57 747
5266 1 244
5267 9 821
5268 66 726
5269 26 614
5270 1 314
5271 71 240
5272 33 589
5273 15 376
5274 77 575
5275 66 483
5276 79 975
5277 41 915
5278 26 997
5279 84 321
5280 17 260
5281 82 732
5282 38 494
5283 59 519
5284 97 419
5285 78 327
5286 97 209
5287 76 777
5288 83 380
5289 56 987
5290 74 352
5291 55 262
5292 25 641
5293 65 341
5294 43 353
5295 74 463
5296 93 85
5297 56 833
5298 52 660
5299 15 82
5300 83 947
5301 8 68
5302 17 537
5303 57 649
5304 17 432
5305 84 868
5306 43 253
5307 20 733
5308 83 469
5309 53 978
5310 32 247
5311 17 905
5312 89 402
5313 52 497
5314 6 666
5315 52 579
5316 73 365
5317 72 401
5318 47 297
5319 2 51
5320 59 10
5321 38 498
5322 87 521
5323 77 143
5324 89 649
5325 43 533
5326 95 590
5327 78 968
5328 72 297
5329 60 681
5330 1 839
5331 69 462
5332 77 292
5333 88 365
5334 48 708
5335 80 799
5336 2 435
5337 25 614
5338 71 329
5339 7 566
5340 52 575
5341 75 117
5342 9 586
5343 80 594
5344 94 839
5345 5 406
5346 55 700
5347 16 256
5348 24 78
5349 79 336
5350 6 191
5351 23 4
5352 69 403
5353 99 743
5354 97 114
5355 98 443
5356 45 645
5357 3 74
5358 87 322
5359 35 53
5360 74 953
5361 47 321
5362 60 765
5363 61 64
5364 1 686
5365 88 551
5366 72 258
5367 80 245
5368 9 619
5369 80 420
5370 28 816
5371 39 661
5372 29 775
5373 77 15
5374 75 895
5375 22 596
5376 89 841
5377 52 107
5378 10 206
5379 20 817
5380 41 332
5381 11 58
5382 46 775
5383 16 921
5384 53 341
5385 74 312
5386 13 315
5387 71 613
5388 96 613
5389 79 661
5390 57 857
5391 10 657
5392 22 365
5393 85 186
5394 90 614
5395 31 140
5396 29 433
5397 64 845
5398 46 154
5399 13 641
5400 59 52
5401 90 277
5402 62 465
5403 30 579
5404 31 672
5405 2 264
5406 76 9
5407 29 783
5408 79 180
5409 14 285
5410 93 960
5411 66 804
5412 66 820
5413 100 897
5414 57 812
5415 63 629
5416 49 563
5417 100 133
5418 22 614
5419 27 520
5420 73 22
5421 73 354
5422 8 912
5423 87 595
5424 64 16
5425 37 981
5426 36 982
5427 9 820
5428 89 322
5429 50 676
5430 68 548
5431 37 157
5432 33 987
5433 96 481
5434 48 961
5435 67 582
5436 24 386
5437 70 373
5438 91 942
5439 67 335
5440 68 672
5441 27 44
5442 9 618
5443 64 906
5444 87 109
5445 50 18
5446 18 301
5447 26 707
5448 67 581
5449 4 933
5450 6 479
5451 3 472
5452 6 80
5453 98 214
5454 5 344
5455 80 629
5456 66 927
5457 58 249
5458 42 317
5459 54 608
5460 82 828
5461 51 23
5462 65 109
5463 4 163
5464 19 930
5465 25 555
5466 15 518
5467 46 284
5468 93 660
5469 58 96
5470 82 209
5471 11 157
5472 36 204
5473 97 107
5474 83 344
5475 42 55
5476 62 138
5477 24 757
5478 52 376
5479 6 487
5480 78 412
5481 22 512
5482 99 286
5483 45 415
5484 83 715
5485 9 265
5486 28 885
5487 16 501
5488 91 192
5489 34 282
5490 8 982
5491 64 177
5492 46 691
5493 37 873
5494 60 228
5495 8 73
5496 65 50
5497 22 257
5498 55 296
5499 44 902
5500 49 569
5501 86 248
5502 88 537
5503 69 500
5504 11 787
5505 60 437
5506 69 536
5507 66 364
5508 47 249
5509 38 342
5510 65 631
5511 30 817
5512 73 647
5513 11 774
5514 12 125
5515 41 381
5516 91 619
5517 43 269
5518 52 367
5519 53 792
5520 51 611
5521 49 31
5522 91 623
5523 81 727
5524 89 625
5525 77 832
5526 74 197
5527 88 613
5528 17 974
5529 96 268
5530 64 106
5531 90 639
5532 96 450
5533 44 202
5534 65 78
5535 31 458
5536 70 160
5537 95 613
5538 60 388
5539 79 849
5540 61 13
5541 35 817
5542 72 974
5543 49 891
5544 98 970
5545 13 153
5546 67 720
5547 19 715
5548 8 449
5549 13 309
5550 16 824
5551 27 695
5552 12 126
5553 41 754
5554 33 216
5555 65 716
5556 76 357
5557 64 348
5558 39 30
5559 32 495
5560 20 201
5561 84 486
5562 30 880
5563 30 742
5564 48 485
5565 96 44
5566 62 61
5567 51 990
5568 75 744
5569 10 832
5570 15 724
5571 59 242
5572 91 99
5573 81 183
5574 72 288
5575 55 257
5576 66 792
5577 28 507
5578 44 74
5579 90 978
5580 58 500
5581 31 59
5582 25 62
5583 18 731
5584 35 713
5585 83 695
5586 96 883
5587 79 705
5588 89 157
5589 25 389
5590 98 899
5591 28 413
5592 56 72
5593 33 84
5594 100 165
5595 44 115
5596 19 102
5597 10 363
5598 81 537
5599 63 184
5600 79 169
5601 74 256
5602 76 43
5603 73 348
5604 71 492
5605 7 466
5606 68 982
5607 91 498
5608 94 571
5609 81 561
5610 52 991
5611 19 167
5612 100 145
5613 34 190
5614 100 492
5615 95 838
5616 51 267
5617 86 126
5618 24 370
5619 40 901
5620 2 789
5621 19 177
5622 17 916
5623 88 487
5624 89 117
5625 25 119
5626 13 290
5627 85 749
5628 28 457
5629 47 397
5630 33 595
5631 37 697
5632 21 629
5633 19 686
5634 14 674
5635 1 906
5636 90 654
5637 45 553
5638 28 378
5639 15 270
5640 47 670
5641 39 124
5642 68 348
5643 80 462
5644 45 480
5645 37 876
5646 12 289
5647 15 655
5648 95 19
5649 1 941
5650 47 692
5651 55 366
5652 7 892
5653 45 816
5654 40 378
5655 100 915
5656 81 190
5657 1 466
5658 68 59
5659 69 546
5660 70 767
5661 63 137
5662 32 67
5663 64 371
5664 75 188
5665 9 203
5666 21 848
5667 39 607
5668 41 255
5669 75 210
5670 74 585
5671 27 134
5672 94 133
5673 30 442
5674 45 525
5675 71 63
5676 72 539
5677 23 782
5678 44 235
5679 7 211
5680 54 625
5681 36 244
5682 68 671
5683 57 603
5684 91 361
5685 67 899
5686 54 416
5687 67 851
5688 6 881
5689 20 92
5690 28 820
5691 54 186
5692 77 983
5693 85 710
5694 36 319
5695 34 68
5696 76 116
5697 77 162
5698 6 967
5699 40 309
5700 4 632
5701 96 941
5702 38 889
5703 48 820
5704 71 393
5705 38 360
5706 83 632
5707 47 300
5708 98 635
5709 39 746
5710 16 360
5711 77 895
5712 16 567
5713 16 623
5714 45 608
5715 98 717
5716 86 222
5717 42 261
5718 56 77
5719 24 456
5720 91 736
5721 6 589
5722 57 226
5723 28 886
5724 48 585
5725 2 651
5726 15 995
5727 50 654
5728 100 932
5729 70 423
5730 39 368
5731 14 487
5732 71 969
5733 14 847
5734 83 121
5735 93 651
5736 2 608
5737 16 18
5738 87 28
5739 55 792
5740 60 34
5741 2 619
5742 26 725
5743 35 760
5744 89 773
5745 80 307
5746 20 453
5747 60 621
5748 32 431
5749 18 817
5750 88 325
5751 75 457
5752 58 192
5753 89 428
5754 17 97
5755 36 252
5756 45 233
5757 89 578
5758 16 32
5759 49 632
5760 80 957
5761 37 122
5762 44 585
5763 31 612
5764 87 838
5765 59 671
5766 83 676
5767 91 217
5768 43 811
5769 17 280
5770 92 362
5771 7 827
5772 3 300
5773 43 576
5774 3 416
5775 25 759
5776 67 172
5777 37 971
5778 78 52
5779 71 236
5780 49 470
5781 57 951
5782 97 618
5783 29 629
5784 60 588
5785 95 843
5786 88 648
5787 75 874
5788 25 828
5789 74 842
5790 1 316
5791 59 654
5792 76 508
5793 32 547
5794 47 167
5795 78 212
5796 15 672
5797 76 856
5798 56 301
5799 51 442
5800 9 213
5801 87 201
5802 98 723
5803 64 78
5804 74 866
5805 20 767
5806 20 878
5807 36 448
5808 87 623
5809 71 443
5810 90 57
5811 85 529
5812 38 975
5813 74 124
5814 11 162
5815 95 861
5816 54 302
5817 68 15
5818 4 853
5819 46 250
5820 22 264
5821 72 195
5822 8 189
5823 62 685
5824 39 882
5825 16 543
5826 61 912
5827 44 29
5828 57 962
5829 34 921
5830 8 277
5831 6 984
5832 66 687
5833 100 52
5834 51 956
5835 27 420
5836 88 396
5837 91 298
5838 81 957
5839 2 296
5840 37 441
5841 43 58
5842 24 360
5843 35 978
5844 35 414
5845 55 133
5846 85 958
5847 23 859
5848 24 11
5849 98 427
5850 51 920
5851 76 746
5852 64 295
5853 4 22
5854 49 988
5855 17 596
5856 65 844
5857 78 894
5858 69 63
5859 48 132
5860 99 194
5861 52 483
5862 71 879
5863 24 359
5864 84 297
5865 17 426
5866 66 231
5867 33 818
5868 81 465
5869 95 920
5870 11 600
5871 21 389
5872 24 755
5873 43 609
5874 11 556
5875 89 514
5876 96 832
5877 32 908
5878 30 299
5879 14 163
5880 12 190
5881 97 702
5882 71 698
5883 35 941
5884 34 127
5885 41 934
5886 61 296
5887 43 82
5888 60 303
5889 27 881
5890 58 835
5891 22 898
5892 93 869
5893 46 183
5894 63 678
5895 3 564
5896 34 974
5897 17 768
5898 30 954
5899 84 910
5900 26 818
5901 13 36
5902 83 203
5903 36 247
5904 56 818
5905 15 875
5906 42 748
5907 24 12
5908 16 646
5909 98 487
5910 42 561
5911 12 645
5912 55 541
5913 87 276
5914 74 323
5915 2 572
5916 64 249
5917 19 362
5918 21 479
5919 67 956
5920 74 195
5921 22 644
5922 74 706
5923 54 16
5924 19 423
5925 13 303
5926 99 567
5927 69 513
5928 11 136
5929 48 165
5930 85 342
5931 63 300
5932 97 77
5933 62 831
5934 86 126
5935 27 220
5936 70 556
5937 74 718
5938 70 769
5939 87 609
5940 92 278
5941 5 230
5942 33 944
5943 36 43
5944 74 406
5945 42 83
5946 92 92
5947 70 58
5948 50 395
5949 29 83
5950 66 278
5951 16 946
5952 27 701
5953 97 463
5954 67 891
5955 2 476
5956 74 675
5957 15 154
5958 83 620
5959 25 977
5960 72 860
5961 44 420
5962 37 616
5963 84 464
5964 10 587
5965 52 121
5966 82 589
5967 23 312
5968 84 339
5969 33 551
5970 13 536
5971 41 860
5972 74 961
5973 17 930
5974 3 950
5975 89 591
5976 98 201
5977 98 709
5978 69 524
5979 50 700
5980 55 268
5981 82 704
5982 98 945
5983 36 551
5984 59 185
5985 8 166
5986 53 157
5987 12 898
5988 59 693
5989 18 891
5990 41 587
5991 66 849
5992 69 610
5993 8 378
5994 90 450
5995 2 378
5996 71 100
5997 88 480
5998 51 714
5999 48 801
6000 57 687
6001 20 450
6002 33 116
6003 88 24
6004 54 220
6005 21 81
6006 68 769
6007 23 887
6008 2 760
6009 83 808
6010 26 229
6011 35 907
6012 40 998
6013 49 406
6014 12 735
6015 91 763
6016 98 978
6017 77 982
6018 42 712
6019 83 729
6020 70 617
6021 82 448
6022 35 68
6023 74 985
6024 62 7
6025 87 154
6026 89 889
6027 60 782
6028 45 1000
6029 81 234
6030 48 256
6031 71 345
6032 44 580
6033 98 107
6034 14 476
6035 39 513
6036 76 276
6037 23 68
6038 37 773
6039 53 697
6040 67 398
6041 70 61
6042 8 925
6043 99 887
6044 63 290
6045 68 193
6046 64 743
6047 12 510
6048 19 556
6049 93 558
6050 40 742
6051 87 646
6052 25 734
6053 63 956
6054 66 262
6055 73 227
6056 43 606
6057 94 439
6058 14 178
6059 86 745
6060 98 624
6061 54 945
6062 20 209
6063 1 848
6064 99 492
6065 9 944
6066 85 327
6067 89 56
6068 37 251
6069 73 325
6070 96 387
6071 50 969
6072 54 56
6073 47 399
6074 95 288
6075 79 946
6076 50 775
6077 52 326
6078 19 598
6079 11 93
6080 79 261
6081 26 112
6082 24 47
6083 55 52
6084 13 102
6085 90 64
6086 75 663
6087 78 947
6088 90 305
6089 66 265
6090 36 231
6091 3 371
6092 10 228
6093 50 939
6094 64 698
6095 33 86
6096 3 561
6097 16 318
6098 14 50
6099 79 230
6100 98 434
6101 26 63
6102 22 466
6103 59 651
6104 97 240
6105 46 819
6106 16 807
6107 39 546
6108 34 929
6109 10 396
6110 14 871
6111 85 750
6112 70 117
6113 12 582
6114 34 659
6115 46 450
6116 58 969
6117 76 338
6118 18 762
6119 78 673
6120 39 502
6121 82 506
6122 45 656
6123 37 414
6124 77 298
6125 4 60
6126 98 413
6127 78 620
6128 6 63
6129 60 70
6130 74 807
6131 80 980
6132 27 696
6133 84 482
6134 33 685
6135 64 317
6136 93 359
6137 41 297
6138 33 498
6139 28 801
6140 11 839
6141 27 167
6142 24 961
6143 70 692
6144 68 301
6145 52 25
6146 38 5
6147 4 131
6148 29 717
6149 11 637
6150 66 173
6151 55 639
6152 33 967
6153 37 271
6154 17 79
6155 89 234
6156 46 837
6157 25 949
6158 20 298
6159 82 771
6160 44 582
6161 48 487
6162 56 551
6163 36 880
6164 53 117
6165 45 470
6166 79 527
6167 20 987
6168 52 14
6169 68 882
6170 97 213
6171 90 717
6172 29 162
6173 61 816
6174 35 887
6175 69 414
6176 54 332
6177 71 663
6178 58 495
6179 47 838
6180 91 886
6181 7 336
6182 73 487
6183 25 545
6184 59 653
6185 78 908
6186 86 60
6187 40 530
6188 31 73
6189 66 916
6190 70 203
6191 27 846
6192 17 568
6193 93 95
6194 93 327
6195 95 897
6196 41 911
6197 27 782
6198 21 226
6199 85 773
6200 31 848
6201 87 6
6202 29 985
6203 68 406
6204 92 22
6205 9 473
6206 76 498
6207 37 867
6208 37 14
6209 63 310
6210 41 977
6211 94 23
6212 99 310
6213 27 370
6214 87 233
6215 68 104
6216 13 965
6217 61 677
6218 58 526
6219 17 472
6220 6 427
6221 7 601
6222 16 915
6223 57 821
6224 69 925
6225 47 881
6226 50 805
6227 80 102
6228 30 362
6229 13 925
6230 65 891
6231 73 462
6232 15 284
6233 41 226
6234 84 920
6235 35 520
6236 39 255
6237 94 747
6238 11 411
6239 16 628
6240 82 653
6241 60 287
6242 49 144
6243 18 434
6244 74 230
6245 13 419
6246 39 944
6247 81 5
6248 45 790
6249 52 237
6250 95 638
6251 76 712
6252 32 613
6253 66 440
6254 52 352
6255 5 906
6256 23 760
6257 79 407
6258 27 32
6259 35 168
6260 97 998
6261 87 434
6262 13 926
6263 99 928
6264 35 603
6265 28 386
6266 65 820
6267 83 527
6268 22 891
6269 44 20
6270 3 803
6271 31 563
6272 65 694
6273 61 116
6274 69 682
6275 82 538
6276 53 411
6277 9 768
6278 14 378
6279 11 724
6280 90 556
6281 95 214
6282 4 434
6283 31 652
6284 72 231
6285 86 705
6286 5 874
6287 15 818
6288 54 723
6289 44 559
6290 82 461
6291 59 22
6292 67 771
6293 59 81
6294 96 64
6295 80 72
6296 74 862
6297 100 304
6298 26 366
6299 29 714
6300 24 596
6301 65 704
6302 77 812
6303 4 830
6304 72 83
6305 26 319
6306 65 355
6307 69 297
6308 81 706
6309 79 448
6310 94 40
6311 80 207
6312 91 86
6313 15 989
6314 90 322
6315 90 891
6316 18 97
6317 89 359
6318 85 292
6319 37 398
6320 30 797
6321 24 443
6322 35 314
6323 37 424
6324 56 453
6325 32 246
6326 93 680
6327 38 976
6328 37 473
6329 2 447
6330 29 72
6331 8 722
6332 95 668
6333 30 128
6334 30 120
6335 6 982
6336 80 174
6337 6 959
6338 100 141
6339 19 867
6340 38 580
6341 63 368
6342 93 833
6343 12 252
6344 70 617
6345 39 165
6346 23 106
6347 16 400
6348 97 285
6349 51 736
6350 29 531
6351 64 57
6352 60 627
6353 68 310
6354 32 248
6355 9 682
6356 54 781
6357 16 288
6358 30 610
6359 47 574
6360 24 761
6361 14 788
6362 2 937
6363 31 395
6364 99 990
6365 34 230
6366 18 379
6367 70 272
6368 100 451
6369 34 371
6370 23 365
6371 62 788
6372 15 834
6373 8 125
6374 63 243
6375 53 23
6376 70 508
6377 100 14
6378 32 222
6379 23 149
6380 67 774
6381 27 486
6382 51 671
6383 25 788
6384 92 59
6385 70 741
6386 23 133
6387 58 382
6388 53 254
6389 88 357
6390 39 723
6391 39 366
6392 49 482
6393 35 40
6394 29 362
6395 1 194
6396 51 913
6397 40 193
6398 95 57
6399 21 829
6400 56 28
6401 87 606
6402 74 335
6403 97 992
6404 68 916
6405 100 572
6406 44 187
6407 36 751
6408 28 698
6409 1 847
6410 59 445
6411 20 509
6412 79 545
6413 16 495
6414 88 488
6415 98 781
6416 72 960
6417 54 911
6418 92 44
6419 2 260
6420 7 104
6421 14 311
6422 84 113
6423 66 566
6424 88 93
6425 85 85
6426 91 931
6427 89 144
6428 84 978
6429 87 114
6430 81 928
6431 65 450
6432 96 245
6433 13 423
6434 60 958
6435 69 333
6436 66 241
6437 44 556
6438 62 667
6439 42 240
6440 52 962
6441 80 880
6442 69 497
6443 15 540
6444 83 338
6445 81 727
6446 35 820
6447 92 985
6448 71 650
6449 27 403
6450 7 122
6451 66 171
6452 53 96
6453 96 286
6454 85 741
6455 95 1000
6456 97 557
6457 69 902
6458 86 950
6459 75 134
6460 20 214
6461 22 611
6462 91 126
6463 89 603
6464 25 916
6465 91 838
6466 21 278
6467 24 309
6468 34 570
6469 27 429
6470 1 650
6471 84 828
6472 41 224
6473 20 375
6474 52 437
6475 40 774
6476 31 818
6477 55 965
6478 37 166
6479 28 366
6480 72 747
6481 43 142
6482 64 179
6483 23 455
6484 48 730
6485 87 618
6486 85 524
6487 71 301
6488 69 725
6489 33 472
6490 52 508
6491 81 216
6492 94 794
6493 49 216
6494 43 239
6495 58 838
6496 51 798
6497 4 728
6498 77 195
6499 21 655
6500 6 210
6501 34 469
6502 60 868
6503 35 297
6504 57 106
6505 14 975
6506 24 439
6507 24 201
6508 67 146
6509 69 616
6510 33 666
6511 58 360
6512 4 588
6513 16 290
6514 11 678
6515 10 821
6516 41 101
6517 85 815
6518 33 8
6519 35 667
6520 44 139
6521 57 835
6522 89 146
6523 97 661
6524 59 414
6525 89 420
6526 95 498
6527 53 286
6528 69 715
6529 64 763
6530 20 86
6531 63 580
6532 78 742
6533 14 357
6534 94 495
6535 3 918
6536 51 956
6537 22 160
6538 69 923
6539 71 320
6540 12 911
6541 93 599
6542 78 882
6543 41 453
6544 69 551
6545 14 829
6546 95 413
6547 46 195
6548 30 12
6549 60 384
6550 7 380
6551 57 668
6552 79 225
6553 92 153
6554 74 151
6555 43 572
6556 27 4
6557 7 716
6558 70 400
6559 78 51
6560 100 444
6561 7 128
6562 95 768
6563 25 844
6564 22 142
6565 74 356
6566 58 747
6567 14 436
6568 34 785
6569 13 710
6570 88 364
6571 14 274
6572 50 420
6573 74 111
6574 59 107
6575 3 72
6576 23 882
6577 63 902
6578 5 799
6579 69 697
6580 78 722
6581 20 547
6582 63 588
6583 28 725
6584 83 31
6585 70 647
6586 62 192
6587 49 315
6588 86 129
6589 92 903
6590 71 888
6591 17 910
6592 58 988
6593 9 613
6594 88 680
6595 84 424
6596 100 57
6597 55 93
6598 65 257
6599 44 214
6600 91 384
6601 69 853
6602 34 748
6603 26 670
6604 88 611
6605 45 206
6606 68 341
6607 40 552
6608 5 609
6609 24 302
6610 40 520
6611 60 388
6612 81 218
6613 89 746
6614 71 478
6615 64 850
6616 92 89
6617 100 570
6618 29 312
6619 12 469
6620 25 122
6621 41 734
6622 43 654
6623 19 891
6624 64 311
6625 95 663
6626 44 689
6627 80 648
6628 52 301
6629 40 560
6630 70 907
6631 24 644
6632 15 60
6633 43 359
6634 3 417
6635 51 348
6636 54 558
6637 86 511
6638 78 372
6639 93 73
6640 37 369
6641 61 486
6642 47 514
6643 60 136
6644 5 941
6645 4 895
6646 33 304
6647 98 928
6648 83 511
6649 91 315
6650 79 987
6651 3 537
6652 18 822
6653 99 363
6654 20 975
6655 85 298
6656 46 117
6657 44 692
6658 35 962
6659 95 402
6660 39 807
6661 18 774
6662 85 547
6663 80 181
6664 44 209
6665 52 129
6666 75 755
6667 85 222
6668 7 616
6669 22 916
6670 59 177
6671 42 382
6672 14 295
6673 48 386
6674 45 746
6675 33 945
6676 5 622
6677 67 710
6678 100 17
6679 69 634
6680 85 910
6681 25 467
6682 20 93
6683 28 33
6684 36 729
6685 55 762
6686 59 319
6687 47 267
6688 21 26
6689 46 532
6690 19 757
6691 30 680
6692 62 627
6693 47 811
6694 99 453
6695 23 990
6696 92 636
6697 57 27
6698 24 900
6699 21 619
6700 91 401
6701 6 299
6702 71 11
6703 5 571
6704 72 978
6705 60 810
6706 16 362
6707 18 392
6708 96 945
6709 98 801
6710 58 503
6711 14 477
6712 15 449
6713 60 822
6714 53 633
6715 64 199
6716 32 836
6717 25 677
6718 27 135
6719 99 202
6720 17 368
6721 74 135
6722 54 753
6723 49 496
6724 92 62
6725 38 97
6726 80 548
6727 61 340
6728 100 838
6729 35 723
6730 34 472
6731 21 402
6732 61 672
6733 55 851
6734 37 145
6735 92 992
6736 54 416
6737 19 986
6738 53 721
6739 33 280
6740 4 809
6741 85 905
6742 44 511
6743 92 3
6744 77 171
6745 63 943
6746 78 747
6747 90 628
6748 46 808
6749 29 641
6750 5 933
6751 18 175
6752 89 764
6753 35 449
6754 31 722
6755 63 787
6756 73 626
6757 44 788
6758 15 555
6759 23 279
6760 37 848
6761 100 512
6762 45 607
6763 32 717
6764 57 923
6765 62 708
6766 57 23
6767 25 887
6768 99 551
6769 91 777
6770 28 749
6771 20 889
6772 25 376
6773 3 404
6774 77 350
6775 45 425
6776 15 153
6777 76 102
6778 69 176
6779 46 767
6780 25 110
6781 1 868
6782 73 715
6783 9 706
6784 43 214
6785 31 802
6786 58 728
6787 53 218
6788 45 150
6789 23 781
6790 14 612
6791 45 420
6792 32 207
6793 49 544
6794 68 586
6795 88 95
6796 10 780
6797 28 145
6798 68 916
6799 96 68
6800 43 298
6801 42 405
6802 31 839
6803 46 463
6804 60 208
6805 97 386
6806 62 41
6807 64 814
6808 53 379
6809 87 658
6810 59 966
6811 45 906
6812 73 516
6813 59 648
6814 51 942
6815 58 596
6816 83 30
6817 54 469
6818 73 866
6819 81 501
6820 100 491
6821 3 263
6822 83 391
6823 51 873
6824 6 196
6825 51 561
6826 90 901
6827 71 231
6828 86 989
6829 5 241
6830 53 442
6831 6 690
6832 90 995
6833 30 341
6834 20 696
6835 30 158
6836 80 769
6837 83 290
6838 7 470
6839 42 12
6840 30 799
6841 41 155
6842 18 611
6843 3 102
6844 88 915
6845 48 520
6846 9 818
6847 75 940
6848 83 397
6849 46 585
6850 88 994
6851 16 667
6852 30 97
6853 70 828
6854 87 328
6855 41 174
6856 10 45
6857 78 516
6858 22 757
6859 59 333
6860 39 283
6861 39 250
6862 85 372
6863 79 280
6864 33 305
6865 4 741
6866 66 864
6867 28 714
6868 31 865
6869 74 894
6870 68 614
6871 24 501
6872 71 267
6873 100 402
6874 71 414
6875 43 411
6876 41 190
6877 4 437
6878 25 413
6879 98 163
6880 91 294
6881 33 380
6882 96 573
6883 78 619
6884 55 735
6885 2 330
6886 40 722
6887 56 29
6888 63 145
6889 16 136
6890 50 327
6891 56 821
6892 28 419
6893 33 167
6894 16 285
6895 88 65
6896 59 125
6897 10 781
6898 41 463
6899 4 670
6900 46 526
6901 37 856
6902 46 418
6903 24 876
6904 100 216
6905 12 878
6906 4 197
6907 22 609
6908 80 440
6909 74 976
6910 42 292
6911 98 349
6912 81 229
6913 56 833
6914 33 515
6915 67 962
6916 90 101
6917 23 406
6918 93 304
6919 54 389
6920 13 592
6921 27 801
6922 87 799
6923 14 212
6924 18 944
6925 55 762
6926 57 35
6927 26 560
6928 19 41
6929 45 441
6930 72 28
6931 49 743
6932 38 811
6933 7 787
6934 23 625
6935 5 644
6936 61 852
6937 59 686
6938 47 218
6939 79 109
6940 79 40
6941 49 659
6942 77 336
6943 29 875
6944 60 606
6945 93 196
6946 28 957
6947 46 637
6948 26 539
6949 33 890
6950 50 951
6951 42 1000
6952 63 507
6953 48 47
6954 70 233
6955 37 244
6956 67 794
6957 10 319
6958 34 217
6959 5 153
6960 75 853
6961 48 864
6962 34 828
6963 14 397
6964 87 218
6965 67 810
6966 62 195
6967 33 626
6968 16 481
6969 70 862
6970 40 57
6971 28 636
6972 30 999
6973 68 958
6974 92 414
6975 8 682
6976 47 647
6977 99 194
6978 78 823
6979 88 683
6980 33 77
6981 93 349
6982 5 352
6983 4 146
6984 34 888
6985 63 968
6986 49 394
6987 59 344
6988 25 961
6989 74 890
6990 61 774
6991 99 785
6992 57 388
6993 3 576
6994 50 742
6995 7 601
6996 89 183
6997 50 381
6998 39 956
6999 10 447
7000 18 191
7001 3 422
7002 83 430
7003 62 586
7004 50 744
7005 27 752
7006 3 831
7007 51 310
7008 91 258
7009 4 569
7010 6 436
7011 81 214
7012 82 54
7013 12 711
7014 75 342
7015 7 831
7016 54 427
7017 1 326
7018 66 264
7019 55 143
7020 78 484
7021 57 81
7022 77 719
7023 77 504
7024 88 487
7025 66 315
7026 84 109
7027 95 449
7028 21 414
7029 3 221
7030 28 63
7031 51 358
7032 79 202
7033 45 214
7034 13 5
7035 76 514
7036 83 434
7037 90 708
7038 53 542
7039 13 959
7040 35 452
7041 42 351
7042 52 996
7043 95 314
7044 53 19
7045 37 835
7046 67 614
7047 34 645
7048 21 624
7049 95 872
7050 50 384
7051 31 21
7052 20 123
7053 25 767
7054 48 47
7055 7 444
7056 55 993
7057 95 666
7058 90 993
7059 87 993
7060 9 974
7061 19 590
7062 26 924
7063 41 672
7064 82 496
7065 56 998
7066 33 559
7067 95 691
7068 94 840
7069 97 570
7070 1 970
7071 76 658
7072 55 989
7073 27 181
7074 39 577
7075 73 225
7076 19 252
7077 92 342
7078 6 389
7079 65 715
7080 43 184
7081 51 74
7082 24 362
7083 66 603
7084 62 799
7085 77 204
7086 14 10
7087 71 257
7088 90 467
7089 15 914
7090 23 988
7091 13 383
7092 67 986
7093 82 907
7094 19 845
7095 66 922
7096 40 255
7097 7 96
7098 52 58
7099 23 325
7100 3 442
7101 100 943
7102 28 626
7103 18 230
7104 59 415
7105 15 91
7106 48 579
7107 24 163
7108 63 434
7109 39 636
7110 49 544
7111 30 379
7112 51 772
7113 86 468
7114 46 192
7115 46 994
7116 51 412
7117 67 361
7118 55 259
7119 31 26
7120 4 979
7121 11 64
7122 49 49
7123 61 17
7124 35 15
7125 35 696
7126 1 510
7127 15 341
7128 52 412
7129 59 501
7130 73 967
7131 79 997
7132 61 963
7133 89 313
7134 78 175
7135 35 157
7136 52 796
7137 89 430
7138 24 339
7139 94 560
7140 36 472
7141 82 274
7142 58 514
7143 23 409
7144 49 912
7145 17 278
7146 57 265
7147 8 715
7148 2 301
7149 43 196
7150 71 274
7151 1 258
7152 50 731
7153 45 195
7154 85 332
7155 19 851
7156 31 186
7157 88 932
7158 68 398
7159 11 140
7160 67 715
7161 10 937
7162 35 781
7163 73 571
7164 87 961
7165 10 981
7166 92 383
7167 1 481
7168 90 72
7169 9 454
7170 65 820
7171 22 303
7172 62 963
7173 59 202
7174 12 12
7175 85 913
7176 14 634
7177 75 583
7178 33 16
7179 43 67
7180 36 934
7181 50 633
7182 17 197
7183 79 696
7184 39 35
7185 11 853
7186 38 778
7187 28 704
7188 22 500
7189 95 51
7190 7 87
7191 61 494
7192 17 446
7193 45 610
7194 60 536
7195 11 326
7196 27 110
7197 90 166
7198 14 513
7199 82 933
7200 82 179
7201 99 95
7202 23 610
7203 39 352
7204 21 745
7205 42 968
7206 77 204
7207 68 443
7208 41 711
7209 13 523
7210 48 238
7211 10 601
7212 64 178
7213 86 31
7214 73 196
7215 50 332
7216 68 758
7217 85 641
7218 29 763
7219 23 689
7220 64 451
7221 94 585
7222 60 54
7223 41 904
7224 66 200
7225 100 638
7226 32 824
7227 68 36
7228 32 809
7229 2 243
7230 80 898
7231 18 286
7232 16 137
7233 20 705
7234 20 204
7235 49 701
7236 74 186
7237 40 879
7238 57 770
7239 31 67
7240 99 365
7241 100 718
7242 37 910
7243 3 190
7244 27 456
7245 29 68
7246 81 686
7247 33 34
7248 29 304
7249 94 860
7250 13 449
7251 15 750
7252 43 974
7253 68 60
7254 6 958
7255 58 935
7256 61 563
7257 60 884
7258 31 172
7259 66 964
7260 57 822
7261 88 496
7262 52 237
7263 53 714
7264 44 700
7265 98 445
7266 92 473
7267 57 252
7268 92 859
7269 8 139
7270 27 61
7271 12 621
7272 95 970
7273 94 125
7274 67 354
7275 72 282
7276 54 185
7277 82 144
7278 95 445
7279 74 467
7280 36 891
7281 14 917
7282 23 609
7283 13 335
7284 25 748
7285 94 31
7286 37 210
7287 94 675
7288 33 138
7289 75 571
7290 41 287
7291 76 298
7292 45 708
7293 89 993
7294 49 22
7295 6 46
7296 16 396
7297 61 742
7298 47 200
7299 11 203
7300 33 431
7301 13 87
7302 27 327
7303 54 284
7304 31 549
7305 70 765
7306 28 586
7307 58 692
7308 15 889
7309 17 376
7310 32 519
7311 11 112
7312 29 769
7313 8 411
7314 93 591
7315 7 682
7316 50 379
7317 38 685
7318 79 493
7319 78 155
7320 23 699
7321 20 942
7322 12 252
7323 31 830
7324 98 391
7325 32 117
7326 81 844
7327 16 147
7328 20 7
7329 52 794
7330 63 83
7331 41 637
7332 33 566
7333 40 109
7334 19 350
7335 74 548
7336 85 785
7337 7 607
7338 47 16
7339 29 441
7340 74 426
7341 36 145
7342 92 173
7343 67 168
7344 26 300
7345 78 467
7346 10 571
7347 59 302
7348 58 806
7349 100 197
7350 87 632
7351 84 816
7352 52 789
7353 69 251
7354 53 353
7355 5 70
7356 34 133
7357 72 925
7358 80 975
7359 31 645
7360 56 571
7361 98 695
7362 89 606
7363 55 179
7364 65 101
7365 99 197
7366 49 75
7367 29 389
7368 31 71
7369 5 388
7370 46 931
7371 89 712
7372 15 802
7373 99 691
7374 94 650
7375 1 180
7376 68 882
7377 30 222
7378 9 785
7379 75 680
7380 60 951
7381 74 630
7382 44 370
7383 97 412
7384 52 64
7385 89 838
7386 33 96
7387 57 797
7388 55 553
7389 72 194
7390 16 781
7391 80 946
7392 56 964
7393 77 70
7394 51 651
7395 96 371
7396 36 8
7397 62 146
7398 37 137
7399 77 167
7400 7 111
7401 12 102
7402 53 877
7403 16 16
7404 22 380
7405 23 595
7406 98 368
7407 26 411
7408 69 585
7409 57 206
7410 13 299
7411 11 931
7412 15 116
7413 17 68
7414 14 399
7415 48 605
7416 76 297
7417 3 58
7418 20 597
7419 63 766
7420 69 691
7421 7 232
7422 85 333
7423 14 430
7424 100 394
7425 98 180
7426 76 800
7427 49 41
7428 21 891
7429 84 671
7430 94 686
7431 54 798
7432 9 729
7433 33 224
7434 47 515
7435 57 451
7436 22 26
7437 60 831
7438 36 863
7439 64 963
7440 41 261
7441 55 321
7442 45 561
7443 48 336
7444 30 4
7445 11 297
7446 88 502
7447 81 211
7448 80 256
7449 92 734
7450 53 155
7451 52 838
7452 14 373
7453 13 998
7454 15 166
7455 81 739
7456 96 897
7457 82 644
7458 58 700
7459 8 170
7460 66 586
7461 28 187
7462 89 77
7463 49 913
7464 98 215
7465 57 778
7466 71 519
7467 23 527
7468 66 113
7469 38 805
7470 6 484
7471 55 180
7472 4 607
7473 62 665
7474 34 560
7475 95 19
7476 22 825
7477 74 506
7478 24 997
7479 45 846
7480 43 528
7481 28 662
7482 93 156
7483 78 31
7484 65 448
7485 60 333
7486 94 355
7487 14 155
7488 45 649
7489 91 442
7490 21 968
7491 18 894
7492 89 212
7493 69 636
7494 13 576
7495 81 533
7496 83 431
7497 62 150
7498 29 186
7499 16 599
7500 44 132
7501 48 332
7502 58 117
7503 98 87
7504 32 39
7505 17 400
7506 75 721
7507 6 42
7508 96 609
7509 1 764
7510 80 445
7511 60 996
7512 8 884
7513 73 509
7514 28 707
7515 43 333
7516 19 862
7517 47 102
7518 38 671
7519 78 9
7520 76 498
7521 10 19
7522 13 673
7523 20 94
7524 23 815
7525 83 715
7526 90 480
7527 80 28
7528 55 400
7529 45 943
7530 5 26
7531 84 933
7532 65 965
7533 71 297
7534 40 340
7535 76 719
7536 30 524
7537 8 714
7538 12 398
7539 43 77
7540 70 394
7541 81 913
7542 23 82
7543 8 325
7544 46 920
7545 67 448
7546 34 169
7547 38 994
7548 71 84
7549 82 10
7550 27 378
7551 5 69
7552 78 914
7553 9 780
7554 37 67
7555 19 460
7556 81 624
7557 53 358
7558 86 955
7559 77 643
7560 6 652
7561 56 497
7562 89 14
7563 50 968
7564 21 936
7565 86 30
7566 78 425
7567 47 605
7568 65 717
7569 93 566
7570 16 333
7571 36 770
7572 96 368
7573 65 24
7574 45 15
7575 91 37
7576 29 832
7577 23 477
7578 51 623
7579 11 637
7580 37 146
7581 15 85
7582 47 171
7583 82 911
7584 77 368
7585 21 913
7586 76 857
7587 57 777
7588 88 494
7589 95 357
7590 18 902
7591 81 110
7592 56 363
7593 72 441
7594 47 312
7595 65 648
7596 66 762
7597 39 470
7598 53 642
7599 62 783
7600 87 841
7601 89 121
7602 57 928
7603 63 256
7604 1 656
7605 71 110
7606 4 385
7607 61 917
7608 34 660
7609 8 640
7610 30 11
7611 93 540
7612 4 268
7613 100 758
7614 71 891
7615 39 673
7616 54 86
7617 79 440
7618 94 324
7619 51 560
7620 81 515
7621 75 766
7622 9 869
7623 49 136
7624 38 493
7625 20 896
7626 35 397
7627 85 967
7628 92 685
7629 11 367
7630 23 385
7631 8 371
7632 53 925
7633 52 664
7634 30 542
7635 77 319
7636 8 391
7637 98 881
7638 17 370
7639 20 762
7640 56 699
7641 68 55
7642 77 518
7643 39 926
7644 17 273
7645 64 585
7646 57 655
7647 4 590
7648 16 176
7649 41 868
7650 47 790
7651 6 939
7652 1 276
7653 11 572
7654 14 64
7655 47 262
7656 19 80
7657 54 847
7658 56 428
7659 75 993
7660 89 530
7661 56 400
7662 89 578
7663 40 617
7664 1 33
7665 12 126
7666 30 405
7667 87 103
7668 91 392
7669 84 273
7670 100 35
7671 75 845
7672 77 737
7673 76 326
7674 55 876
7675 73 421
7676 68 886
7677 12 131
7678 68 754
7679 39 374
7680 4 998
7681 9 831
7682 16 84
7683 73 392
7684 50 558
7685 3 594
7686 73 746
7687 67 231
7688 37 472
7689 15 965
7690 97 873
7691 88 438
7692 37 647
7693 40 451
7694 21 35
7695 41 932
7696 46 153
7697 92 384
7698 90 257
7699 47 597
7700 89 509
7701 77 953
7702 13 82
7703 17 891
7704 52 335
7705 42 416
7706 45 969
7707 76 953
7708 48 546
7709 64 932
7710 46 432
7711 35 473
7712 17 276
7713 39 184
7714 1 100
7715 25 995
7716 4 129
7717 45 473
7718 37 956
7719 74 940
7720 53 767
7721 15 257
7722 61 920
7723 83 437
7724 55 698
7725 65 825
7726 81 995
7727 78 141
7728 18 112
7729 81 899
7730 34 109
7731 15 410
7732 88 473
7733 86 404
7734 86 839
7735 15 452
7736 3 179
7737 84 397
7738 81 857
7739 17 595
7740 42 290
7741 49 147
7742 88 957
7743 78 108
7744 68 607
7745 21 413
7746 56 129
7747 23 79
7748 1 41
7749 42 684
7750 56 469
7751 66 694
7752 78 819
7753 17 883
7754 27 858
7755 11 273
7756 74 988
7757 9 60
7758 81 364
7759 82 877
7760 77 739
7761 75 525
7762 29 120
7763 75 463
7764 54 859
7765 31 33
7766 73 539
7767 21 928
7768 97 744
7769 81 160
7770 18 497
7771 73 936
7772 43 559
7773 36 508
7774 96 303
7775 74 866
7776 19 427
7777 5 492
7778 100 728
7779 61 417
7780 26 103
7781 9 824
7782 49 693
7783 84 156
7784 23 901
7785 53 545
7786 55 704
7787 60 484
7788 54 321
7789 82 904
7790 22 707
7791 42 985
7792 66 26
7793 3 311
7794 2 192
7795 67 842
7796 67 822
7797 27 265
7798 3 374
7799 51 238
7800 18 240
7801 52 442
7802 29 382
7803 10 340
7804 100 646
7805 2 517
7806 79 63
7807 24 981
7808 70 778
7809 81 612
7810 67 152
7811 9 166
7812 45 749
7813 64 731
7814 20 332
7815 37 322
7816 40 277
7817 63 888
7818 46 167
7819 97 8
7820 36 537
7821 96 977
7822 41 480
7823 10 53
7824 74 544
7825 3 595
7826 51 44
7827 27 300
7828 25 387
7829 19 216
7830 7 585
7831 73 5
7832 32 759
7833 2 990
7834 33 455
7835 24 585
7836 67 204
7837 55 43
7838 82 723
7839 65 195
7840 40 65
7841 31 984
7842 48 325
7843 28 847
7844 18 147
7845 97 510
7846 66 672
7847 97 664
7848 6 918
7849 97 474
7850 36 551
7851 7 53
7852 62 804
7853 74 876
7854 6 883
7855 71 808
7856 79 106
7857 2 164
7858 95 76
7859 50 495
7860 78 157
7861 4 935
7862 67 184
7863 44 523
7864 7 46
7865 42 247
7866 6 555
7867 53 339
7868 17 204
7869 15 646
7870 6 685
7871 55 107
7872 62 287
7873 50 387
7874 39 986
7875 63 454
7876 96 611
7877 61 358
7878 30 967
7879 80 145
7880 23 80
7881 2 212
7882 14 835
7883 4 383
7884 69 304
7885 56 554
7886 29 734
7887 86 167
7888 24 531
7889 48 482
7890 55 700
7891 68 72
7892 3 934
7893 26 793
7894 95 984
7895 35 152
7896 79 854
7897 29 347
7898 74 721
7899 25 202
7900 83 225
7901 24 545
7902 1 836
7903 63 690
7904 42 920
7905 79 812
7906 88 483
7907 73 201
7908 69 983
7909 52 782
7910 54 441
7911 3 796
7912 15 193
7913 15 472
7914 17 39
7915 28 954
7916 27 176
7917 95 657
7918 85 856
7919 25 81
7920 4 826
7921 37 735
7922 88 553
7923 31 372
7924 61 51
7925 34 389
7926 17 219
7927 91 931
7928 33 468
7929 8 886
7930 38 408
7931 14 857
7932 74 98
7933 40 266
7934 50 556
7935 78 710
7936 18 921
7937 86 872
7938 22 642
7939 93 111
7940 26 538
7941 91 187
7942 20 648
7943 66 141
7944 53 463
7945 7 424
7946 12 370
7947 91 935
7948 72 498
7949 88 121
7950 4 207
7951 69 812
7952 51 101
7953 9 841
7954 69 244
7955 84 698
7956 41 613
7957 40 25
7958 99 38
7959 83 606
7960 20 242
7961 57 403
7962 24 379
7963 36 501
7964 18 94
7965 13 825
7966 32 120
7967 34 74
7968 62 201
7969 52 572
7970 4 117
7971 2 795
7972 53 407
7973 19 735
7974 20 139
7975 62 126
7976 21 691
7977 3 135
7978 3 143
7979 16 322
7980 82 302
7981 56 171
7982 21 718
7983 68 731
7984 76 80
7985 24 748
7986 42 83
7987 89 121
7988 62 50
7989 47 821
7990 83 376
7991 21 490
7992 20 364
7993 99 118
7994 34 655
7995 11 631
7996 92 476
7997 75 815
7998 70 433
7999 45 665
8000 28 677
1000226.75
