5000
1 41 619
2 14 584
3 97 774
4 35 971
5 20 901
6 23 962
7 74 426
8 71 241
9 91 575
10 84 179
11 64 629
12 20 417
13 93 733
14 48 649
15 85 786
16 57 715
17 38 257
18 33 58
19 100 75
20 38 564
21 94 502
22 93 213
23 28 162
24 22 75
25 98 111
26 78 403
27 72 456
28 7 106
29 13 21
30 15 415
31 51 570
32 56 418
33 81 802
34 85 409
35 2 461
36 68 104
37 41 673
38 9 49
39 55 567
40 78 499
41 40 175
42 45 103
43 13 183
44 94 738
45 27 70
46 27 299
47 12 26
48 29 446
49 100 216
50 37 185
51 13 991
52 45 31
53 3 464
54 7 783
55 21 160
56 81 209
57 82 233
58 67 794
59 72 945
60 46 756
61 56 889
62 62 248
63 75 935
64 90 978
65 54 617
66 97 382
67 44 714
68 25 195
69 92 18
70 37 770
71 94 980
72 83 382
73 1 608
74 60 384
75 93 117
76 70 860
77 56 996
78 49 151
79 10 58
80 60 632
81 84 710
82 93 310
83 25 545
84 37 29
85 19 409
86 4 264
87 33 948
88 95 579
89 19 256
90 80 494
91 42 811
92 91 631
93 24 413
94 55 329
95 89 369
96 35 518
97 30 531
98 59 91
99 51 918
100 88 225
101 37 549
102 72 610
103 45 522
104 100 404
105 79 111
106 55 333
107 40 982
108 45 537
109 56 362
110 85 684
111 66 657
112 20 564
113 70 978
114 58 595
115 34 281
116 15 790
117 40 770
118 87 169
119 81 618
120 88 300
121 11 167
122 76 732
123 53 640
124 35 621
125 21 495
126 86 154
127 70 647
128 76 372
129 5 852
130 49 624
131 40 373
132 25 150
133 52 495
134 55 625
135 37 773
136 31 542
137 24 593
138 7 639
139 47 197
140 76 552
141 52 951
142 90 123
143 80 146
144 73 979
145 15 473
146 96 601
147 51 810
148 37 479
149 32 275
150 73 897
151 12 105
152 58 149
153 95 920
154 12 8
155 69 182
156 10 700
157 7 438
158 21 316
159 32 815
160 66 94
161 39 297
162 39 219
163 29 231
164 85 329
165 9 731
166 72 729
167 21 549
168 87 704
169 73 998
170 83 140
171 81 786
172 25 581
173 95 368
174 27 320
175 31 172
176 61 752
177 6 574
178 99 182
179 54 94
180 79 752
181 82 319
182 9 899
183 41 900
184 71 193
185 98 325
186 68 272
187 65 518
188 7 861
189 28 830
190 57 979
191 6 143
192 74 6
193 15 479
194 88 522
195 46 760
196 28 478
197 16 845
198 98 86
199 21 941
200 74 722
201 60 131
202 46 349
203 93 464
204 38 699
205 95 511
206 57 860
207 13 188
208 14 468
209 83 64
210 16 260
211 69 191
212 42 345
213 18 618
214 70 823
215 94 690
216 22 743
217 84 679
218 37 93
219 43 582
220 86 745
221 68 711
222 95 951
223 69 388
224 6 761
225 76 815
226 82 465
227 88 241
228 79 877
229 75 443
230 11 218
231 44 808
232 77 96
233 57 832
234 43 792
235 91 302
236 74 80
237 45 820
238 74 475
239 36 933
240 68 227
241 59 829
242 6 406
243 74 671
244 27 150
245 13 858
246 13 652
247 52 768
248 48 674
249 56 358
250 97 632
251 29 70
252 36 123
253 12 162
254 14 684
255 77 286
256 25 291
257 35 294
258 17 536
259 49 61
260 62 982
261 23 619
262 69 957
263 12 787
264 55 608
265 36 674
266 60 856
267 34 221
268 5 483
269 92 797
270 8 491
271 34 678
272 62 629
273 81 939
274 88 398
275 43 228
276 75 834
277 15 58
278 61 71
279 51 715
280 72 206
281 44 889
282 35 198
283 71 524
284 63 731
285 41 61
286 22 452
287 93 304
288 69 285
289 40 542
290 46 683
291 96 128
292 23 142
293 26 963
294 34 380
295 12 709
296 67 418
297 83 543
298 2 96
299 100 729
300 91 572
301 34 710
302 23 304
303 68 140
304 100 999
305 66 322
306 26 195
307 96 255
308 95 946
309 29 45
310 51 172
311 20 864
312 92 845
313 46 860
314 26 3
315 49 405
316 54 960
317 65 481
318 29 16
319 68 491
320 92 787
321 6 219
322 70 560
323 65 774
324 63 324
325 12 10
326 37 312
327 50 955
328 36 785
329 61 609
330 10 732
331 52 115
332 28 335
333 67 969
334 29 672
335 50 349
336 96 356
337 20 978
338 88 684
339 27 376
340 30 429
341 78 592
342 86 144
343 57 923
344 22 421
345 89 463
346 22 779
347 94 275
348 60 842
349 12 77
350 38 721
351 57 78
352 1 822
353 12 693
354 89 980
355 64 92
356 28 230
357 5 73
358 4 775
359 31 789
360 50 165
361 22 623
362 23 618
363 11 430
364 20 14
365 98 14
366 4 639
367 68 344
368 14 359
369 23 280
370 64 834
371 85 633
372 45 546
373 58 621
374 25 187
375 47 686
376 9 202
377 51 63
378 32 431
379 95 185
380 39 20
381 12 653
382 21 305
383 25 563
384 75 911
385 6 816
386 10 682
387 83 903
388 64 589
389 30 153
390 12 16
391 26 850
392 40 841
393 78 687
394 6 168
395 42 310
396 3 481
397 5 653
398 14 860
399 21 361
400 82 266
401 83 400
402 48 76
403 62 539
404 72 386
405 51 819
406 81 57
407 64 224
408 65 153
409 93 202
410 81 501
411 93 9
412 21 653
413 100 124
414 54 862
415 48 206
416 56 261
417 77 105
418 46 751
419 16 157
420 18 146
421 34 177
422 40 673
423 21 819
424 92 968
425 99 266
426 87 424
427 49 37
428 28 583
429 90 754
430 51 431
431 95 33
432 27 536
433 63 262
434 2 450
435 73 831
436 25 549
437 31 707
438 52 149
439 94 671
440 85 896
441 79 497
442 3 267
443 48 655
444 75 96
445 12 30
446 6 366
447 28 297
448 38 934
449 63 89
450 78 852
451 63 24
452 77 997
453 44 224
454 65 635
455 57 14
456 58 663
457 44 297
458 37 214
459 89 186
460 58 880
461 11 14
462 53 29
463 66 613
464 53 895
465 23 494
466 80 650
467 98 861
468 39 931
469 76 581
470 50 834
471 46 214
472 37 196
473 75 508
474 61 207
475 77 9
476 42 842
477 28 955
478 19 369
479 26 983
480 11 695
481 84 943
482 90 636
483 36 661
484 25 844
485 35 683
486 4 406
487 36 32
488 69 678
489 36 714
490 52 613
491 55 466
492 19 25
493 21 569
494 28 789
495 59 754
496 65 99
497 59 94
498 44 186
499 12 155
500 15 428
501 93 398
502 4 640
503 64 948
504 47 647
505 81 714
506 27 461
507 37 272
508 67 141
509 95 508
510 3 535
511 59 586
512 31 373
513 54 942
514 89 50
515 94 364
516 89 693
517 65 187
518 50 63
519 97 796
520 16 708
521 65 750
522 23 637
523 11 807
524 73 799
525 59 357
526 78 842
527 66 205
528 95 312
529 3 854
530 19 897
531 33 807
532 47 173
533 97 197
534 56 872
535 72 38
536 37 260
537 91 906
538 1 952
539 20 953
540 83 288
541 97 110
542 86 508
543 49 746
544 59 591
545 46 383
546 57 726
547 18 830
548 60 67
549 19 980
550 91 148
551 40 249
552 10 110
553 5 954
554 70 459
555 33 414
556 16 258
557 42 443
558 79 545
559 14 193
560 5 78
561 12 440
562 41 320
563 11 787
564 82 925
565 100 23
566 14 108
567 97 802
568 43 500
569 56 381
570 73 984
571 81 44
572 61 941
573 66 215
574 69 658
575 58 123
576 75 936
577 58 576
578 81 565
579 5 578
580 84 857
581 52 161
582 29 411
583 25 458
584 19 632
585 57 575
586 57 942
587 40 397
588 94 99
589 46 462
590 44 275
591 22 753
592 96 569
593 99 96
594 74 789
595 100 576
596 35 947
597 6 813
598 51 196
599 32 686
600 77 718
601 94 465
602 44 24
603 82 823
604 82 768
605 46 897
606 20 777
607 27 825
608 70 264
609 8 750
610 76 754
611 59 568
612 30 713
613 44 778
614 34 888
615 18 782
616 56 366
617 47 261
618 8 14
619 74 343
620 38 878
621 36 585
622 76 648
623 51 731
624 83 84
625 7 293
626 34 522
627 57 987
628 86 869
629 71 638
630 88 940
631 3 212
632 19 395
633 43 432
634 68 614
635 21 13
636 6 961
637 56 793
638 21 420
639 71 939
640 27 462
641 52 89
642 51 15
643 39 182
644 60 738
645 37 805
646 8 214
647 55 674
648 5 23
649 74 748
650 74 537
651 5 277
652 98 100
653 81 870
654 74 745
655 26 502
656 70 537
657 49 699
658 35 6
659 98 120
660 39 502
661 59 659
662 8 434
663 75 886
664 92 687
665 12 644
666 68 491
667 4 251
668 23 393
669 47 191
670 65 255
671 17 300
672 77 315
673 79 220
674 57 517
675 89 904
676 52 133
677 72 709
678 73 561
679 75 547
680 50 189
681 92 120
682 18 717
683 11 277
684 37 845
685 32 116
686 61 666
687 54 5
688 64 426
689 98 986
690 28 401
691 62 129
692 74 995
693 38 407
694 26 851
695 18 270
696 64 69
697 62 249
698 35 876
699 50 396
700 67 549
701 8 422
702 85 483
703 34 786
704 32 50
705 46 167
706 57 913
707 45 340
708 16 882
709 44 312
710 14 110
711 1 829
712 54 143
713 28 162
714 10 295
715 45 432
716 26 21
717 69 335
718 60 953
719 67 424
720 82 888
721 7 857
722 93 356
723 73 795
724 82 534
725 74 256
726 82 345
727 66 293
728 99 892
729 3 748
730 1 490
731 75 150
732 37 367
733 55 776
734 71 583
735 21 141
736 2 514
737 11 233
738 26 397
739 29 194
740 40 446
741 54 863
742 92 79
743 9 898
744 86 994
745 28 659
746 92 586
747 42 173
748 43 415
749 91 458
750 52 960
751 34 893
752 11 900
753 84 637
754 64 311
755 2 174
756 41 384
757 65 458
758 100 587
759 32 981
760 99 614
761 16 205
762 16 57
763 59 702
764 59 800
765 55 594
766 11 403
767 64 579
768 84 573
769 48 814
770 63 442
771 25 120
772 98 751
773 45 961
774 97 483
775 56 996
776 88 74
777 89 532
778 34 287
779 33 417
780 42 958
781 74 718
782 23 390
783 89 394
784 16 954
785 41 130
786 57 218
787 76 161
788 77 295
789 45 385
790 20 742
791 85 526
792 98 804
793 52 127
794 11 620
795 44 148
796 85 895
797 74 465
798 72 964
799 22 214
800 82 337
801 96 118
802 59 875
803 11 729
804 70 62
805 9 898
806 62 454
807 92 572
808 17 362
809 93 412
810 9 4
811 81 846
812 20 551
813 51 98
814 14 984
815 88 174
816 87 380
817 7 771
818 47 325
819 96 562
820 61 795
821 52 444
822 1 461
823 23 348
824 86 655
825 60 516
826 30 447
827 89 856
828 43 605
829 98 775
830 82 251
831 83 206
832 69 493
833 92 55
834 39 605
835 78 776
836 92 523
837 96 640
838 57 643
839 5 79
840 9 726
841 55 527
842 66 716
843 81 766
844 35 330
845 8 748
846 9 891
847 21 15
848 97 29
849 87 354
850 96 43
851 56 113
852 45 256
853 84 796
854 24 375
855 89 931
856 32 776
857 8 918
858 68 969
859 11 975
860 41 435
861 31 380
862 78 858
863 31 934
864 21 606
865 76 344
866 31 816
867 30 326
868 63 680
869 82 942
870 61 889
871 22 428
872 86 636
873 78 403
874 52 240
875 83 860
876 69 677
877 100 69
878 74 276
879 29 10
880 85 840
881 91 268
882 14 529
883 20 688
884 92 716
885 53 227
886 1 20
887 23 709
888 63 980
889 27 522
890 16 784
891 49 538
892 61 261
893 48 533
894 30 831
895 66 894
896 29 392
897 100 437
898 27 450
899 35 680
900 33 44
901 80 371
902 39 191
903 56 958
904 53 257
905 73 150
906 47 57
907 91 192
908 2 15
909 57 420
910 12 807
911 45 4
912 27 717
913 4 753
914 71 879
915 18 217
916 11 502
917 25 438
918 95 411
919 80 208
920 78 59
921 66 146
922 36 456
923 62 860
924 16 875
925 54 498
926 93 802
927 98 938
928 91 492
929 91 26
930 53 635
931 66 910
932 1 678
933 86 467
934 42 231
935 50 516
936 33 618
937 62 445
938 69 662
939 20 726
940 36 11
941 55 770
942 55 50
943 52 869
944 34 675
945 44 622
946 1 459
947 16 926
948 26 225
949 45 857
950 73 182
951 2 199
952 70 3
953 80 714
954 35 779
955 57 975
956 73 783
957 33 677
958 96 82
959 96 482
960 30 107
961 9 764
962 51 583
963 100 91
964 88 320
965 95 699
966 24 284
967 97 446
968 63 779
969 3 740
970 22 370
971 99 953
972 61 468
973 79 176
974 2 611
975 59 365
976 72 250
977 35 321
978 8 830
979 66 435
980 28 938
981 99 259
982 30 417
983 94 607
984 47 688
985 51 570
986 40 944
987 23 451
988 49 625
989 33 589
990 30 100
991 55 595
992 64 618
993 87 979
994 39 38
995 85 210
996 25 583
997 9 853
998 77 13
999 33 873
1000 14 631
1001 49 206
1002 29 64
1003 94 213
1004 31 338
1005 63 80
1006 88 189
1007 68 415
1008 8 488
1009 73 793
1010 33 988
1011 78 510
1012 95 938
1013 7 345
1014 32 390
1015 91 575
1016 53 877
1017 37 769
1018 48 469
1019 31 118
1020 46 389
1021 30 562
1022 86 297
1023 57 288
1024 27 903
1025 51 194
1026 38 65
1027 20 620
1028 68 149
1029 61 223
1030 15 125
1031 6 906
1032 58 810
1033 58 710
1034 30 676
1035 93 634
1036 15 548
1037 31 508
1038 52 562
1039 14 65
1040 54 930
1041 75 237
1042 36 854
1043 1 395
1044 48 549
1045 91 217
1046 60 558
1047 76 947
1048 35 205
1049 2 402
1050 94 668
1051 50 595
1052 59 494
1053 98 546
1054 15 159
1055 98 164
1056 32 54
1057 32 364
1058 80 262
1059 63 698
1060 62 952
1061 65 296
1062 53 53
1063 28 541
1064 34 849
1065 89 161
1066 20 323
1067 19 402
1068 84 653
1069 67 739
1070 92 554
1071 67 439
1072 68 944
1073 88 459
1074 80 678
1075 5 3
1076 90 356
1077 38 968
1078 59 13
1079 96 924
1080 54 435
1081 55 603
1082 94 840
1083 47 461
1084 49 993
1085 77 707
1086 32 968
1087 28 49
1088 92 900
1089 53 536
1090 11 25
1091 69 925
1092 18 769
1093 92 286
1094 63 696
1095 14 587
1096 83 839
1097 75 183
1098 39 411
1099 31 166
1100 85 900
1101 45 886
1102 51 502
1103 74 218
1104 51 658
1105 55 94
1106 30 567
1107 49 261
1108 6 724
1109 5 284
1110 6 859
1111 32 289
1112 45 601
1113 47 396
1114 77 211
1115 72 672
1116 57 74
1117 73 752
1118 97 738
1119 5 125
1120 73 267
1121 86 403
1122 43 892
1123 6 109
1124 51 106
1125 81 882
1126 10 342
1127 22 774
1128 42 225
1129 57 328
1130 22 725
1131 78 589
1132 69 86
1133 94 935
1134 96 946
1135 91 840
1136 48 863
1137 71 170
1138 35 756
1139 61 534
1140 82 120
1141 28 983
1142 70 553
1143 59 328
1144 43 534
1145 49 570
1146 65 638
1147 21 659
1148 60 461
1149 37 951
1150 21 186
1151 75 913
1152 44 361
1153 18 949
1154 29 130
1155 67 20
1156 22 283
1157 13 520
1158 54 896
1159 28 22
1160 37 387
1161 49 511
1162 97 147
1163 78 958
1164 65 827
1165 74 278
1166 10 34
1167 53 167
1168 76 511
1169 93 730
1170 28 235
1171 31 135
1172 97 197
1173 77 339
1174 13 999
1175 54 324
1176 4 339
1177 24 374
1178 69 867
1179 71 942
1180 48 812
1181 71 495
1182 100 253
1183 29 428
1184 47 249
1185 92 946
1186 40 432
1187 5 584
1188 4 961
1189 95 879
1190 16 881
1191 61 92
1192 71 482
1193 70 618
1194 23 581
1195 69 1000
1196 88 965
1197 84 735
1198 98 622
1199 18 764
1200 54 536
1201 70 448
1202 47 752
1203 31 989
1204 83 454
1205 49 439
1206 11 934
1207 89 162
1208 21 274
1209 15 779
1210 94 32
1211 9 807
1212 18 3
1213 35 143
1214 43 911
1215 86 940
1216 18 828
1217 41 454
1218 74 380
1219 16 91
1220 59 234
1221 72 680
1222 94 620
1223 83 722
1224 6 519
1225 52 320
1226 73 602
1227 95 778
1228 60 629
1229 43 410
1230 68 282
1231 78 365
1232 77 174
1233 66 263
1234 11 317
1235 99 562
1236 63 719
1237 4 405
1238 12 519
1239 30 741
1240 73 568
1241 49 182
1242 94 911
1243 88 853
1244 94 602
1245 85 589
1246 9 178
1247 39 310
1248 18 856
1249 97 775
1250 25 394
1251 77 212
1252 96 708
1253 88 130
1254 74 936
1255 17 527
1256 95 199
1257 58 460
1258 6 110
1259 17 201
1260 80 357
1261 2 362
1262 53 927
1263 4 429
1264 96 868
1265 44 409
1266 2 953
1267 98 968
1268 33 955
1269 33 273
1270 85 300
1271 2 855
1272 79 566
1273 2 344
1274 34 90
1275 85 683
1276 12 627
1277 87 895
1278 100 467
1279 64 955
1280 83 305
1281 14 628
1282 14 47
1283 64 413
1284 18 821
1285 8 710
1286 16 676
1287 81 723
1288 82 322
1289 26 326
1290 61 614
1291 54 418
1292 74 130
1293 45 585
1294 84 820
1295 87 533
1296 25 22
1297 8 845
1298 24 777
1299 61 163
1300 52 626
1301 5 46
1302 42 261
1303 24 647
1304 14 278
1305 81 121
1306 89 313
1307 23 48
1308 81 334
1309 39 842
1310 25 313
1311 35 973
1312 68 782
1313 24 421
1314 71 909
1315 10 697
1316 46 110
1317 80 525
1318 35 367
1319 77 451
1320 40 475
1321 1 7
1322 51 894
1323 12 341
1324 95 94
1325 63 562
1326 2 816
1327 54 633
1328 62 248
1329 22 110
1330 16 476
1331 98 693
1332 27 478
1333 93 250
1334 11 879
1335 79 53
1336 30 30
1337 67 632
1338 93 576
1339 4 888
1340 39 62
1341 77 126
1342 27 44
1343 38 757
1344 43 262
1345 78 208
1346 23 401
1347 92 531
1348 49 148
1349 79 878
1350 81 714
1351 100 106
1352 22 886
1353 64 849
1354 24 976
1355 47 167
1356 38 815
1357 75 698
1358 1 582
1359 1 272
1360 93 668
1361 9 418
1362 92 962
1363 49 820
1364 73 538
1365 26 813
1366 10 415
1367 67 354
1368 66 521
1369 58 893
1370 19 744
1371 8 704
1372 55 28
1373 51 190
1374 66 294
1375 3 86
1376 2 659
1377 91 741
1378 25 540
1379 24 991
1380 89 401
1381 10 421
1382 26 923
1383 72 488
1384 36 669
1385 76 220
1386 42 208
1387 72 190
1388 6 736
1389 32 776
1390 24 559
1391 19 287
1392 82 896
1393 6 479
1394 10 143
1395 88 467
1396 78 329
1397 4 886
1398 87 775
1399 68 802
1400 12 642
1401 56 977
1402 90 70
1403 85 377
1404 31 248
1405 20 365
1406 53 796
1407 38 67
1408 54 883
1409 92 897
1410 71 784
1411 17 52
1412 45 846
1413 89 440
1414 88 68
1415 81 786
1416 63 65
1417 66 16
1418 17 647
1419 3 898
1420 16 719
1421 13 249
1422 73 585
1423 89 226
1424 31 641
1425 97 807
1426 53 605
1427 40 734
1428 99 605
1429 82 421
1430 10 909
1431 49 81
1432 96 96
1433 27 636
1434 28 727
1435 98 566
1436 31 755
1437 41 201
1438 100 165
1439 79 520
1440 10 748
1441 98 931
1442 65 140
1443 8 478
1444 9 693
1445 34 64
1446 86 233
1447 58 477
1448 57 451
1449 97 247
1450 30 310
1451 63 159
1452 8 888
1453 69 343
1454 90 509
1455 65 734
1456 3 779
1457 77 858
1458 88 952
1459 84 559
1460 33 42
1461 27 73
1462 14 252
1463 20 227
1464 90 915
1465 81 129
1466 86 273
1467 89 64
1468 4 438
1469 26 451
1470 1 691
1471 16 384
1472 34 62
1473 19 433
1474 59 730
1475 24 618
1476 93 242
1477 43 220
1478 31 658
1479 38 542
1480 76 179
1481 3 625
1482 7 396
1483 23 409
1484 73 245
1485 73 236
1486 68 356
1487 16 269
1488 39 17
1489 63 880
1490 40 764
1491 2 495
1492 96 486
1493 2 21
1494 85 224
1495 8 510
1496 75 614
1497 95 926
1498 16 192
1499 59 536
1500 58 772
1501 76 920
1502 44 513
1503 85 526
1504 1 12
1505 76 749
1506 100 243
1507 10 355
1508 71 255
1509 57 14
1510 15 782
1511 98 124
1512 60 470
1513 54 912
1514 34 46
1515 48 213
1516 80 270
1517 61 612
1518 40 680
1519 13 143
1520 98 24
1521 83 807
1522 86 276
1523 97 823
1524 34 170
1525 35 359
1526 42 444
1527 47 363
1528 39 685
1529 39 464
1530 6 69
1531 81 156
1532 91 576
1533 47 948
1534 29 865
1535 44 307
1536 66 195
1537 18 336
1538 36 756
1539 2 962
1540 28 659
1541 59 873
1542 25 664
1543 97 960
1544 62 902
1545 29 314
1546 77 351
1547 21 444
1548 69 816
1549 98 975
1550 56 514
1551 12 351
1552 80 663
1553 20 939
1554 14 960
1555 35 232
1556 80 143
1557 78 212
1558 77 144
1559 38 935
1560 18 1000
1561 52 634
1562 34 191
1563 76 137
1564 6 142
1565 49 686
1566 90 385
1567 71 586
1568 61 631
1569 74 665
1570 50 963
1571 18 369
1572 87 697
1573 55 964
1574 3 295
1575 96 166
1576 71 777
1577 32 147
1578 60 287
1579 85 588
1580 36 949
1581 92 248
1582 5 170
1583 80 792
1584 17 621
1585 75 379
1586 14 945
1587 88 81
1588 95 829
1589 87 974
1590 99 717
1591 55 125
1592 55 991
1593 51 568
1594 9 879
1595 86 896
1596 53 876
1597 15 706
1598 90 594
1599 73 973
1600 51 342
1601 26 949
1602 100 517
1603 67 880
1604 53 422
1605 25 127
1606 24 22
1607 46 580
1608 22 38
1609 62 939
1610 71 223
1611 85 94
1612 61 104
1613 3 393
1614 10 127
1615 26 332
1616 81 190
1617 93 111
1618 78 817
1619 33 879
1620 74 970
1621 92 147
1622 75 993
1623 88 741
1624 15 969
1625 40 957
1626 100 726
1627 62 622
1628 55 278
1629 15 904
1630 37 565
1631 91 664
1632 88 637
1633 65 26
1634 13 972
1635 14 968
1636 6 137
1637 66 225
1638 51 264
1639 100 535
1640 81 675
1641 71 455
1642 2 495
1643 34 318
1644 68 8
1645 84 870
1646 55 51
1647 96 446
1648 2 579
1649 98 708
1650 97 887
1651 18 921
1652 81 185
1653 5 808
1654 74 176
1655 97 593
1656 100 264
1657 17 648
1658 17 785
1659 28 945
1660 48 72
1661 28 167
1662 34 59
1663 47 222
1664 10 270
1665 1 144
1666 61 867
1667 100 430
1668 36 754
1669 19 155
1670 22 461
1671 100 996
1672 93 704
1673 2 816
1674 100 349
1675 4 516
1676 61 888
1677 41 219
1678 55 361
1679 96 811
1680 50 414
1681 92 212
1682 82 886
1683 92 452
1684 6 880
1685 36 426
1686 17 987
1687 69 935
1688 64 413
1689 80 791
1690 40 611
1691 56 109
1692 3 395
1693 95 204
1694 15 956
1695 76 696
1696 84 936
1697 41 543
1698 78 900
1699 17 435
1700 38 601
1701 95 185
1702 89 167
1703 5 186
1704 94 448
1705 48 723
1706 76 249
1707 76 601
1708 10 41
1709 54 252
1710 93 410
1711 49 371
1712 78 518
1713 47 390
1714 55 316
1715 86 618
1716 32 488
1717 19 882
1718 64 551
1719 31 120
1720 73 879
1721 69 166
1722 14 229
1723 40 896
1724 89 679
1725 3 890
1726 11 868
1727 100 288
1728 53 855
1729 29 206
1730 3 843
1731 54 785
1732 47 755
1733 74 727
1734 94 739
1735 15 632
1736 88 589
1737 44 409
1738 69 527
1739 68 177
1740 92 111
1741 8 230
1742 43 299
1743 12 285
1744 14 796
1745 74 174
1746 29 627
1747 52 166
1748 48 453
1749 73 689
1750 49 652
1751 73 801
1752 3 658
1753 35 180
1754 22 879
1755 65 371
1756 69 496
1757 100 944
1758 46 166
1759 16 657
1760 96 669
1761 96 331
1762 73 64
1763 33 984
1764 16 592
1765 25 997
1766 83 4
1767 74 909
1768 6 798
1769 53 526
1770 81 682
1771 16 494
1772 12 290
1773 62 44
1774 77 609
1775 16 458
1776 3 524
1777 40 251
1778 96 490
1779 86 135
1780 13 227
1781 20 932
1782 75 200
1783 17 797
1784 61 361
1785 46 688
1786 39 319
1787 8 606
1788 40 451
1789 54 410
1790 94 560
1791 62 865
1792 24 638
1793 35 700
1794 21 546
1795 37 584
1796 9 658
1797 29 913
1798 100 565
1799 23 320
1800 24 868
1801 51 600
1802 53 271
1803 60 108
1804 100 43
1805 94 497
1806 29 111
1807 29 501
1808 67 190
1809 49 528
1810 13 896
1811 16 988
1812 66 921
1813 67 5
1814 96 48
1815 89 57
1816 42 736
1817 21 442
1818 34 600
1819 21 997
1820 7 702
1821 51 563
1822 60 556
1823 13 23
1824 66 323
1825 13 353
1826 69 380
1827 18 854
1828 68 210
1829 3 630
1830 41 690
1831 60 73
1832 33 611
1833 27 468
1834 91 806
1835 56 521
1836 4 534
1837 22 181
1838 13 39
1839 15 683
1840 14 655
1841 71 721
1842 4 334
1843 33 657
1844 100 866
1845 87 316
1846 53 470
1847 43 941
1848 24 99
1849 48 389
1850 70 600
1851 78 196
1852 83 542
1853 45 68
1854 10 732
1855 67 532
1856 52 66
1857 28 47
1858 99 728
1859 29 849
1860 71 477
1861 88 259
1862 63 814
1863 94 967
1864 52 943
1865 82 85
1866 83 838
1867 4 629
1868 62 967
1869 52 151
1870 52 35
1871 28 539
1872 72 280
1873 87 556
1874 83 514
1875 19 437
1876 24 731
1877 18 448
1878 27 662
1879 28 904
1880 6 324
1881 37 933
1882 43 234
1883 70 46
1884 95 706
1885 69 449
1886 31 75
1887 88 555
1888 8 324
1889 42 679
1890 87 283
1891 13 730
1892 95 307
1893 97 194
1894 98 367
1895 6 284
1896 35 769
1897 7 371
1898 50 299
1899 71 824
1900 4 383
1901 53 435
1902 94 969
1903 83 271
1904 83 731
1905 74 893
1906 64 177
1907 12 775
1908 91 374
1909 87 494
1910 74 178
1911 84 62
1912 88 695
1913 78 440
1914 42 411
1915 82 42
1916 80 290
1917 86 52
1918 96 538
1919 23 856
1920 36 542
1921 100 511
1922 47 6
1923 44 76
1924 99 978
1925 65 687
1926 83 440
1927 24 999
1928 14 642
1929 99 750
1930 94 717
1931 9 59
1932 59 298
1933 11 777
1934 1 179
1935 45 977
1936 96 5
1937 91 787
1938 4 193
1939 74 177
1940 16 737
1941 73 843
1942 80 733
1943 54 605
1944 49 57
1945 92 157
1946 22 66
1947 68 383
1948 51 785
1949 69 824
1950 2 623
1951 46 153
1952 5 431
1953 30 762
1954 41 830
1955 23 134
1956 89 352
1957 32 391
1958 65 749
1959 14 449
1960 35 551
1961 59 981
1962 35 732
1963 41 783
1964 97 280
1965 30 139
1966 31 245
1967 54 709
1968 60 390
1969 16 4
1970 94 362
1971 55 674
1972 46 144
1973 9 773
1974 76 887
1975 35 871
1976 41 659
1977 83 446
1978 7 708
1979 2 992
1980 6 217
1981 12 652
1982 78 609
1983 84 974
1984 97 719
1985 54 497
1986 22 812
1987 59 651
1988 56 517
1989 4 474
1990 54 979
1991 88 702
1992 6 276
1993 5 689
1994 19 314
1995 80 265
1996 3 3
1997 38 152
1998 7 526
1999 73 848
2000 73 909
2001 8 767
2002 8 910
2003 89 170
2004 99 156
2005 62 183
2006 41 937
2007 68 677
2008 71 5
2009 66 28
2010 95 64
2011 95 406
2012 29 156
2013 80 747
2014 22 957
2015 36 409
2016 50 933
2017 52 885
2018 43 900
2019 51 215
2020 58 320
2021 93 835
2022 23 878
2023 98 218
2024 59 464
2025 69 885
2026 11 798
2027 24 174
2028 97 15
2029 72 332
2030 23 349
2031 72 15
2032 100 84
2033 52 901
2034 54 403
2035 89 76
2036 2 892
2037 47 340
2038 59 989
2039 49 270
2040 38 57
2041 72 370
2042 93 444
2043 3 955
2044 12 832
2045 76 412
2046 71 828
2047 15 862
2048 55 114
2049 54 590
2050 73 391
2051 53 851
2052 92 434
2053 95 225
2054 82 793
2055 86 833
2056 39 937
2057 38 527
2058 48 831
2059 7 765
2060 66 668
2061 56 620
2062 59 534
2063 19 804
2064 94 382
2065 59 679
2066 29 432
2067 50 558
2068 84 151
2069 81 832
2070 75 191
2071 6 837
2072 31 825
2073 10 741
2074 97 947
2075 58 452
2076 78 218
2077 42 477
2078 41 732
2079 81 861
2080 43 269
2081 34 826
2082 1 621
2083 45 441
2084 86 944
2085 24 552
2086 92 147
2087 20 849
2088 12 429
2089 61 730
2090 79 520
2091 26 924
2092 8 505
2093 80 624
2094 54 227
2095 93 999
2096 2 851
2097 65 889
2098 11 58
2099 22 836
2100 33 112
2101 53 87
2102 60 612
2103 67 763
2104 56 938
2105 100 762
2106 50 238
2107 46 255
2108 46 761
2109 34 500
2110 81 742
2111 46 652
2112 22 291
2113 3 417
2114 45 334
2115 4 745
2116 55 508
2117 6 225
2118 50 210
2119 75 683
2120 78 741
2121 63 397
2122 100 547
2123 50 28
2124 97 35
2125 68 121
2126 63 195
2127 64 11
2128 90 818
2129 89 114
2130 94 587
2131 51 718
2132 56 620
2133 5 427
2134 73 657
2135 36 178
2136 57 651
2137 29 457
2138 52 28
2139 85 596
2140 67 448
2141 75 452
2142 12 605
2143 65 966
2144 81 222
2145 70 755
2146 96 624
2147 40 538
2148 8 134
2149 98 31
2150 9 63
2151 5 339
2152 23 727
2153 3 409
2154 56 415
2155 42 984
2156 13 359
2157 53 843
2158 64 48
2159 61 345
2160 15 165
2161 49 550
2162 61 946
2163 82 937
2164 88 988
2165 46 162
2166 47 225
2167 97 99
2168 27 401
2169 60 443
2170 58 88
2171 8 622
2172 22 790
2173 41 11
2174 11 518
2175 9 717
2176 21 393
2177 40 406
2178 61 772
2179 67 651
2180 96 937
2181 8 303
2182 80 597
2183 15 49
2184 54 838
2185 76 481
2186 67 796
2187 66 316
2188 4 108
2189 66 903
2190 47 266
2191 97 557
2192 80 591
2193 49 862
2194 58 388
2195 31 329
2196 97 816
2197 76 552
2198 63 580
2199 69 178
2200 82 145
2201 38 829
2202 24 492
2203 17 377
2204 33 160
2205 21 942
2206 43 525
2207 6 18
2208 5 711
2209 74 700
2210 45 212
2211 98 981
2212 73 460
2213 26 709
2214 90 324
2215 96 46
2216 80 632
2217 14 718
2218 95 962
2219 96 91
2220 98 395
2221 91 909
2222 66 644
2223 33 444
2224 4 439
2225 8 46
2226 48 508
2227 21 631
2228 39 121
2229 30 987
2230 44 282
2231 48 636
2232 91 780
2233 63 555
2234 48 563
2235 62 637
2236 54 311
2237 87 415
2238 20 984
2239 35 484
2240 34 302
2241 38 503
2242 35 486
2243 19 692
2244 54 918
2245 63 250
2246 17 618
2247 68 514
2248 92 591
2249 85 804
2250 82 777
2251 26 847
2252 55 597
2253 83 966
2254 4 3
2255 81 911
2256 22 74
2257 63 127
2258 28 124
2259 57 943
2260 31 761
2261 92 388
2262 48 844
2263 84 515
2264 21 675
2265 27 593
2266 17 475
2267 46 802
2268 40 494
2269 28 570
2270 16 651
2271 72 683
2272 56 491
2273 23 394
2274 35 795
2275 61 805
2276 13 200
2277 73 658
2278 25 405
2279 50 340
2280 52 693
2281 52 752
2282 45 588
2283 17 949
2284 74 710
2285 33 614
2286 24 833
2287 50 870
2288 39 575
2289 18 642
2290 21 975
2291 28 345
2292 47 627
2293 41 863
2294 76 544
2295 6 583
2296 9 442
2297 27 103
2298 92 954
2299 14 861
2300 7 986
2301 24 328
2302 56 318
2303 93 988
2304 22 585
2305 86 832
2306 15 493
2307 65 672
2308 66 554
2309 32 274
2310 17 554
2311 7 188
2312 54 154
2313 53 83
2314 40 645
2315 53 920
2316 32 297
2317 74 491
2318 28 236
2319 47 760
2320 46 851
2321 3 419
2322 29 177
2323 72 340
2324 3 804
2325 71 285
2326 47 661
2327 1 856
2328 86 237
2329 22 658
2330 75 942
2331 65 847
2332 58 935
2333 11 667
2334 61 808
2335 66 330
2336 11 386
2337 37 42
2338 35 269
2339 52 590
2340 54 332
2341 65 479
2342 25 55
2343 16 631
2344 23 373
2345 99 241
2346 86 448
2347 12 640
2348 67 755
2349 65 296
2350 69 546
2351 37 111
2352 15 707
2353 41 824
2354 38 566
2355 52 906
2356 69 740
2357 86 490
2358 23 893
2359 48 618
2360 77 285
2361 43 696
2362 65 744
2363 16 461
2364 11 559
2365 93 771
2366 18 833
2367 81 272
2368 6 212
2369 12 767
2370 70 43
2371 50 334
2372 73 986
2373 39 910
2374 10 993
2375 24 756
2376 84 71
2377 55 406
2378 34 608
2379 68 825
2380 95 394
2381 62 235
2382 77 834
2383 16 265
2384 7 27
2385 19 388
2386 26 318
2387 57 369
2388 72 450
2389 16 399
2390 29 768
2391 22 749
2392 80 234
2393 56 196
2394 62 162
2395 77 460
2396 81 855
2397 46 434
2398 81 263
2399 32 970
2400 65 71
2401 18 400
2402 64 75
2403 22 761
2404 58 86
2405 83 441
2406 23 154
2407 56 223
2408 38 357
2409 57 824
2410 12 543
2411 35 324
2412 47 873
2413 31 671
2414 87 283
2415 9 47
2416 7 515
2417 81 480
2418 82 189
2419 2 489
2420 99 654
2421 84 758
2422 79 443
2423 15 352
2424 3 502
2425 69 351
2426 63 539
2427 83 476
2428 56 820
2429 61 905
2430 38 795
2431 32 572
2432 53 686
2433 30 87
2434 63 917
2435 28 345
2436 91 635
2437 10 166
2438 49 316
2439 18 392
2440 52 752
2441 75 362
2442 35 447
2443 6 266
2444 31 969
2445 11 300
2446 15 6
2447 86 570
2448 31 698
2449 78 325
2450 2 440
2451 18 779
2452 84 71
2453 20 75
2454 76 33
2455 31 552
2456 84 883
2457 22 23
2458 84 632
2459 32 989
2460 67 613
2461 38 549
2462 17 268
2463 88 827
2464 1 372
2465 68 467
2466 68 896
2467 8 454
2468 92 724
2469 4 455
2470 2 34
2471 94 475
2472 67 329
2473 73 298
2474 26 233
2475 9 332
2476 99 341
2477 72 916
2478 87 520
2479 79 93
2480 70 768
2481 29 864
2482 43 233
2483 26 408
2484 88 984
2485 32 297
2486 60 942
2487 23 697
2488 44 745
2489 12 130
2490 86 805
2491 7 715
2492 56 223
2493 89 483
2494 75 216
2495 83 653
2496 33 319
2497 62 348
2498 93 290
2499 68 632
2500 66 670
2501 61 246
2502 21 370
2503 81 333
2504 86 944
2505 96 84
2506 9 662
2507 32 515
2508 47 343
2509 97 968
2510 90 428
2511 24 83
2512 73 190
2513 48 798
2514 90 88
2515 48 716
2516 14 319
2517 66 770
2518 70 739
2519 72 814
2520 39 36
2521 85 805
2522 82 479
2523 67 241
2524 29 663
2525 7 787
2526 23 159
2527 70 410
2528 40 226
2529 82 642
2530 67 130
2531 96 349
2532 85 480
2533 77 695
2534 7 561
2535 8 554
2536 95 243
2537 99 102
2538 68 684
2539 16 607
2540 4 601
2541 25 729
2542 44 520
2543 88 667
2544 3 28
2545 54 310
2546 45 727
2547 10 174
2548 8 427
2549 74 400
2550 66 215
2551 76 971
2552 86 380
2553 17 468
2554 46 647
2555 95 534
2556 20 610
2557 23 876
2558 81 154
2559 13 922
2560 42 193
2561 51 630
2562 13 167
2563 42 855
2564 49 164
2565 40 241
2566 18 886
2567 93 600
2568 98 951
2569 46 101
2570 6 507
2571 85 23
2572 49 708
2573 32 471
2574 78 703
2575 32 397
2576 55 862
2577 99 129
2578 20 505
2579 17 644
2580 43 53
2581 40 47
2582 71 56
2583 98 971
2584 85 731
2585 5 918
2586 37 544
2587 54 581
2588 82 414
2589 35 512
2590 32 727
2591 2 616
2592 65 201
2593 43 838
2594 25 545
2595 74 204
2596 9 672
2597 41 17
2598 59 100
2599 13 400
2600 50 455
2601 97 249
2602 17 543
2603 62 897
2604 11 198
2605 6 458
2606 49 3
2607 98 818
2608 20 68
2609 6 690
2610 93 778
2611 98 688
2612 50 818
2613 50 809
2614 49 820
2615 8 109
2616 11 695
2617 63 975
2618 57 395
2619 17 101
2620 46 789
2621 28 455
2622 54 706
2623 3 265
2624 55 991
2625 23 624
2626 27 7
2627 24 315
2628 22 679
2629 67 132
2630 52 952
2631 2 633
2632 62 596
2633 25 934
2634 91 106
2635 40 288
2636 55 193
2637 57 517
2638 53 184
2639 99 793
2640 14 402
2641 26 261
2642 50 547
2643 23 879
2644 62 755
2645 27 957
2646 92 676
2647 73 800
2648 39 617
2649 31 982
2650 83 89
2651 7 5
2652 55 325
2653 87 165
2654 63 904
2655 75 912
2656 46 25
2657 33 306
2658 27 195
2659 1 980
2660 89 506
2661 90 972
2662 97 602
2663 78 433
2664 22 589
2665 19 889
2666 38 414
2667 3 368
2668 28 330
2669 41 911
2670 22 777
2671 23 836
2672 92 210
2673 9 304
2674 66 114
2675 6 224
2676 94 547
2677 25 183
2678 82 950
2679 53 64
2680 86 379
2681 38 460
2682 82 215
2683 60 737
2684 63 552
2685 45 831
2686 7 926
2687 28 179
2688 46 333
2689 90 624
2690 13 689
2691 72 885
2692 72 522
2693 19 959
2694 59 540
2695 18 638
2696 67 266
2697 90 655
2698 78 704
2699 23 755
2700 47 494
2701 64 867
2702 66 269
2703 24 309
2704 95 335
2705 35 595
2706 92 126
2707 64 581
2708 56 950
2709 51 577
2710 86 985
2711 95 960
2712 50 481
2713 61 380
2714 14 482
2715 20 893
2716 27 920
2717 13 534
2718 76 469
2719 17 50
2720 46 654
2721 25 819
2722 48 95
2723 10 931
2724 48 606
2725 18 968
2726 6 457
2727 62 318
2728 23 179
2729 21 256
2730 40 67
2731 30 784
2732 77 831
2733 9 276
2734 64 215
2735 52 105
2736 14 369
2737 99 709
2738 33 12
2739 18 292
2740 5 972
2741 16 629
2742 18 62
2743 63 757
2744 37 891
2745 41 776
2746 26 66
2747 19 618
2748 89 296
2749 8 786
2750 4 525
2751 35 337
2752 56 147
2753 34 640
2754 92 906
2755 17 995
2756 11 850
2757 36 841
2758 81 201
2759 90 397
2760 21 600
2761 60 506
2762 6 172
2763 8 525
2764 74 637
2765 35 726
2766 19 896
2767 57 783
2768 77 472
2769 82 230
2770 95 640
2771 35 973
2772 76 924
2773 51 251
2774 78 459
2775 38 970
2776 15 694
2777 96 720
2778 26 871
2779 93 368
2780 65 514
2781 3 284
2782 75 564
2783 84 250
2784 34 398
2785 5 913
2786 20 332
2787 66 205
2788 1 774
2789 70 179
2790 68 895
2791 57 128
2792 21 934
2793 23 558
2794 21 172
2795 44 243
2796 30 591
2797 10 659
2798 82 13
2799 69 955
2800 9 957
2801 84 994
2802 9 908
2803 3 750
2804 78 87
2805 9 606
2806 72 175
2807 40 487
2808 37 990
2809 49 960
2810 26 856
2811 62 624
2812 28 504
2813 53 584
2814 93 901
2815 17 992
2816 60 738
2817 25 92
2818 10 604
2819 34 284
2820 80 11
2821 39 227
2822 22 336
2823 24 819
2824 23 343
2825 87 906
2826 80 520
2827 39 426
2828 98 358
2829 40 375
2830 100 377
2831 48 40
2832 31 479
2833 87 711
2834 33 829
2835 49 55
2836 8 176
2837 93 929
2838 51 103
2839 62 292
2840 49 85
2841 94 885
2842 76 440
2843 59 873
2844 89 840
2845 91 573
2846 81 440
2847 47 136
2848 83 416
2849 26 562
2850 15 247
2851 97 338
2852 3 569
2853 9 63
2854 7 920
2855 8 261
2856 48 282
2857 26 580
2858 71 897
2859 16 128
2860 16 18
2861 80 170
2862 76 511
2863 60 166
2864 5 158
2865 67 182
2866 78 841
2867 42 699
2868 27 868
2869 17 193
2870 78 898
2871 13 361
2872 11 457
2873 50 740
2874 5 936
2875 84 321
2876 81 512
2877 50 778
2878 11 569
2879 66 263
2880 11 729
2881 3 897
2882 69 813
2883 71 514
2884 71 705
2885 65 304
2886 26 23
2887 29 414
2888 83 702
2889 46 445
2890 97 931
2891 5 582
2892 35 203
2893 13 958
2894 49 49
2895 70 946
2896 59 957
2897 38 711
2898 82 197
2899 57 561
2900 76 204
2901 45 276
2902 68 21
2903 65 623
2904 65 34
2905 63 899
2906 82 34
2907 28 188
2908 53 335
2909 60 544
2910 46 863
2911 20 777
2912 45 133
2913 86 845
2914 59 309
2915 72 220
2916 18 933
2917 19 303
2918 95 724
2919 99 993
2920 21 747
2921 67 356
2922 63 138
2923 85 535
2924 60 228
2925 75 601
2926 62 357
2927 10 581
2928 14 244
2929 22 196
2930 88 920
2931 80 606
2932 73 57
2933 52 583
2934 44 905
2935 36 441
2936 84 535
2937 43 245
2938 94 149
2939 93 877
2940 11 992
2941 30 632
2942 44 455
2943 91 420
2944 38 795
2945 90 667
2946 98 846
2947 66 893
2948 20 147
2949 7 720
2950 83 53
2951 43 537
2952 22 243
2953 94 901
2954 64 610
2955 66 243
2956 99 79
2957 90 557
2958 41 356
2959 32 76
2960 78 362
2961 90 313
2962 27 349
2963 46 489
2964 83 453
2965 68 571
2966 79 873
2967 67 326
2968 51 122
2969 4 194
2970 59 230
2971 88 748
2972 82 97
2973 47 304
2974 79 146
2975 97 524
2976 56 36
2977 78 115
2978 57 990
2979 82 398
2980 34 185
2981 4 3
2982 33 677
2983 47 643
2984 93 714
2985 44 597
2986 33 375
2987 8 564
2988 93 857
2989 99 117
2990 26 444
2991 78 123
2992 97 321
2993 82 992
2994 41 9
2995 95 900
2996 48 568
2997 78 176
2998 92 910
2999 67 357
3000 46 182
3001 59 827
3002 34 331
3003 2 48
3004 82 317
3005 64 999
3006 5 126
3007 64 747
3008 87 10
3009 84 714
3010 50 898
3011 39 903
3012 21 486
3013 43 610
3014 46 9
3015 24 547
3016 78 266
3017 51 839
3018 63 254
3019 28 939
3020 41 166
3021 32 110
3022 24 958
3023 12 778
3024 33 370
3025 11 835
3026 47 392
3027 14 188
3028 3 810
3029 32 409
3030 58 749
3031 76 29
3032 41 799
3033 92 158
3034 4 602
3035 2 128
3036 35 920
3037 53 422
3038 63 853
3039 9 133
3040 20 996
3041 18 478
3042 2 202
3043 24 362
3044 74 631
3045 35 555
3046 43 743
3047 81 499
3048 51 108
3049 28 145
3050 36 117
3051 32 994
3052 78 240
3053 1 779
3054 74 177
3055 29 601
3056 12 926
3057 42 721
3058 29 702
3059 73 634
3060 12 605
3061 52 63
3062 72 579
3063 51 539
3064 53 186
3065 40 278
3066 90 387
3067 86 436
3068 61 444
3069 69 412
3070 84 662
3071 18 130
3072 84 453
3073 52 567
3074 28 496
3075 39 83
3076 97 949
3077 44 303
3078 72 496
3079 69 459
3080 83 697
3081 34 26
3082 100 628
3083 59 984
3084 98 614
3085 23 686
3086 29 82
3087 46 544
3088 40 599
3089 61 926
3090 64 730
3091 83 252
3092 84 264
3093 71 195
3094 31 677
3095 17 381
3096 96 96
3097 58 847
3098 47 758
3099 3 142
3100 94 158
3101 77 51
3102 65 783
3103 34 481
3104 5 578
3105 90 686
3106 89 890
3107 80 829
3108 1 833
3109 25 463
3110 69 420
3111 1 817
3112 36 465
3113 25 651
3114 70 643
3115 53 962
3116 60 413
3117 8 803
3118 64 16
3119 74 400
3120 20 741
3121 79 892
3122 78 89
3123 19 292
3124 84 429
3125 3 593
3126 96 166
3127 48 926
3128 95 297
3129 32 371
3130 41 414
3131 14 50
3132 99 471
3133 98 266
3134 8 776
3135 78 935
3136 17 824
3137 100 485
3138 88 630
3139 33 871
3140 93 566
3141 40 287
3142 25 317
3143 82 179
3144 88 370
3145 86 326
3146 89 744
3147 43 504
3148 2 316
3149 52 968
3150 17 878
3151 90 200
3152 56 205
3153 83 382
3154 48 918
3155 91 771
3156 83 860
3157 20 71
3158 22 144
3159 63 969
3160 12 396
3161 37 903
3162 62 952
3163 22 1000
3164 53 83
3165 48 920
3166 79 584
3167 56 385
3168 51 468
3169 97 106
3170 60 402
3171 74 674
3172 94 817
3173 11 465
3174 53 154
3175 66 487
3176 1 328
3177 66 873
3178 24 254
3179 47 928
3180 85 544
3181 82 162
3182 10 501
3183 27 883
3184 40 184
3185 46 928
3186 54 201
3187 85 28
3188 29 937
3189 63 575
3190 3 774
3191 97 214
3192 80 922
3193 92 203
3194 30 444
3195 38 891
3196 66 456
3197 56 751
3198 70 746
3199 91 844
3200 35 845
3201 35 149
3202 56 682
3203 36 432
3204 24 461
3205 1 822
3206 81 520
3207 16 219
3208 73 791
3209 40 258
3210 23 767
3211 81 542
3212 16 507
3213 13 328
3214 83 212
3215 66 189
3216 23 555
3217 75 343
3218 78 119
3219 89 82
3220 11 255
3221 20 822
3222 34 383
3223 70 26
3224 17 239
3225 9 221
3226 91 444
3227 85 157
3228 65 511
3229 71 281
3230 92 966
3231 18 873
3232 6 998
3233 40 642
3234 66 7
3235 94 217
3236 3 566
3237 86 557
3238 90 608
3239 71 803
3240 58 795
3241 7 845
3242 80 557
3243 95 113
3244 75 1000
3245 81 297
3246 11 553
3247 54 318
3248 85 673
3249 27 538
3250 57 307
3251 66 280
3252 92 580
3253 88 248
3254 2 292
3255 30 287
3256 1 37
3257 99 798
3258 14 145
3259 4 924
3260 56 676
3261 22 108
3262 15 881
3263 95 382
3264 32 233
3265 40 545
3266 31 19
3267 40 51
3268 92 853
3269 79 173
3270 14 843
3271 87 883
3272 89 598
3273 63 990
3274 20 723
3275 38 582
3276 17 429
3277 79 358
3278 20 524
3279 97 134
3280 83 75
3281 26 593
3282 88 724
3283 65 337
3284 23 257
3285 54 306
3286 40 787
3287 4 270
3288 67 968
3289 51 580
3290 16 451
3291 58 566
3292 39 84
3293 85 86
3294 61 226
3295 70 195
3296 98 666
3297 40 38
3298 75 619
3299 18 630
3300 40 353
3301 37 867
3302 91 793
3303 38 526
3304 72 994
3305 63 312
3306 62 29
3307 51 969
3308 40 687
3309 52 866
3310 86 349
3311 17 755
3312 62 234
3313 95 435
3314 97 540
3315 3 299
3316 53 820
3317 42 610
3318 66 229
3319 16 517
3320 99 375
3321 95 476
3322 44 642
3323 75 624
3324 28 593
3325 62 565
3326 63 658
3327 42 826
3328 36 766
3329 26 612
3330 64 891
3331 61 32
3332 4 194
3333 19 701
3334 91 21
3335 13 535
3336 98 444
3337 23 988
3338 60 564
3339 83 356
3340 34 525
3341 46 883
3342 53 323
3343 48 363
3344 91 519
3345 1 694
3346 97 220
3347 83 212
3348 50 302
3349 72 339
3350 6 930
3351 61 40
3352 86 40
3353 28 189
3354 82 819
3355 93 381
3356 73 659
3357 17 803
3358 16 540
3359 26 678
3360 39 532
3361 10 938
3362 25 519
3363 81 729
3364 8 150
3365 90 891
3366 11 498
3367 35 367
3368 28 503
3369 55 819
3370 15 125
3371 22 642
3372 52 791
3373 62 594
3374 40 941
3375 35 877
3376 42 323
3377 10 476
3378 52 124
3379 74 718
3380 97 664
3381 30 38
3382 84 389
3383 61 905
3384 63 113
3385 10 34
3386 64 420
3387 59 662
3388 99 874
3389 97 506
3390 38 706
3391 1 708
3392 33 892
3393 62 85
3394 95 459
3395 57 1000
3396 26 672
3397 21 856
3398 32 860
3399 72 255
3400 24 436
3401 100 883
3402 64 86
3403 85 518
3404 94 113
3405 63 650
3406 85 76
3407 68 336
3408 15 357
3409 75 123
3410 46 288
3411 74 793
3412 68 312
3413 58 289
3414 80 319
3415 52 74
3416 83 396
3417 20 501
3418 36 474
3419 35 828
3420 39 61
3421 17 338
3422 1 259
3423 72 903
3424 21 347
3425 17 770
3426 46 104
3427 79 476
3428 62 990
3429 27 210
3430 87 858
3431 41 262
3432 12 233
3433 37 263
3434 13 304
3435 91 775
3436 18 392
3437 29 336
3438 17 496
3439 76 475
3440 13 732
3441 86 317
3442 61 759
3443 19 335
3444 73 761
3445 86 8
3446 11 175
3447 52 705
3448 61 384
3449 72 51
3450 89 1000
3451 13 563
3452 50 212
3453 53 724
3454 87 39
3455 69 577
3456 22 787
3457 7 263
3458 51 518
3459 89 660
3460 93 733
3461 36 352
3462 64 165
3463 82 326
3464 96 995
3465 10 447
3466 52 73
3467 53 196
3468 15 703
3469 4 209
3470 72 899
3471 30 753
3472 93 831
3473 58 593
3474 25 89
3475 14 219
3476 84 515
3477 81 455
3478 89 226
3479 37 442
3480 84 681
3481 98 108
3482 97 441
3483 15 98
3484 93 451
3485 96 68
3486 45 797
3487 60 748
3488 24 867
3489 70 269
3490 84 650
3491 67 352
3492 21 72
3493 47 51
3494 97 587
3495 64 568
3496 53 189
3497 7 731
3498 63 283
3499 18 270
3500 84 393
3501 78 423
3502 83 892
3503 72 529
3504 59 569
3505 2 517
3506 53 754
3507 93 97
3508 80 904
3509 52 468
3510 66 753
3511 43 928
3512 44 538
3513 82 736
3514 17 188
3515 22 691
3516 73 929
3517 74 69
3518 78 770
3519 27 875
3520 17 233
3521 54 835
3522 78 675
3523 57 113
3524 81 856
3525 61 910
3526 79 138
3527 13 126
3528 100 448
3529 69 475
3530 23 453
3531 53 168
3532 28 751
3533 64 43
3534 13 559
3535 12 634
3536 25 94
3537 20 284
3538 97 808
3539 83 664
3540 81 978
3541 52 717
3542 18 846
3543 35 868
3544 34 114
3545 61 760
3546 22 769
3547 73 702
3548 62 830
3549 57 982
3550 16 334
3551 66 360
3552 79 828
3553 100 964
3554 53 923
3555 45 672
3556 7 503
3557 37 351
3558 89 933
3559 85 725
3560 48 471
3561 38 494
3562 29 297
3563 40 412
3564 66 968
3565 40 887
3566 45 803
3567 43 873
3568 84 892
3569 97 533
3570 70 608
3571 3 364
3572 79 738
3573 24 916
3574 4 989
3575 43 823
3576 11 84
3577 6 459
3578 19 489
3579 6 436
3580 100 48
3581 68 423
3582 93 17
3583 6 750
3584 63 353
3585 28 120
3586 18 660
3587 25 172
3588 70 585
3589 12 516
3590 43 718
3591 1 577
3592 58 20
3593 57 183
3594 38 360
3595 4 379
3596 69 35
3597 17 903
3598 79 730
3599 77 622
3600 39 781
3601 12 321
3602 27 663
3603 72 908
3604 29 535
3605 44 281
3606 58 845
3607 92 417
3608 15 589
3609 5 260
3610 17 711
3611 60 63
3612 31 177
3613 14 920
3614 55 376
3615 32 602
3616 71 372
3617 83 766
3618 80 860
3619 82 635
3620 100 642
3621 68 785
3622 76 322
3623 16 659
3624 76 441
3625 36 415
3626 43 752
3627 64 684
3628 57 856
3629 3 855
3630 58 800
3631 40 872
3632 26 201
3633 20 487
3634 47 165
3635 87 288
3636 97 688
3637 88 833
3638 34 993
3639 6 993
3640 15 650
3641 46 817
3642 76 753
3643 8 690
3644 23 935
3645 40 430
3646 71 971
3647 43 711
3648 6 435
3649 67 982
3650 68 222
3651 81 804
3652 8 820
3653 37 617
3654 69 991
3655 94 956
3656 40 585
3657 87 226
3658 17 951
3659 63 13
3660 81 620
3661 63 644
3662 87 624
3663 38 20
3664 62 166
3665 41 888
3666 11 478
3667 99 208
3668 53 633
3669 88 488
3670 23 4
3671 88 227
3672 19 324
3673 56 78
3674 56 422
3675 92 917
3676 48 75
3677 37 262
3678 66 903
3679 78 783
3680 95 197
3681 31 237
3682 97 84
3683 59 139
3684 62 392
3685 60 590
3686 59 301
3687 23 785
3688 82 727
3689 28 663
3690 61 987
3691 39 888
3692 97 731
3693 6 87
3694 96 28
3695 6 989
3696 95 458
3697 10 117
3698 43 830
3699 54 670
3700 19 77
3701 95 761
3702 68 331
3703 16 313
3704 59 539
3705 49 922
3706 14 449
3707 81 799
3708 60 483
3709 71 615
3710 82 473
3711 52 195
3712 49 1000
3713 70 583
3714 92 413
3715 59 45
3716 2 983
3717 16 610
3718 90 283
3719 86 50
3720 55 508
3721 33 259
3722 74 320
3723 76 967
3724 13 892
3725 87 837
3726 42 158
3727 11 932
3728 59 377
3729 62 600
3730 19 162
3731 85 122
3732 80 102
3733 85 772
3734 90 291
3735 3 476
3736 52 860
3737 38 309
3738 90 947
3739 61 975
3740 1 629
3741 8 227
3742 77 938
3743 15 380
3744 77 673
3745 26 335
3746 86 850
3747 15 898
3748 56 139
3749 27 524
3750 33 500
3751 3 921
3752 23 8
3753 15 189
3754 15 785
3755 64 544
3756 81 454
3757 89 191
3758 1 652
3759 68 76
3760 58 614
3761 74 513
3762 28 296
3763 19 343
3764 82 982
3765 57 524
3766 15 714
3767 68 589
3768 54 284
3769 3 811
3770 49 771
3771 54 749
3772 53 273
3773 52 620
3774 59 832
3775 9 392
3776 62 312
3777 8 498
3778 57 864
3779 15 590
3780 24 321
3781 40 720
3782 66 302
3783 10 737
3784 97 621
3785 46 718
3786 25 81
3787 67 518
3788 29 802
3789 86 313
3790 48 48
3791 62 308
3792 43 357
3793 86 533
3794 29 225
3795 69 125
3796 13 952
3797 49 916
3798 15 454
3799 28 626
3800 17 667
3801 55 456
3802 44 331
3803 98 739
3804 64 745
3805 54 337
3806 85 931
3807 66 200
3808 90 927
3809 44 503
3810 72 268
3811 35 490
3812 51 762
3813 51 802
3814 35 159
3815 54 660
3816 99 380
3817 26 477
3818 10 78
3819 89 947
3820 78 964
3821 81 680
3822 39 797
3823 50 387
3824 25 667
3825 20 224
3826 24 813
3827 51 990
3828 86 370
3829 53 876
3830 56 830
3831 15 411
3832 29 848
3833 18 372
3834 52 671
3835 13 476
3836 92 48
3837 31 863
3838 64 281
3839 89 386
3840 65 989
3841 100 138
3842 97 648
3843 35 212
3844 98 269
3845 45 193
3846 60 856
3847 47 186
3848 20 379
3849 98 904
3850 70 964
3851 45 589
3852 80 142
3853 93 930
3854 41 157
3855 58 418
3856 18 163
3857 31 188
3858 53 490
3859 22 281
3860 86 188
3861 69 707
3862 17 313
3863 79 299
3864 42 353
3865 50 286
3866 58 150
3867 86 154
3868 27 379
3869 49 502
3870 22 623
3871 93 68
3872 71 547
3873 70 437
3874 3 510
3875 100 315
3876 58 993
3877 77 947
3878 80 231
3879 64 236
3880 34 68
3881 22 265
3882 53 341
3883 59 191
3884 82 829
3885 67 615
3886 13 818
3887 30 984
3888 33 552
3889 94 624
3890 23 160
3891 88 293
3892 17 733
3893 73 510
3894 33 255
3895 61 986
3896 98 634
3897 63 22
3898 56 391
3899 75 711
3900 82 289
3901 82 804
3902 12 726
3903 75 284
3904 96 485
3905 60 239
3906 72 60
3907 43 316
3908 9 497
3909 44 23
3910 52 520
3911 59 430
3912 44 506
3913 20 637
3914 67 18
3915 27 959
3916 60 826
3917 6 723
3918 90 540
3919 9 810
3920 29 268
3921 75 347
3922 93 117
3923 66 390
3924 10 619
3925 23 146
3926 36 939
3927 94 68
3928 25 598
3929 4 484
3930 64 671
3931 75 558
3932 57 462
3933 42 654
3934 91 970
3935 35 89
3936 49 585
3937 23 178
3938 49 332
3939 3 810
3940 16 435
3941 47 69
3942 12 760
3943 77 166
3944 61 843
3945 65 162
3946 85 17
3947 82 297
3948 36 237
3949 76 127
3950 24 421
3951 43 999
3952 9 186
3953 33 769
3954 77 33
3955 38 130
3956 97 357
3957 16 469
3958 18 939
3959 95 932
3960 30 976
3961 56 64
3962 92 94
3963 52 716
3964 43 139
3965 55 976
3966 84 905
3967 23 48
3968 30 352
3969 95 350
3970 77 365
3971 73 358
3972 12 180
3973 16 106
3974 92 487
3975 53 289
3976 29 681
3977 53 254
3978 97 110
3979 100 169
3980 47 582
3981 30 196
3982 78 612
3983 88 249
3984 88 935
3985 65 861
3986 13 357
3987 14 215
3988 13 415
3989 39 173
3990 11 857
3991 38 208
3992 19 261
3993 31 776
3994 68 354
3995 82 518
3996 39 42
3997 39 434
3998 97 937
3999 42 551
4000 47 389
4001 57 399
4002 68 947
4003 95 311
4004 30 585
4005 96 629
4006 89 928
4007 51 521
4008 86 309
4009 100 545
4010 47 158
4011 35 803
4012 74 508
4013 16 349
4014 9 274
4015 84 496
4016 38 681
4017 64 752
4018 44 295
4019 53 838
4020 89 855
4021 56 901
4022 8 932
4023 61 914
4024 52 68
4025 24 701
4026 42 758
4027 82 144
4028 11 257
4029 57 463
4030 7 949
4031 57 786
4032 12 456
4033 42 620
4034 53 659
4035 100 424
4036 95 33
4037 85 731
4038 52 368
4039 39 732
4040 8 775
4041 3 768
4042 35 317
4043 50 236
4044 22 472
4045 82 532
4046 75 993
4047 99 460
4048 9 831
4049 69 152
4050 9 406
4051 90 292
4052 64 681
4053 22 625
4054 70 904
4055 50 866
4056 48 80
4057 3 447
4058 20 380
4059 79 765
4060 93 254
4061 71 149
4062 28 478
4063 60 612
4064 17 340
4065 30 277
4066 13 716
4067 75 620
4068 80 158
4069 17 577
4070 78 476
4071 28 955
4072 31 584
4073 57 797
4074 54 589
4075 5 652
4076 71 352
4077 18 858
4078 4 617
4079 3 34
4080 21 517
4081 84 172
4082 84 295
4083 29 307
4084 2 269
4085 57 729
4086 85 373
4087 45 443
4088 70 312
4089 81 443
4090 31 900
4091 8 663
4092 79 410
4093 9 211
4094 43 204
4095 52 314
4096 43 346
4097 25 254
4098 51 185
4099 92 528
4100 96 964
4101 31 495
4102 93 863
4103 84 266
4104 62 984
4105 36 247
4106 58 853
4107 54 960
4108 15 862
4109 51 995
4110 79 251
4111 6 467
4112 52 86
4113 40 828
4114 97 249
4115 28 178
4116 70 958
4117 23 248
4118 77 709
4119 47 774
4120 14 199
4121 76 199
4122 77 346
4123 100 349
4124 41 513
4125 18 96
4126 76 731
4127 73 901
4128 71 747
4129 9 885
4130 67 685
4131 60 316
4132 50 91
4133 56 328
4134 97 491
4135 26 591
4136 72 887
4137 24 976
4138 82 564
4139 29 319
4140 11 265
4141 1 4
4142 74 508
4143 35 407
4144 77 820
4145 26 483
4146 48 779
4147 53 177
4148 86 275
4149 18 838
4150 76 975
4151 89 351
4152 88 758
4153 85 666
4154 49 441
4155 59 295
4156 61 806
4157 13 989
4158 16 849
4159 58 949
4160 65 91
4161 28 14
4162 52 551
4163 98 985
4164 37 599
4165 2 449
4166 83 417
4167 12 489
4168 61 173
4169 68 924
4170 86 335
4171 64 512
4172 22 441
4173 53 432
4174 96 560
4175 41 126
4176 18 44
4177 11 31
4178 50 724
4179 52 844
4180 37 926
4181 40 716
4182 14 260
4183 62 360
4184 80 73
4185 28 78
4186 37 229
4187 38 687
4188 45 239
4189 8 990
4190 21 101
4191 32 444
4192 7 114
4193 56 434
4194 68 210
4195 73 949
4196 10 676
4197 53 366
4198 79 19
4199 56 849
4200 26 394
4201 8 524
4202 58 415
4203 56 825
4204 95 912
4205 38 633
4206 10 536
4207 8 361
4208 59 158
4209 41 385
4210 99 744
4211 49 447
4212 100 353
4213 25 738
4214 61 953
4215 20 615
4216 9 576
4217 51 57
4218 30 18
4219 39 422
4220 26 261
4221 41 376
4222 79 607
4223 26 889
4224 50 32
4225 57 554
4226 73 11
4227 76 244
4228 5 386
4229 22 706
4230 4 929
4231 65 519
4232 90 54
4233 20 316
4234 85 395
4235 90 870
4236 75 841
4237 51 135
4238 62 914
4239 52 710
4240 59 290
4241 73 539
4242 81 718
4243 72 79
4244 99 256
4245 93 694
4246 71 817
4247 30 155
4248 62 250
4249 42 913
4250 19 286
4251 21 856
4252 25 992
4253 9 611
4254 63 309
4255 93 608
4256 83 618
4257 53 783
4258 30 940
4259 16 501
4260 18 186
4261 33 451
4262 60 374
4263 89 920
4264 56 549
4265 67 760
4266 80 940
4267 90 758
4268 44 754
4269 28 869
4270 86 697
4271 100 325
4272 5 505
4273 16 521
4274 81 647
4275 87 964
4276 5 423
4277 72 850
4278 67 906
4279 89 56
4280 94 127
4281 52 29
4282 95 527
4283 81 922
4284 19 128
4285 56 161
4286 69 568
4287 40 391
4288 40 426
4289 27 824
4290 25 860
4291 47 126
4292 100 361
4293 91 838
4294 85 882
4295 43 220
4296 62 230
4297 34 872
4298 22 999
4299 63 350
4300 91 479
4301 8 789
4302 87 555
4303 34 736
4304 54 707
4305 15 939
4306 71 256
4307 54 585
4308 6 770
4309 85 622
4310 62 784
4311 89 619
4312 10 580
4313 38 110
4314 91 380
4315 99 356
4316 97 633
4317 89 669
4318 20 272
4319 67 323
4320 35 557
4321 47 142
4322 37 65
4323 67 655
4324 27 195
4325 13 55
4326 29 223
4327 42 497
4328 59 157
4329 51 379
4330 52 99
4331 65 669
4332 70 557
4333 2 295
4334 91 948
4335 98 901
4336 13 201
4337 24 698
4338 55 616
4339 96 231
4340 45 468
4341 35 439
4342 2 147
4343 75 44
4344 62 664
4345 20 91
4346 24 281
4347 86 635
4348 14 299
4349 88 818
4350 27 74
4351 56 654
4352 85 750
4353 45 689
4354 92 487
4355 63 599
4356 89 643
4357 95 301
4358 6 419
4359 58 617
4360 25 924
4361 71 14
4362 42 765
4363 16 862
4364 57 594
4365 68 212
4366 82 984
4367 21 862
4368 64 155
4369 22 706
4370 77 93
4371 82 428
4372 71 164
4373 88 624
4374 66 812
4375 92 12
4376 90 220
4377 13 49
4378 7 392
4379 75 768
4380 26 678
4381 22 811
4382 75 383
4383 78 237
4384 90 554
4385 78 321
4386 97 209
4387 30 835
4388 72 559
4389 45 980
4390 10 546
4391 94 371
4392 80 633
4393 78 914
4394 59 666
4395 69 969
4396 68 273
4397 97 247
4398 65 717
4399 91 530
4400 44 102
4401 48 985
4402 14 919
4403 16 481
4404 90 555
4405 37 185
4406 26 929
4407 59 550
4408 79 461
4409 14 221
4410 100 685
4411 11 290
4412 13 898
4413 72 575
4414 47 657
4415 50 488
4416 53 609
4417 48 946
4418 95 984
4419 46 309
4420 88 804
4421 54 63
4422 65 86
4423 53 406
4424 47 171
4425 86 40
4426 21 183
4427 12 271
4428 100 915
4429 70 128
4430 52 994
4431 1 16
4432 100 708
4433 12 397
4434 95 362
4435 34 823
4436 17 265
4437 43 53
4438 97 87
4439 57 357
4440 43 852
4441 56 931
4442 40 229
4443 88 144
4444 33 313
4445 40 404
4446 44 455
4447 27 426
4448 5 441
4449 80 252
4450 63 478
4451 44 259
4452 74 843
4453 8 529
4454 98 584
4455 67 45
4456 38 505
4457 87 743
4458 61 715
4459 69 161
4460 47 216
4461 47 418
4462 62 458
4463 59 879
4464 88 545
4465 26 139
4466 17 299
4467 42 711
4468 66 911
4469 3 868
4470 76 90
4471 77 145
4472 51 662
4473 77 787
4474 57 12
4475 2 808
4476 95 713
4477 32 404
4478 65 413
4479 93 985
4480 70 427
4481 48 142
4482 92 219
4483 88 957
4484 6 542
4485 5 816
4486 32 23
4487 41 385
4488 94 412
4489 75 119
4490 55 78
4491 39 345
4492 67 624
4493 31 833
4494 6 737
4495 40 164
4496 33 569
4497 18 23
4498 40 10
4499 65 748
4500 36 941
4501 72 45
4502 87 21
4503 29 156
4504 59 369
4505 7 185
4506 9 126
4507 8 263
4508 22 797
4509 47 535
4510 73 159
4511 9 742
4512 45 430
4513 42 425
4514 26 5
4515 46 611
4516 90 406
4517 22 559
4518 61 243
4519 65 28
4520 69 473
4521 28 167
4522 68 24
4523 38 852
4524 22 222
4525 29 347
4526 55 692
4527 24 818
4528 4 198
4529 30 253
4530 5 241
4531 45 502
4532 86 179
4533 17 460
4534 97 223
4535 90 880
4536 97 194
4537 24 866
4538 77 996
4539 76 740
4540 46 905
4541 72 653
4542 84 993
4543 61 75
4544 37 639
4545 11 299
4546 29 283
4547 22 304
4548 70 79
4549 9 738
4550 95 916
4551 8 98
4552 51 949
4553 42 232
4554 13 361
4555 2 407
4556 91 784
4557 64 565
4558 15 432
4559 18 738
4560 65 586
4561 35 381
4562 94 470
4563 12 365
4564 27 160
4565 32 500
4566 11 324
4567 95 212
4568 9 899
4569 26 397
4570 17 531
4571 17 334
4572 21 411
4573 54 405
4574 77 449
4575 95 342
4576 9 525
4577 14 711
4578 61 346
4579 12 689
4580 40 29
4581 14 559
4582 87 836
4583 34 756
4584 59 565
4585 29 39
4586 75 644
4587 55 371
4588 58 915
4589 87 222
4590 70 425
4591 5 273
4592 79 402
4593 52 390
4594 69 66
4595 31 669
4596 40 979
4597 87 442
4598 88 875
4599 12 527
4600 2 124
4601 25 238
4602 96 303
4603 41 265
4604 11 28
4605 52 680
4606 50 99
4607 68 423
4608 44 875
4609 51 363
4610 12 736
4611 84 72
4612 30 988
4613 79 54
4614 72 708
4615 61 973
4616 46 474
4617 81 442
4618 98 167
4619 13 448
4620 34 744
4621 96 182
4622 55 1000
4623 36 84
4624 68 298
4625 84 562
4626 57 985
4627 87 346
4628 2 653
4629 58 371
4630 18 890
4631 53 994
4632 50 895
4633 68 280
4634 46 704
4635 30 480
4636 50 130
4637 60 705
4638 51 320
4639 28 420
4640 49 175
4641 7 203
4642 3 827
4643 42 379
4644 16 346
4645 94 660
4646 57 85
4647 12 749
4648 8 634
4649 21 533
4650 29 755
4651 73 101
4652 81 244
4653 74 5
4654 70 988
4655 57 720
4656 33 86
4657 7 213
4658 55 525
4659 6 248
4660 33 221
4661 4 801
4662 77 372
4663 59 494
4664 94 920
4665 18 241
4666 73 948
4667 2 841
4668 92 855
4669 58 47
4670 50 608
4671 83 488
4672 34 762
4673 86 241
4674 85 739
4675 91 592
4676 58 18
4677 45 698
4678 72 71
4679 14 866
4680 87 216
4681 68 860
4682 81 742
4683 63 312
4684 76 861
4685 80 412
4686 75 901
4687 40 87
4688 91 613
4689 98 39
4690 41 582
4691 99 511
4692 8 427
4693 55 696
4694 8 457
4695 9 994
4696 77 241
4697 18 488
4698 79 537
4699 45 59
4700 44 208
4701 71 236
4702 38 560
4703 34 590
4704 88 668
4705 49 772
4706 74 192
4707 37 447
4708 33 202
4709 23 422
4710 71 134
4711 71 516
4712 31 153
4713 31 557
4714 100 13
4715 58 48
4716 44 618
4717 15 331
4718 52 472
4719 96 415
4720 79 16
4721 96 129
4722 43 895
4723 93 596
4724 51 23
4725 3 400
4726 100 824
4727 78 970
4728 100 155
4729 79 248
4730 39 151
4731 72 733
4732 26 957
4733 59 44
4734 19 797
4735 46 273
4736 3 853
4737 88 896
4738 47 254
4739 21 429
4740 21 985
4741 60 53
4742 100 206
4743 26 129
4744 38 44
4745 61 796
4746 54 110
4747 56 956
4748 88 587
4749 25 59
4750 89 11
4751 3 485
4752 88 821
4753 23 908
4754 51 399
4755 90 702
4756 54 56
4757 58 690
4758 17 435
4759 29 915
4760 58 570
4761 82 399
4762 46 483
4763 34 317
4764 84 698
4765 19 229
4766 33 552
4767 53 615
4768 16 452
4769 25 866
4770 23 51
4771 45 545
4772 4 740
4773 91 236
4774 29 980
4775 68 406
4776 20 169
4777 39 383
4778 46 5
4779 18 161
4780 41 57
4781 62 128
4782 18 767
4783 26 264
4784 31 671
4785 76 718
4786 40 989
4787 36 776
4788 97 210
4789 44 183
4790 100 499
4791 38 104
4792 83 20
4793 36 716
4794 38 67
4795 50 308
4796 37 330
4797 45 63
4798 81 99
4799 94 292
4800 55 314
4801 52 152
4802 31 227
4803 43 822
4804 81 829
4805 20 119
4806 83 586
4807 66 504
4808 89 251
4809 3 232
4810 86 794
4811 49 789
4812 35 909
4813 14 948
4814 74 551
4815 48 79
4816 28 894
4817 12 206
4818 31 693
4819 81 43
4820 88 414
4821 97 734
4822 58 620
4823 69 841
4824 36 95
4825 8 28
4826 95 458
4827 80 960
4828 65 273
4829 92 266
4830 23 441
4831 78 502
4832 94 402
4833 42 535
4834 39 816
4835 34 402
4836 27 568
4837 95 559
4838 77 41
4839 16 374
4840 7 293
4841 79 957
4842 65 449
4843 38 236
4844 35 834
4845 100 237
4846 68 459
4847 8 63
4848 62 892
4849 21 787
4850 66 109
4851 42 800
4852 34 929
4853 93 168
4854 98 915
4855 92 558
4856 8 296
4857 43 130
4858 66 637
4859 37 485
4860 78 232
4861 79 36
4862 87 489
4863 47 471
4864 37 892
4865 29 124
4866 92 540
4867 81 14
4868 4 707
4869 14 349
4870 47 937
4871 73 798
4872 19 833
4873 97 454
4874 43 966
4875 32 155
4876 84 881
4877 87 319
4878 29 177
4879 97 448
4880 69 282
4881 20 530
4882 12 950
4883 48 544
4884 45 417
4885 56 861
4886 47 419
4887 6 78
4888 69 652
4889 25 340
4890 58 28
4891 31 770
4892 100 296
4893 9 138
4894 29 472
4895 1 199
4896 13 409
4897 24 838
4898 63 198
4899 98 600
4900 51 197
4901 3 179
4902 32 381
4903 36 148
4904 74 170
4905 31 522
4906 12 918
4907 12 579
4908 68 551
4909 27 161
4910 87 470
4911 49 263
4912 31 951
4913 62 576
4914 75 20
4915 14 803
4916 5 104
4917 92 298
4918 23 932
4919 26 428
4920 2 827
4921 78 184
4922 28 592
4923 70 381
4924 82 567
4925 62 852
4926 86 631
4927 89 201
4928 37 811
4929 87 133
4930 13 908
4931 12 403
4932 42 343
4933 48 830
4934 59 59
4935 43 94
4936 41 829
4937 33 35
4938 76 911
4939 47 156
4940 51 764
4941 43 277
4942 91 566
4943 51 816
4944 3 534
4945 9 802
4946 58 955
4947 11 963
4948 47 412
4949 22 172
4950 54 194
4951 20 86
4952 79 444
4953 7 612
4954 4 599
4955 72 447
4956 19 587
4957 33 443
4958 98 710
4959 28 748
4960 69 605
4961 41 186
4962 18 365
4963 1 690
4964 6 678
4965 12 821
4966 4 477
4967 70 243
4968 94 208
4969 37 67
4970 26 164
4971 11 146
4972 51 576
4973 30 289
4974 17 3
4975 38 935
4976 65 921
4977 45 520
4978 71 984
4979 41 500
4980 75 657
4981 91 573
4982 3 104
4983 92 497
4984 41 396
4985 13 954
4986 29 749
4987 38 740
4988 29 357
4989 4 920
4990 98 555
4991 74 260
4992 50 606
4993 63 304
4994 99 508
4995 7 360
4996 55 802
4997 21 387
4998 87 200
4999 73 924
5000 88 767
628881.75
