8000
1 50 204
2 62 863
3 63 423
4 28 899
5 59 644
6 18 77
7 20 972
8 81 141
9 31 528
10 61 800
11 82 878
12 92 49
13 99 546
14 73 38
15 1 610
16 15 339
17 31 394
18 5 848
19 67 101
20 100 188
21 54 256
22 36 443
23 81 561
24 56 721
25 67 903
26 21 380
27 99 528
28 55 602
29 43 636
30 94 554
31 69 682
32 25 480
33 100 684
34 28 109
35 37 280
36 89 830
37 80 239
38 43 253
39 51 732
40 12 667
41 95 884
42 92 381
43 88 494
44 41 753
45 11 108
46 97 925
47 17 92
48 83 109
49 75 190
50 80 494
51 32 732
52 63 95
53 32 824
54 92 270
55 25 562
56 35 910
57 66 716
58 75 66
59 59 34
60 68 632
61 24 492
62 56 363
63 76 896
64 30 753
65 6 330
66 3 585
67 94 591
68 94 579
69 17 239
70 48 265
71 52 439
72 77 530
73 39 794
74 45 159
75 31 127
76 35 191
77 5 456
78 20 637
79 68 931
80 24 590
81 60 778
82 12 17
83 41 601
84 48 185
85 13 538
86 78 943
87 73 940
88 96 417
89 84 203
90 86 20
91 55 142
92 91 194
93 29 572
94 6 931
95 86 319
96 74 96
97 45 797
98 19 252
99 71 750
100 62 764
101 15 245
102 65 484
103 79 832
104 95 576
105 74 614
106 31 351
107 71 237
108 53 988
109 98 376
110 23 253
111 75 709
112 40 65
113 99 124
114 2 362
115 10 453
116 62 39
117 72 364
118 20 520
119 14 470
120 96 300
121 8 476
122 95 910
123 96 502
124 54 124
125 95 913
126 35 525
127 99 165
128 92 370
129 5 362
130 83 74
131 59 504
132 33 695
133 100 65
134 79 944
135 14 499
136 68 87
137 99 387
138 44 205
139 99 634
140 75 847
141 89 323
142 10 962
143 42 420
144 19 145
145 86 244
146 13 157
147 93 795
148 31 167
149 74 291
150 54 453
151 87 164
152 96 870
153 57 245
154 32 131
155 79 486
156 23 147
157 56 186
158 46 107
159 69 245
160 22 797
161 32 225
162 74 747
163 26 336
164 82 542
165 7 152
166 70 533
167 59 845
168 41 814
169 92 60
170 37 890
171 95 785
172 16 952
173 4 617
174 29 432
175 99 661
176 22 74
177 55 936
178 81 757
179 50 792
180 61 796
181 37 825
182 88 764
183 68 584
184 84 65
185 92 64
186 62 354
187 34 835
188 72 400
189 27 271
190 31 583
191 39 980
192 81 813
193 80 292
194 95 648
195 89 211
196 46 416
197 8 280
198 25 427
199 2 666
200 74 153
201 96 8
202 81 339
203 26 59
204 73 59
205 4 118
206 85 338
207 52 562
208 93 62
209 28 363
210 75 880
211 72 977
212 96 34
213 52 782
214 22 686
215 18 60
216 48 164
217 98 26
218 79 776
219 60 136
220 16 44
221 54 890
222 88 146
223 17 362
224 13 439
225 32 759
226 74 943
227 88 822
228 85 584
229 90 902
230 24 916
231 61 726
232 55 71
233 28 761
234 73 206
235 88 217
236 89 743
237 59 506
238 78 328
239 34 611
240 92 564
241 50 601
242 87 392
243 53 555
244 78 339
245 85 175
246 32 37
247 45 681
248 28 505
249 36 328
250 98 13
251 11 860
252 58 123
253 96 8
254 54 654
255 31 581
256 51 935
257 69 247
258 39 917
259 23 348
260 51 624
261 49 57
262 93 780
263 63 411
264 71 623
265 7 713
266 17 89
267 73 634
268 11 7
269 23 770
270 15 912
271 96 711
272 22 982
273 87 475
274 68 62
275 42 568
276 3 408
277 11 798
278 50 112
279 100 135
280 73 988
281 74 326
282 16 132
283 44 961
284 87 237
285 2 367
286 30 696
287 12 718
288 37 837
289 9 398
290 3 299
291 17 271
292 36 739
293 35 636
294 39 724
295 36 242
296 79 564
297 92 629
298 7 842
299 49 557
300 90 449
301 82 810
302 64 752
303 49 616
304 97 103
305 84 694
306 68 949
307 83 118
308 48 934
309 14 726
310 40 670
311 44 983
312 5 419
313 24 798
314 91 66
315 24 173
316 77 362
317 10 199
318 8 849
319 44 687
320 78 147
321 65 750
322 50 899
323 91 940
324 37 985
325 20 858
326 77 138
327 51 242
328 1 409
329 65 35
330 99 555
331 78 73
332 37 237
333 95 245
334 43 58
335 48 800
336 86 465
337 85 205
338 79 30
339 37 773
340 50 682
341 75 278
342 71 319
343 33 554
344 46 860
345 6 427
346 76 967
347 91 24
348 9 131
349 70 552
350 8 375
351 84 462
352 48 434
353 41 436
354 53 51
355 44 299
356 53 492
357 77 611
358 66 653
359 25 185
360 5 13
361 97 548
362 65 171
363 67 70
364 25 679
365 63 783
366 50 751
367 54 975
368 8 258
369 80 364
370 17 81
371 73 658
372 16 992
373 37 3
374 37 47
375 48 338
376 6 520
377 17 921
378 51 334
379 82 627
380 47 645
381 30 255
382 56 605
383 86 183
384 2 336
385 5 420
386 46 622
387 92 866
388 80 655
389 91 153
390 19 267
391 69 741
392 90 505
393 23 888
394 38 572
395 48 482
396 47 216
397 63 681
398 23 796
399 92 8
400 75 654
401 52 719
402 52 56
403 48 694
404 94 306
405 23 276
406 33 477
407 70 234
408 14 57
409 5 403
410 5 198
411 35 427
412 24 676
413 10 704
414 82 201
415 65 964
416 29 598
417 99 838
418 89 890
419 89 521
420 84 804
421 1 19
422 43 203
423 87 846
424 53 745
425 39 112
426 65 717
427 56 677
428 25 838
429 28 715
430 33 944
431 61 409
432 17 168
433 19 69
434 95 589
435 34 376
436 31 689
437 61 654
438 75 30
439 86 993
440 83 444
441 92 405
442 14 522
443 74 100
444 96 693
445 53 468
446 44 122
447 92 17
448 21 576
449 51 706
450 42 946
451 87 396
452 88 411
453 48 940
454 2 342
455 68 37
456 19 527
457 36 580
458 82 970
459 48 921
460 64 152
461 88 539
462 2 700
463 79 58
464 14 740
465 59 958
466 54 878
467 30 365
468 53 848
469 50 882
470 22 765
471 55 519
472 78 32
473 69 322
474 58 101
475 4 155
476 9 232
477 30 402
478 19 114
479 43 705
480 28 595
481 95 124
482 6 482
483 67 74
484 92 468
485 32 680
486 1 400
487 59 46
488 39 584
489 40 667
490 5 339
491 39 141
492 83 840
493 4 160
494 65 694
495 30 475
496 14 705
497 7 807
498 79 696
499 57 320
500 61 603
501 14 43
502 30 400
503 23 552
504 89 162
505 9 840
506 66 171
507 90 350
508 26 148
509 44 572
510 83 20
511 38 243
512 42 517
513 50 430
514 15 725
515 40 790
516 56 824
517 58 977
518 8 263
519 55 946
520 82 485
521 13 707
522 46 598
523 45 867
524 62 760
525 31 46
526 97 498
527 22 632
528 38 987
529 97 990
530 64 854
531 43 765
532 92 322
533 2 396
534 90 47
535 17 246
536 87 449
537 89 924
538 76 228
539 40 649
540 16 230
541 1 15
542 70 422
543 76 249
544 23 212
545 1 616
546 56 609
547 96 144
548 75 420
549 85 650
550 72 405
551 35 259
552 52 55
553 19 150
554 25 655
555 37 996
556 28 549
557 61 272
558 10 272
559 86 47
560 98 364
561 81 67
562 67 611
563 27 455
564 7 30
565 78 480
566 59 380
567 31 297
568 25 254
569 74 834
570 10 588
571 78 140
572 2 453
573 45 283
574 66 425
575 8 808
576 30 67
577 28 306
578 83 728
579 46 27
580 67 695
581 16 414
582 5 306
583 71 508
584 89 91
585 12 739
586 1 662
587 45 405
588 6 60
589 81 453
590 21 625
591 96 112
592 85 715
593 37 540
594 45 233
595 96 244
596 20 890
597 98 305
598 24 162
599 1 986
600 76 560
601 61 567
602 21 901
603 38 772
604 73 181
605 22 55
606 6 299
607 84 663
608 66 926
609 84 890
610 2 601
611 40 4
612 80 467
613 100 813
614 62 810
615 77 210
616 42 975
617 39 621
618 100 801
619 54 942
620 83 955
621 77 184
622 54 560
623 92 308
624 15 975
625 87 96
626 39 995
627 77 1000
628 81 314
629 51 437
630 36 164
631 45 849
632 46 755
633 54 953
634 98 420
635 96 861
636 41 581
637 15 258
638 75 902
639 16 418
640 42 8
641 90 64
642 54 109
643 57 142
644 20 691
645 78 358
646 28 217
647 55 446
648 8 281
649 80 224
650 27 192
651 64 77
652 36 27
653 31 51
654 3 760
655 16 648
656 65 427
657 18 271
658 53 38
659 41 982
660 7 988
661 11 392
662 51 989
663 76 675
664 20 286
665 41 591
666 90 454
667 41 196
668 77 558
669 1 941
670 33 156
671 2 455
672 47 883
673 3 262
674 47 180
675 40 231
676 57 420
677 62 814
678 7 140
679 35 791
680 23 773
681 72 712
682 95 201
683 69 418
684 10 816
685 14 984
686 38 143
687 36 167
688 90 657
689 5 258
690 56 160
691 1 46
692 50 70
693 2 921
694 6 760
695 31 181
696 51 983
697 60 311
698 44 604
699 68 986
700 97 831
701 80 965
702 36 322
703 59 482
704 6 193
705 4 360
706 42 201
707 3 447
708 99 877
709 83 810
710 13 633
711 17 147
712 58 372
713 89 194
714 75 53
715 44 841
716 67 252
717 69 231
718 95 82
719 42 154
720 74 284
721 77 923
722 41 854
723 40 563
724 35 855
725 27 843
726 45 577
727 31 352
728 71 677
729 60 81
730 37 851
731 99 656
732 25 408
733 21 541
734 52 373
735 23 644
736 48 340
737 97 354
738 86 639
739 85 552
740 63 522
741 18 731
742 41 573
743 42 66
744 92 51
745 75 772
746 9 314
747 4 458
748 63 706
749 75 926
750 58 561
751 47 932
752 47 79
753 35 50
754 66 536
755 76 736
756 72 326
757 15 685
758 55 888
759 63 606
760 18 296
761 62 782
762 5 445
763 68 820
764 32 937
765 83 859
766 30 666
767 40 186
768 93 462
769 38 807
770 28 130
771 32 429
772 99 203
773 26 16
774 11 290
775 56 642
776 53 413
777 90 182
778 6 154
779 60 891
780 39 897
781 2 302
782 66 524
783 15 139
784 51 877
785 85 450
786 33 495
787 57 620
788 50 808
789 57 902
790 54 791
791 32 388
792 21 60
793 4 172
794 6 783
795 37 750
796 98 215
797 66 659
798 74 829
799 62 970
800 54 455
801 95 907
802 29 635
803 41 987
804 78 394
805 10 432
806 59 285
807 100 758
808 26 650
809 73 424
810 35 675
811 61 560
812 41 355
813 69 289
814 62 141
815 47 610
816 50 43
817 71 461
818 10 226
819 45 48
820 30 592
821 31 438
822 47 303
823 32 626
824 8 842
825 85 830
826 94 448
827 43 108
828 58 593
829 59 994
830 8 313
831 30 670
832 71 980
833 6 713
834 14 773
835 50 817
836 93 402
837 21 675
838 50 877
839 32 425
840 59 931
841 56 342
842 74 668
843 37 83
844 31 79
845 80 59
846 31 777
847 48 889
848 30 103
849 100 803
850 52 840
851 44 468
852 62 47
853 75 302
854 1 929
855 7 736
856 48 44
857 85 781
858 69 571
859 53 829
860 20 552
861 78 777
862 41 864
863 62 266
864 1 311
865 27 114
866 37 244
867 67 630
868 54 439
869 17 265
870 33 664
871 45 97
872 46 56
873 47 639
874 24 527
875 56 509
876 11 477
877 27 456
878 79 610
879 27 72
880 8 29
881 49 921
882 21 730
883 58 913
884 65 592
885 22 276
886 83 184
887 47 659
888 43 133
889 12 820
890 33 27
891 46 413
892 98 71
893 93 798
894 48 317
895 5 516
896 2 567
897 15 144
898 98 271
899 10 726
900 100 844
901 40 171
902 17 407
903 74 366
904 61 501
905 27 466
906 94 925
907 86 172
908 68 797
909 43 286
910 9 526
911 50 991
912 98 357
913 58 888
914 40 868
915 70 313
916 46 228
917 34 422
918 59 858
919 19 687
920 37 276
921 23 543
922 93 24
923 86 435
924 65 364
925 45 737
926 34 150
927 100 471
928 72 36
929 21 279
930 29 163
931 82 83
932 1 143
933 45 77
934 16 74
935 81 279
936 17 867
937 85 733
938 58 171
939 79 773
940 87 864
941 80 784
942 76 319
943 16 748
944 35 40
945 19 488
946 54 140
947 70 118
948 47 375
949 69 309
950 64 791
951 76 668
952 48 57
953 77 119
954 4 694
955 60 818
956 25 302
957 21 373
958 50 589
959 60 653
960 15 269
961 12 295
962 29 159
963 3 113
964 38 277
965 90 78
966 12 937
967 30 895
968 87 301
969 23 464
970 20 951
971 55 492
972 80 947
973 53 423
974 46 576
975 53 105
976 73 178
977 10 457
978 96 283
979 58 884
980 80 320
981 90 398
982 45 165
983 96 202
984 24 292
985 40 375
986 28 709
987 22 782
988 28 164
989 93 417
990 4 941
991 50 307
992 1 374
993 4 668
994 29 616
995 29 926
996 29 200
997 20 274
998 40 187
999 10 989
1000 58 527
1001 16 733
1002 76 17
1003 45 300
1004 62 764
1005 48 915
1006 23 380
1007 57 104
1008 45 843
1009 33 655
1010 58 871
1011 42 173
1012 82 932
1013 81 485
1014 92 959
1015 38 938
1016 11 156
1017 69 722
1018 77 706
1019 19 28
1020 37 478
1021 63 115
1022 49 836
1023 75 853
1024 15 625
1025 49 58
1026 63 412
1027 85 59
1028 86 298
1029 89 388
1030 67 93
1031 35 1000
1032 39 218
1033 36 184
1034 74 883
1035 5 91
1036 97 174
1037 37 948
1038 85 457
1039 96 656
1040 68 784
1041 74 131
1042 22 489
1043 38 553
1044 54 151
1045 26 859
1046 13 14
1047 58 25
1048 60 58
1049 56 200
1050 69 157
1051 73 559
1052 3 518
1053 48 161
1054 6 596
1055 53 569
1056 37 41
1057 53 235
1058 53 371
1059 32 454
1060 11 294
1061 32 786
1062 96 119
1063 66 775
1064 98 217
1065 56 77
1066 51 400
1067 40 994
1068 37 143
1069 81 35
1070 35 826
1071 84 237
1072 78 134
1073 1 938
1074 80 985
1075 70 616
1076 52 99
1077 7 775
1078 28 114
1079 19 147
1080 38 224
1081 96 911
1082 15 205
1083 1 498
1084 21 556
1085 30 515
1086 76 692
1087 83 361
1088 61 101
1089 82 914
1090 25 922
1091 79 312
1092 90 745
1093 36 235
1094 88 342
1095 17 716
1096 24 209
1097 7 502
1098 82 533
1099 22 227
1100 2 268
1101 58 924
1102 40 706
1103 44 301
1104 92 333
1105 84 712
1106 56 119
1107 6 657
1108 34 253
1109 87 995
1110 33 352
1111 3 207
1112 56 397
1113 100 539
1114 35 826
1115 79 658
1116 73 797
1117 85 733
1118 12 583
1119 52 753
1120 97 570
1121 13 718
1122 13 511
1123 2 947
1124 21 22
1125 92 205
1126 13 694
1127 42 851
1128 5 714
1129 52 519
1130 71 109
1131 42 166
1132 46 378
1133 38 852
1134 79 303
1135 42 754
1136 89 590
1137 65 177
1138 14 146
1139 1 804
1140 42 742
1141 78 583
1142 19 914
1143 39 838
1144 54 556
1145 52 637
1146 87 1000
1147 44 127
1148 64 16
1149 72 591
1150 73 600
1151 10 953
1152 47 500
1153 29 161
1154 92 879
1155 84 201
1156 95 325
1157 79 828
1158 42 880
1159 88 769
1160 60 478
1161 11 510
1162 11 54
1163 97 570
1164 90 585
1165 94 663
1166 85 966
1167 52 211
1168 39 73
1169 83 328
1170 25 645
1171 8 564
1172 5 298
1173 11 945
1174 56 909
1175 3 239
1176 29 733
1177 32 354
1178 88 633
1179 27 333
1180 43 162
1181 56 783
1182 41 750
1183 39 808
1184 95 793
1185 64 882
1186 22 139
1187 3 839
1188 60 645
1189 13 85
1190 74 953
1191 24 400
1192 58 323
1193 15 470
1194 94 751
1195 82 51
1196 84 279
1197 31 512
1198 16 415
1199 23 463
1200 44 416
1201 12 774
1202 42 126
1203 56 811
1204 42 548
1205 12 761
1206 39 689
1207 64 962
1208 48 119
1209 10 956
1210 7 115
1211 31 440
1212 31 794
1213 9 611
1214 74 707
1215 74 862
1216 57 243
1217 14 875
1218 76 243
1219 24 656
1220 16 882
1221 83 333
1222 8 384
1223 5 811
1224 38 977
1225 67 328
1226 46 58
1227 2 846
1228 63 351
1229 18 34
1230 74 240
1231 61 990
1232 53 21
1233 33 327
1234 90 287
1235 40 947
1236 11 282
1237 97 452
1238 65 157
1239 93 335
1240 92 636
1241 29 495
1242 24 746
1243 40 625
1244 79 756
1245 11 725
1246 29 234
1247 83 869
1248 82 646
1249 78 776
1250 92 133
1251 84 113
1252 58 157
1253 25 977
1254 63 785
1255 11 357
1256 39 614
1257 76 308
1258 88 987
1259 97 584
1260 14 526
1261 60 255
1262 33 724
1263 64 47
1264 80 849
1265 50 944
1266 76 254
1267 35 536
1268 43 668
1269 70 184
1270 53 531
1271 13 784
1272 2 117
1273 26 747
1274 45 353
1275 14 147
1276 85 510
1277 88 296
1278 55 551
1279 90 974
1280 4 528
1281 66 322
1282 69 614
1283 28 298
1284 82 317
1285 47 871
1286 14 660
1287 53 554
1288 30 871
1289 71 728
1290 28 477
1291 44 664
1292 65 155
1293 27 850
1294 6 743
1295 92 270
1296 50 878
1297 77 484
1298 54 854
1299 79 306
1300 98 497
1301 91 683
1302 88 878
1303 99 528
1304 3 181
1305 38 874
1306 16 268
1307 78 341
1308 54 494
1309 83 389
1310 78 974
1311 46 944
1312 54 555
1313 6 285
1314 91 827
1315 66 519
1316 62 58
1317 70 320
1318 23 242
1319 77 747
1320 91 968
1321 29 933
1322 74 579
1323 37 381
1324 3 92
1325 96 10
1326 52 535
1327 77 160
1328 95 823
1329 52 387
1330 43 447
1331 49 640
1332 76 951
1333 38 682
1334 11 180
1335 59 921
1336 15 164
1337 7 270
1338 62 599
1339 89 184
1340 23 68
1341 2 675
1342 92 147
1343 6 200
1344 9 885
1345 68 777
1346 93 947
1347 24 258
1348 44 72
1349 92 580
1350 89 81
1351 17 423
1352 69 313
1353 74 75
1354 51 683
1355 42 825
1356 29 650
1357 87 816
1358 53 576
1359 89 981
1360 15 113
1361 77 643
1362 97 640
1363 64 827
1364 47 574
1365 39 811
1366 20 621
1367 61 320
1368 45 310
1369 35 104
1370 82 392
1371 12 148
1372 99 330
1373 76 346
1374 65 14
1375 19 530
1376 34 90
1377 7 398
1378 70 97
1379 92 21
1380 52 279
1381 1 173
1382 57 371
1383 12 481
1384 38 689
1385 27 13
1386 17 61
1387 8 70
1388 89 933
1389 58 643
1390 9 434
1391 34 173
1392 28 742
1393 85 999
1394 9 298
1395 63 664
1396 78 462
1397 11 389
1398 7 175
1399 3 389
1400 31 484
1401 90 518
1402 47 168
1403 61 608
1404 11 929
1405 37 657
1406 82 546
1407 31 210
1408 87 313
1409 88 841
1410 54 906
1411 94 909
1412 92 768
1413 78 293
1414 74 919
1415 11 83
1416 32 855
1417 45 619
1418 37 859
1419 2 274
1420 83 360
1421 82 64
1422 57 327
1423 21 756
1424 97 657
1425 90 23
1426 11 792
1427 23 741
1428 98 479
1429 56 922
1430 57 287
1431 97 884
1432 37 724
1433 98 859
1434 89 501
1435 46 358
1436 100 880
1437 52 382
1438 56 917
1439 81 213
1440 88 564
1441 67 99
1442 91 100
1443 62 615
1444 6 39
1445 24 147
1446 10 430
1447 73 144
1448 85 423
1449 49 75
1450 14 571
1451 57 195
1452 68 857
1453 86 466
1454 2 341
1455 54 854
1456 6 571
1457 81 132
1458 34 237
1459 41 455
1460 66 587
1461 34 216
1462 38 698
1463 94 210
1464 61 431
1465 65 248
1466 18 481
1467 68 888
1468 21 400
1469 20 135
1470 76 632
1471 57 389
1472 75 267
1473 15 847
1474 36 360
1475 26 411
1476 78 39
1477 21 301
1478 20 579
1479 16 465
1480 77 25
1481 21 571
1482 33 888
1483 100 809
1484 80 170
1485 79 348
1486 27 948
1487 58 793
1488 43 498
1489 82 128
1490 32 286
1491 32 719
1492 11 737
1493 3 692
1494 83 440
1495 56 107
1496 57 898
1497 51 559
1498 34 625
1499 76 926
1500 100 539
1501 93 40
1502 19 318
1503 92 679
1504 90 936
1505 29 201
1506 3 244
1507 22 849
1508 52 442
1509 95 524
1510 74 632
1511 72 969
1512 92 63
1513 24 112
1514 1 307
1515 92 755
1516 65 986
1517 37 955
1518 75 541
1519 40 162
1520 90 520
1521 46 679
1522 8 198
1523 94 412
1524 30 148
1525 73 731
1526 98 484
1527 62 208
1528 47 702
1529 83 760
1530 2 222
1531 51 280
1532 53 103
1533 77 709
1534 75 884
1535 44 122
1536 17 408
1537 17 724
1538 76 902
1539 62 303
1540 81 434
1541 35 188
1542 88 63
1543 72 749
1544 37 447
1545 97 792
1546 100 305
1547 55 6
1548 83 25
1549 68 743
1550 14 491
1551 87 436
1552 57 615
1553 19 492
1554 75 43
1555 31 654
1556 64 684
1557 42 225
1558 5 56
1559 16 320
1560 50 774
1561 56 655
1562 16 276
1563 4 396
1564 94 976
1565 79 184
1566 37 985
1567 39 133
1568 78 294
1569 14 800
1570 47 496
1571 2 673
1572 89 162
1573 34 846
1574 93 145
1575 80 751
1576 17 366
1577 44 57
1578 58 537
1579 70 204
1580 81 316
1581 45 879
1582 69 162
1583 84 679
1584 17 899
1585 13 643
1586 26 309
1587 14 50
1588 37 740
1589 97 295
1590 11 750
1591 33 388
1592 73 309
1593 25 602
1594 43 472
1595 17 493
1596 15 772
1597 77 278
1598 68 528
1599 82 950
1600 98 546
1601 42 337
1602 36 185
1603 34 217
1604 3 488
1605 13 538
1606 66 612
1607 13 93
1608 54 436
1609 24 96
1610 24 16
1611 41 145
1612 11 137
1613 100 665
1614 12 870
1615 95 382
1616 29 410
1617 57 887
1618 4 781
1619 90 224
1620 5 340
1621 27 814
1622 68 824
1623 98 623
1624 77 63
1625 20 486
1626 66 56
1627 62 919
1628 69 495
1629 70 136
1630 47 560
1631 55 707
1632 8 393
1633 7 572
1634 7 327
1635 66 83
1636 4 806
1637 46 845
1638 26 868
1639 85 648
1640 34 155
1641 80 213
1642 3 140
1643 62 98
1644 65 475
1645 15 894
1646 40 872
1647 76 393
1648 94 494
1649 36 564
1650 70 283
1651 48 277
1652 31 987
1653 12 788
1654 35 321
1655 14 283
1656 14 490
1657 66 97
1658 5 591
1659 67 760
1660 82 310
1661 68 475
1662 43 765
1663 95 941
1664 88 772
1665 50 302
1666 43 582
1667 98 695
1668 87 654
1669 60 296
1670 30 976
1671 84 846
1672 19 622
1673 75 423
1674 42 862
1675 78 554
1676 82 257
1677 88 13
1678 69 942
1679 30 228
1680 41 990
1681 58 677
1682 92 769
1683 53 873
1684 10 242
1685 85 500
1686 49 458
1687 37 810
1688 41 582
1689 75 548
1690 41 354
1691 14 962
1692 80 34
1693 75 988
1694 85 83
1695 22 92
1696 16 871
1697 29 487
1698 92 35
1699 80 775
1700 60 15
1701 39 876
1702 85 299
1703 70 929
1704 74 369
1705 9 294
1706 42 363
1707 10 294
1708 79 184
1709 48 86
1710 62 250
1711 28 504
1712 82 749
1713 75 580
1714 33 281
1715 9 502
1716 25 951
1717 52 579
1718 78 780
1719 28 665
1720 68 293
1721 85 705
1722 24 750
1723 10 92
1724 42 496
1725 60 977
1726 22 443
1727 87 154
1728 57 370
1729 98 850
1730 69 452
1731 14 928
1732 44 950
1733 38 514
1734 61 15
1735 100 437
1736 37 658
1737 7 246
1738 75 510
1739 35 828
1740 61 786
1741 55 200
1742 91 329
1743 22 128
1744 19 14
1745 78 508
1746 68 569
1747 38 467
1748 23 329
1749 12 429
1750 48 589
1751 68 982
1752 41 183
1753 61 569
1754 61 286
1755 15 597
1756 56 170
1757 40 748
1758 2 784
1759 42 902
1760 13 895
1761 28 593
1762 47 249
1763 73 163
1764 100 625
1765 74 360
1766 82 761
1767 5 214
1768 63 818
1769 2 939
1770 76 913
1771 86 160
1772 85 253
1773 22 582
1774 93 611
1775 43 32
1776 67 807
1777 43 978
1778 10 993
1779 82 192
1780 91 171
1781 72 507
1782 95 791
1783 17 317
1784 29 50
1785 77 890
1786 28 922
1787 59 322
1788 72 319
1789 13 337
1790 86 400
1791 62 145
1792 22 126
1793 75 31
1794 60 741
1795 6 158
1796 68 53
1797 100 211
1798 43 77
1799 55 142
1800 19 866
1801 46 565
1802 60 560
1803 19 115
1804 90 469
1805 62 185
1806 68 853
1807 45 944
1808 10 447
1809 72 554
1810 65 181
1811 45 807
1812 95 138
1813 8 717
1814 32 274
1815 6 99
1816 48 850
1817 83 530
1818 60 423
1819 2 947
1820 15 134
1821 12 897
1822 51 869
1823 95 501
1824 62 227
1825 65 734
1826 94 319
1827 19 320
1828 89 519
1829 97 99
1830 26 183
1831 5 360
1832 82 469
1833 64 989
1834 29 602
1835 11 244
1836 2 190
1837 47 577
1838 21 432
1839 51 757
1840 29 839
1841 65 505
1842 21 807
1843 4 671
1844 78 72
1845 12 421
1846 4 364
1847 34 150
1848 82 487
1849 43 533
1850 74 429
1851 14 894
1852 74 45
1853 28 267
1854 1 656
1855 32 554
1856 62 816
1857 100 903
1858 25 456
1859 17 413
1860 83 510
1861 28 470
1862 43 74
1863 9 530
1864 81 573
1865 73 971
1866 14 859
1867 72 215
1868 38 654
1869 25 336
1870 4 762
1871 29 561
1872 47 426
1873 30 164
1874 46 742
1875 46 375
1876 35 95
1877 29 667
1878 28 251
1879 25 515
1880 79 886
1881 96 686
1882 20 918
1883 50 626
1884 98 164
1885 32 455
1886 30 504
1887 78 176
1888 93 793
1889 86 41
1890 2 635
1891 53 347
1892 22 537
1893 81 364
1894 58 207
1895 72 103
1896 97 791
1897 30 545
1898 66 921
1899 56 307
1900 37 120
1901 98 474
1902 90 138
1903 69 949
1904 99 490
1905 64 92
1906 53 571
1907 2 52
1908 28 496
1909 2 715
1910 96 860
1911 64 541
1912 60 191
1913 36 236
1914 33 204
1915 29 233
1916 82 418
1917 12 326
1918 97 288
1919 38 485
1920 81 442
1921 11 469
1922 9 77
1923 57 120
1924 87 494
1925 93 859
1926 42 201
1927 37 162
1928 67 831
1929 32 857
1930 58 863
1931 94 362
1932 8 870
1933 94 924
1934 84 86
1935 68 925
1936 11 567
1937 21 611
1938 86 258
1939 92 624
1940 25 663
1941 87 310
1942 76 820
1943 50 239
1944 3 367
1945 46 530
1946 69 680
1947 13 569
1948 66 13
1949 79 505
1950 38 777
1951 83 285
1952 77 403
1953 74 542
1954 39 724
1955 78 87
1956 55 498
1957 36 197
1958 79 551
1959 89 16
1960 7 755
1961 100 427
1962 61 664
1963 80 692
1964 38 983
1965 86 945
1966 76 286
1967 77 956
1968 5 151
1969 83 624
1970 22 191
1971 18 89
1972 5 274
1973 1 900
1974 81 900
1975 62 842
1976 1 733
1977 52 575
1978 69 513
1979 75 726
1980 96 39
1981 49 153
1982 44 895
1983 59 587
1984 28 311
1985 96 609
1986 14 716
1987 52 526
1988 47 72
1989 84 687
1990 40 44
1991 7 838
1992 25 36
1993 8 613
1994 67 705
1995 5 624
1996 53 899
1997 46 298
1998 73 917
1999 14 675
2000 100 341
2001 54 702
2002 96 101
2003 47 992
2004 32 254
2005 46 512
2006 47 749
2007 76 254
2008 91 839
2009 33 781
2010 44 782
2011 83 729
2012 1 757
2013 4 28
2014 61 240
2015 92 122
2016 88 742
2017 78 60
2018 31 909
2019 71 195
2020 67 297
2021 38 125
2022 9 366
2023 39 881
2024 14 635
2025 6 626
2026 83 466
2027 87 652
2028 32 42
2029 38 570
2030 11 817
2031 48 900
2032 73 103
2033 58 352
2034 80 954
2035 50 674
2036 35 528
2037 98 200
2038 58 848
2039 50 687
2040 67 782
2041 15 777
2042 28 221
2043 64 159
2044 85 367
2045 11 245
2046 51 554
2047 16 87
2048 86 854
2049 29 965
2050 61 753
2051 81 578
2052 94 260
2053 24 133
2054 93 811
2055 44 368
2056 25 542
2057 59 819
2058 40 195
2059 39 348
2060 1 781
2061 37 836
2062 3 506
2063 76 158
2064 9 729
2065 90 345
2066 64 265
2067 53 83
2068 22 914
2069 14 782
2070 61 347
2071 14 831
2072 14 812
2073 74 64
2074 69 408
2075 96 307
2076 26 343
2077 71 379
2078 70 190
2079 58 592
2080 94 665
2081 57 40
2082 47 871
2083 83 80
2084 68 146
2085 51 865
2086 43 229
2087 47 156
2088 29 127
2089 87 697
2090 11 880
2091 61 738
2092 54 675
2093 64 81
2094 5 506
2095 3 895
2096 17 914
2097 54 497
2098 94 57
2099 58 341
2100 54 494
2101 62 882
2102 56 485
2103 42 100
2104 21 789
2105 64 753
2106 62 885
2107 38 202
2108 70 253
2109 52 674
2110 20 215
2111 85 261
2112 11 42
2113 62 268
2114 31 9
2115 8 929
2116 8 175
2117 86 816
2118 67 866
2119 69 459
2120 98 209
2121 9 26
2122 32 309
2123 50 970
2124 86 903
2125 68 342
2126 29 351
2127 60 15
2128 31 951
2129 96 352
2130 22 688
2131 30 745
2132 17 460
2133 45 46
2134 99 587
2135 64 887
2136 31 669
2137 41 673
2138 47 16
2139 10 974
2140 89 333
2141 12 881
2142 15 64
2143 6 696
2144 31 201
2145 40 610
2146 26 11
2147 8 876
2148 30 882
2149 48 403
2150 59 473
2151 63 201
2152 49 60
2153 20 135
2154 65 807
2155 98 290
2156 94 440
2157 93 305
2158 1 274
2159 91 486
2160 92 525
2161 97 751
2162 67 683
2163 80 406
2164 97 427
2165 94 704
2166 96 873
2167 67 503
2168 86 212
2169 26 861
2170 21 617
2171 22 644
2172 67 638
2173 5 351
2174 40 912
2175 53 804
2176 18 578
2177 92 112
2178 69 124
2179 81 21
2180 53 983
2181 80 296
2182 91 882
2183 73 990
2184 49 67
2185 3 419
2186 29 335
2187 86 570
2188 49 270
2189 46 659
2190 49 519
2191 16 499
2192 31 429
2193 2 726
2194 25 543
2195 27 941
2196 41 874
2197 47 483
2198 31 907
2199 29 774
2200 68 52
2201 23 374
2202 62 538
2203 92 227
2204 90 698
2205 19 815
2206 24 637
2207 88 238
2208 20 522
2209 42 926
2210 52 326
2211 10 413
2212 12 381
2213 40 217
2214 17 594
2215 82 143
2216 38 7
2217 72 390
2218 66 619
2219 96 647
2220 42 607
2221 43 638
2222 75 428
2223 86 40
2224 50 323
2225 12 407
2226 95 972
2227 85 427
2228 78 178
2229 18 520
2230 28 653
2231 77 256
2232 69 939
2233 72 640
2234 90 419
2235 5 747
2236 73 764
2237 75 331
2238 15 804
2239 36 404
2240 78 423
2241 55 883
2242 55 268
2243 91 471
2244 15 148
2245 20 104
2246 87 38
2247 18 320
2248 85 624
2249 33 7
2250 55 502
2251 79 785
2252 77 496
2253 75 567
2254 83 676
2255 6 904
2256 44 262
2257 57 874
2258 69 544
2259 63 892
2260 3 217
2261 35 678
2262 42 679
2263 31 118
2264 18 290
2265 82 818
2266 85 835
2267 73 33
2268 85 119
2269 62 264
2270 65 647
2271 72 738
2272 55 250
2273 52 107
2274 46 118
2275 10 765
2276 85 208
2277 88 859
2278 28 781
2279 21 873
2280 63 493
2281 47 721
2282 96 657
2283 62 781
2284 46 359
2285 52 486
2286 61 293
2287 85 687
2288 42 102
2289 3 645
2290 86 850
2291 32 134
2292 47 77
2293 68 399
2294 41 325
2295 23 957
2296 78 403
2297 35 209
2298 18 119
2299 75 443
2300 20 299
2301 61 270
2302 15 643
2303 20 477
2304 32 648
2305 24 175
2306 80 782
2307 95 669
2308 82 383
2309 67 964
2310 38 678
2311 71 797
2312 9 66
2313 15 463
2314 84 785
2315 65 842
2316 5 910
2317 88 439
2318 73 242
2319 4 592
2320 57 3
2321 74 964
2322 93 53
2323 8 411
2324 25 497
2325 28 615
2326 45 209
2327 79 728
2328 70 559
2329 84 272
2330 13 604
2331 36 934
2332 37 904
2333 73 397
2334 17 83
2335 34 242
2336 35 36
2337 96 961
2338 80 676
2339 51 338
2340 43 928
2341 52 119
2342 23 778
2343 41 967
2344 46 782
2345 39 276
2346 98 792
2347 36 848
2348 48 820
2349 25 964
2350 7 352
2351 80 816
2352 29 226
2353 46 811
2354 8 861
2355 17 252
2356 21 197
2357 40 57
2358 46 291
2359 85 764
2360 38 758
2361 86 574
2362 85 764
2363 38 40
2364 62 745
2365 43 195
2366 65 214
2367 35 661
2368 36 817
2369 72 127
2370 7 810
2371 31 499
2372 35 119
2373 67 118
2374 50 114
2375 58 585
2376 99 521
2377 60 201
2378 85 585
2379 29 376
2380 85 739
2381 11 137
2382 35 672
2383 72 505
2384 90 417
2385 6 247
2386 57 366
2387 12 228
2388 79 558
2389 98 738
2390 95 611
2391 40 535
2392 36 899
2393 27 662
2394 87 679
2395 39 18
2396 80 965
2397 22 479
2398 13 18
2399 82 958
2400 29 926
2401 46 872
2402 41 508
2403 84 182
2404 93 844
2405 38 70
2406 48 473
2407 33 49
2408 18 519
2409 50 519
2410 2 502
2411 92 711
2412 55 437
2413 64 883
2414 11 935
2415 68 74
2416 60 948
2417 33 521
2418 52 490
2419 46 763
2420 41 456
2421 24 669
2422 7 437
2423 89 368
2424 54 773
2425 92 362
2426 70 912
2427 51 508
2428 84 235
2429 86 303
2430 81 419
2431 11 124
2432 70 183
2433 86 965
2434 59 606
2435 29 127
2436 18 539
2437 40 948
2438 84 218
2439 88 783
2440 55 512
2441 46 261
2442 19 741
2443 52 778
2444 66 826
2445 23 473
2446 17 812
2447 68 949
2448 88 620
2449 55 971
2450 66 396
2451 68 193
2452 26 973
2453 82 314
2454 41 64
2455 75 682
2456 67 780
2457 99 777
2458 23 784
2459 42 418
2460 61 453
2461 38 801
2462 36 619
2463 45 892
2464 30 735
2465 18 145
2466 39 176
2467 57 708
2468 37 829
2469 79 903
2470 28 185
2471 85 156
2472 93 69
2473 47 564
2474 22 247
2475 6 499
2476 9 593
2477 35 684
2478 81 925
2479 89 993
2480 93 512
2481 88 273
2482 77 764
2483 28 20
2484 95 442
2485 19 910
2486 28 350
2487 69 281
2488 73 247
2489 84 429
2490 77 474
2491 59 509
2492 2 931
2493 89 141
2494 79 672
2495 53 312
2496 42 37
2497 19 9
2498 21 313
2499 81 273
2500 83 968
2501 35 769
2502 80 494
2503 17 967
2504 57 820
2505 34 720
2506 79 836
2507 82 958
2508 10 455
2509 44 274
2510 42 706
2511 51 585
2512 88 39
2513 54 234
2514 31 778
2515 17 348
2516 76 497
2517 59 572
2518 21 711
2519 9 213
2520 14 572
2521 99 465
2522 35 304
2523 12 241
2524 93 203
2525 77 859
2526 61 915
2527 64 429
2528 1 327
2529 29 858
2530 65 490
2531 36 962
2532 47 967
2533 23 319
2534 56 969
2535 83 11
2536 64 486
2537 20 367
2538 68 305
2539 48 225
2540 81 895
2541 16 762
2542 94 277
2543 79 221
2544 86 430
2545 89 43
2546 75 803
2547 2 58
2548 82 702
2549 14 73
2550 81 634
2551 96 674
2552 30 370
2553 100 834
2554 10 269
2555 39 204
2556 99 606
2557 84 761
2558 89 879
2559 67 76
2560 30 674
2561 18 7
2562 34 984
2563 30 694
2564 61 572
2565 4 86
2566 75 190
2567 85 680
2568 91 705
2569 17 165
2570 93 466
2571 2 962
2572 35 935
2573 31 74
2574 76 558
2575 84 471
2576 54 970
2577 10 606
2578 56 55
2579 12 111
2580 96 332
2581 72 780
2582 92 910
2583 15 217
2584 57 815
2585 3 815
2586 25 951
2587 75 320
2588 100 753
2589 20 212
2590 57 76
2591 88 229
2592 3 816
2593 65 860
2594 50 541
2595 82 685
2596 32 147
2597 41 792
2598 47 556
2599 44 594
2600 47 30
2601 72 335
2602 74 326
2603 17 726
2604 12 909
2605 16 701
2606 52 872
2607 36 199
2608 40 140
2609 38 868
2610 37 558
2611 31 441
2612 57 408
2613 22 365
2614 29 295
2615 27 214
2616 54 943
2617 36 252
2618 32 36
2619 97 764
2620 50 910
2621 30 816
2622 71 710
2623 33 783
2624 75 19
2625 46 317
2626 93 250
2627 81 682
2628 64 80
2629 70 544
2630 63 403
2631 17 245
2632 21 87
2633 11 87
2634 26 705
2635 62 238
2636 97 694
2637 33 191
2638 62 427
2639 42 315
2640 11 280
2641 88 563
2642 23 582
2643 11 581
2644 18 831
2645 93 987
2646 16 994
2647 60 750
2648 62 732
2649 25 314
2650 36 429
2651 59 623
2652 46 307
2653 22 747
2654 63 906
2655 97 219
2656 81 28
2657 89 802
2658 23 646
2659 62 888
2660 81 796
2661 82 147
2662 55 894
2663 12 670
2664 17 91
2665 89 576
2666 35 239
2667 98 707
2668 80 406
2669 86 736
2670 69 611
2671 1 758
2672 13 783
2673 23 617
2674 58 125
2675 43 430
2676 82 674
2677 43 794
2678 29 394
2679 52 566
2680 60 964
2681 69 775
2682 87 749
2683 9 194
2684 40 926
2685 68 850
2686 23 313
2687 76 198
2688 49 96
2689 9 184
2690 30 380
2691 63 23
2692 100 936
2693 28 613
2694 29 382
2695 77 882
2696 89 849
2697 93 87
2698 95 113
2699 58 406
2700 99 56
2701 21 233
2702 9 725
2703 10 999
2704 3 579
2705 92 438
2706 81 457
2707 83 16
2708 22 460
2709 51 503
2710 32 336
2711 66 535
2712 60 974
2713 93 852
2714 12 380
2715 37 866
2716 81 122
2717 61 15
2718 9 151
2719 12 595
2720 21 804
2721 90 830
2722 26 711
2723 38 327
2724 72 413
2725 98 377
2726 4 575
2727 77 37
2728 27 631
2729 11 509
2730 83 199
2731 16 252
2732 3 118
2733 78 748
2734 76 305
2735 26 358
2736 2 588
2737 57 544
2738 4 681
2739 28 943
2740 5 164
2741 28 13
2742 25 60
2743 79 491
2744 62 802
2745 10 225
2746 65 145
2747 86 150
2748 36 251
2749 16 961
2750 67 626
2751 12 784
2752 49 297
2753 1 449
2754 53 333
2755 25 34
2756 92 390
2757 2 352
2758 72 735
2759 43 85
2760 93 647
2761 69 46
2762 66 181
2763 31 269
2764 61 520
2765 73 308
2766 80 626
2767 37 79
2768 76 320
2769 100 808
2770 86 652
2771 77 817
2772 98 240
2773 89 393
2774 37 324
2775 78 632
2776 83 58
2777 81 638
2778 62 397
2779 56 925
2780 23 271
2781 28 970
2782 92 942
2783 11 383
2784 32 635
2785 6 423
2786 71 920
2787 100 299
2788 37 7
2789 85 71
2790 89 234
2791 3 428
2792 61 209
2793 39 601
2794 3 629
2795 65 77
2796 31 282
2797 13 792
2798 47 77
2799 4 705
2800 21 271
2801 31 954
2802 38 722
2803 50 461
2804 28 354
2805 79 727
2806 16 305
2807 64 848
2808 47 221
2809 67 734
2810 28 996
2811 63 451
2812 34 865
2813 81 494
2814 76 201
2815 33 977
2816 83 832
2817 33 555
2818 11 978
2819 63 817
2820 54 523
2821 75 730
2822 52 500
2823 56 248
2824 78 194
2825 46 895
2826 25 106
2827 39 914
2828 3 662
2829 71 798
2830 35 956
2831 45 398
2832 45 341
2833 76 52
2834 78 48
2835 44 394
2836 83 710
2837 81 515
2838 70 760
2839 42 594
2840 45 681
2841 72 969
2842 80 775
2843 33 826
2844 85 279
2845 95 489
2846 45 702
2847 29 830
2848 6 581
2849 78 768
2850 81 131
2851 56 947
2852 39 802
2853 60 453
2854 95 679
2855 44 219
2856 29 455
2857 18 922
2858 85 855
2859 82 317
2860 86 403
2861 87 231
2862 45 73
2863 22 792
2864 27 161
2865 24 550
2866 67 628
2867 63 798
2868 19 398
2869 82 753
2870 80 246
2871 95 445
2872 74 584
2873 100 318
2874 65 943
2875 51 973
2876 88 71
2877 33 101
2878 70 32
2879 14 160
2880 59 24
2881 32 546
2882 97 726
2883 23 676
2884 16 203
2885 29 357
2886 17 99
2887 43 399
2888 29 234
2889 76 293
2890 95 23
2891 1 866
2892 65 678
2893 28 609
2894 83 340
2895 95 945
2896 89 747
2897 80 330
2898 17 93
2899 81 332
2900 33 787
2901 85 57
2902 66 872
2903 12 636
2904 24 558
2905 83 66
2906 40 162
2907 54 672
2908 93 753
2909 92 185
2910 87 870
2911 89 281
2912 83 104
2913 53 985
2914 36 472
2915 74 145
2916 63 956
2917 19 508
2918 6 39
2919 14 407
2920 67 523
2921 77 744
2922 19 470
2923 31 597
2924 96 367
2925 65 994
2926 84 789
2927 56 218
2928 77 306
2929 99 624
2930 51 95
2931 55 96
2932 41 920
2933 68 946
2934 8 773
2935 56 761
2936 77 297
2937 17 147
2938 59 576
2939 95 367
2940 38 90
2941 79 966
2942 73 814
2943 7 110
2944 25 531
2945 4 430
2946 38 955
2947 34 459
2948 32 317
2949 15 690
2950 99 203
2951 20 900
2952 16 133
2953 78 650
2954 77 829
2955 71 619
2956 15 906
2957 93 746
2958 65 160
2959 17 760
2960 97 747
2961 6 348
2962 27 804
2963 18 853
2964 84 454
2965 98 320
2966 79 507
2967 36 517
2968 72 773
2969 57 259
2970 6 934
2971 95 889
2972 84 425
2973 56 920
2974 10 877
2975 72 771
2976 76 898
2977 100 924
2978 9 71
2979 70 475
2980 100 412
2981 77 800
2982 29 65
2983 22 147
2984 23 395
2985 74 95
2986 67 66
2987 29 982
2988 99 725
2989 40 257
2990 96 632
2991 32 134
2992 77 984
2993 77 509
2994 18 940
2995 30 705
2996 16 295
2997 8 333
2998 89 317
2999 50 276
3000 21 694
3001 76 843
3002 17 113
3003 45 94
3004 2 688
3005 73 812
3006 62 618
3007 16 674
3008 49 607
3009 78 909
3010 10 32
3011 19 718
3012 61 930
3013 72 102
3014 54 797
3015 69 978
3016 75 937
3017 13 586
3018 78 414
3019 43 639
3020 27 186
3021 4 249
3022 72 801
3023 79 204
3024 36 27
3025 17 519
3026 60 917
3027 74 244
3028 57 51
3029 62 369
3030 62 982
3031 72 234
3032 95 165
3033 81 511
3034 42 148
3035 89 994
3036 72 344
3037 15 579
3038 24 633
3039 61 618
3040 74 321
3041 81 693
3042 77 440
3043 40 677
3044 93 986
3045 50 850
3046 98 539
3047 9 742
3048 58 902
3049 98 892
3050 67 837
3051 66 620
3052 44 889
3053 50 567
3054 87 111
3055 76 487
3056 90 88
3057 83 556
3058 53 589
3059 76 769
3060 99 408
3061 58 371
3062 36 636
3063 83 592
3064 16 877
3065 46 247
3066 44 15
3067 77 327
3068 1 779
3069 61 568
3070 92 587
3071 81 65
3072 61 111
3073 88 269
3074 70 447
3075 15 236
3076 59 621
3077 34 447
3078 4 194
3079 35 444
3080 29 809
3081 7 443
3082 14 167
3083 100 866
3084 35 825
3085 74 63
3086 76 369
3087 6 870
3088 100 27
3089 45 949
3090 58 969
3091 71 715
3092 47 1000
3093 60 429
3094 65 922
3095 28 688
3096 51 675
3097 95 647
3098 50 949
3099 70 69
3100 69 880
3101 68 226
3102 17 713
3103 49 509
3104 34 418
3105 86 634
3106 34 354
3107 88 479
3108 25 762
3109 36 113
3110 17 243
3111 23 86
3112 84 355
3113 97 682
3114 100 233
3115 1 478
3116 12 211
3117 89 486
3118 86 88
3119 70 654
3120 63 866
3121 56 92
3122 80 731
3123 38 598
3124 63 574
3125 15 459
3126 49 21
3127 46 304
3128 87 425
3129 22 993
3130 45 175
3131 66 363
3132 51 763
3133 3 523
3134 43 46
3135 27 765
3136 40 248
3137 31 523
3138 61 976
3139 34 745
3140 85 635
3141 69 51
3142 95 566
3143 63 909
3144 14 439
3145 86 787
3146 4 18
3147 31 142
3148 9 808
3149 9 516
3150 72 303
3151 38 976
3152 7 43
3153 47 980
3154 67 421
3155 43 844
3156 69 644
3157 75 649
3158 74 435
3159 67 870
3160 46 443
3161 6 284
3162 28 482
3163 56 854
3164 44 188
3165 48 600
3166 99 513
3167 48 414
3168 75 272
3169 92 312
3170 7 608
3171 81 568
3172 74 930
3173 49 937
3174 60 833
3175 83 631
3176 18 677
3177 84 878
3178 40 892
3179 91 15
3180 86 721
3181 19 317
3182 39 949
3183 90 553
3184 86 740
3185 53 776
3186 64 137
3187 1 367
3188 85 100
3189 79 544
3190 77 240
3191 86 565
3192 81 702
3193 59 133
3194 6 184
3195 85 361
3196 30 864
3197 91 790
3198 93 593
3199 17 130
3200 53 44
3201 1 737
3202 45 539
3203 88 119
3204 95 779
3205 81 835
3206 35 757
3207 50 392
3208 50 629
3209 34 875
3210 89 941
3211 45 55
3212 62 581
3213 34 809
3214 86 259
3215 39 197
3216 12 587
3217 74 669
3218 74 858
3219 100 687
3220 12 526
3221 49 788
3222 47 980
3223 25 876
3224 82 122
3225 18 819
3226 91 348
3227 82 667
3228 8 804
3229 54 292
3230 81 917
3231 55 869
3232 6 96
3233 94 151
3234 21 802
3235 77 875
3236 52 172
3237 52 150
3238 9 978
3239 92 267
3240 76 114
3241 21 435
3242 7 552
3243 84 499
3244 94 560
3245 32 745
3246 26 77
3247 35 791
3248 14 178
3249 18 552
3250 33 394
3251 9 75
3252 24 280
3253 65 68
3254 50 32
3255 68 307
3256 42 450
3257 51 729
3258 9 270
3259 45 832
3260 24 886
3261 31 643
3262 36 129
3263 51 179
3264 97 988
3265 43 45
3266 32 894
3267 5 4
3268 18 1000
3269 57 176
3270 27 857
3271 44 971
3272 60 666
3273 21 820
3274 27 681
3275 77 910
3276 18 856
3277 35 111
3278 43 259
3279 49 245
3280 45 971
3281 67 459
3282 77 570
3283 25 904
3284 26 102
3285 15 289
3286 34 727
3287 57 529
3288 24 580
3289 31 984
3290 28 473
3291 24 141
3292 58 705
3293 60 277
3294 59 788
3295 85 813
3296 12 828
3297 92 228
3298 76 58
3299 44 909
3300 10 677
3301 54 626
3302 37 527
3303 57 747
3304 59 124
3305 88 334
3306 67 353
3307 50 397
3308 64 209
3309 36 890
3310 87 404
3311 75 742
3312 88 860
3313 62 468
3314 29 464
3315 16 802
3316 85 577
3317 91 684
3318 80 724
3319 42 312
3320 19 237
3321 32 330
3322 12 636
3323 92 616
3324 4 386
3325 28 883
3326 46 404
3327 77 458
3328 32 937
3329 27 800
3330 25 32
3331 26 823
3332 10 851
3333 47 444
3334 84 552
3335 39 576
3336 6 858
3337 49 303
3338 46 875
3339 97 944
3340 39 898
3341 46 613
3342 50 546
3343 35 773
3344 85 44
3345 8 603
3346 31 613
3347 46 211
3348 25 373
3349 44 69
3350 27 935
3351 74 451
3352 7 588
3353 35 858
3354 13 37
3355 10 250
3356 32 846
3357 6 941
3358 68 189
3359 95 218
3360 80 853
3361 3 850
3362 85 409
3363 5 733
3364 3 538
3365 66 501
3366 67 442
3367 100 46
3368 7 422
3369 8 774
3370 36 244
3371 52 855
3372 3 961
3373 57 23
3374 87 679
3375 77 527
3376 65 822
3377 11 229
3378 59 127
3379 99 389
3380 89 911
3381 19 205
3382 59 626
3383 1 336
3384 85 296
3385 79 308
3386 71 799
3387 13 38
3388 49 522
3389 99 470
3390 43 348
3391 94 291
3392 56 798
3393 82 525
3394 38 309
3395 10 238
3396 2 326
3397 83 384
3398 8 922
3399 65 731
3400 59 800
3401 7 522
3402 24 840
3403 90 465
3404 65 708
3405 10 37
3406 65 535
3407 76 725
3408 84 325
3409 65 61
3410 93 291
3411 100 464
3412 60 855
3413 28 762
3414 90 697
3415 11 152
3416 66 687
3417 93 987
3418 82 263
3419 67 571
3420 43 535
3421 74 416
3422 37 864
3423 43 941
3424 35 119
3425 66 684
3426 78 136
3427 10 307
3428 33 532
3429 19 132
3430 92 183
3431 37 535
3432 17 698
3433 62 849
3434 86 265
3435 77 886
3436 29 645
3437 75 503
3438 93 254
3439 31 548
3440 8 392
3441 88 851
3442 11 615
3443 83 698
3444 34 634
3445 27 338
3446 92 267
3447 62 761
3448 40 411
3449 73 7
3450 42 689
3451 34 353
3452 73 451
3453 33 829
3454 5 876
3455 39 216
3456 62 330
3457 84 881
3458 55 654
3459 18 423
3460 69 240
3461 55 289
3462 19 687
3463 15 646
3464 80 716
3465 58 566
3466 41 256
3467 100 338
3468 100 226
3469 50 937
3470 97 42
3471 6 185
3472 24 354
3473 61 606
3474 48 284
3475 39 476
3476 29 209
3477 84 989
3478 53 312
3479 40 167
3480 47 528
3481 8 343
3482 86 246
3483 64 769
3484 44 452
3485 30 818
3486 47 921
3487 76 638
3488 79 808
3489 78 864
3490 71 35
3491 78 247
3492 84 130
3493 93 160
3494 74 882
3495 94 54
3496 38 703
3497 54 686
3498 64 295
3499 86 442
3500 73 440
3501 93 864
3502 30 82
3503 66 642
3504 27 83
3505 99 938
3506 68 578
3507 63 113
3508 52 447
3509 41 433
3510 18 227
3511 44 360
3512 92 834
3513 81 583
3514 43 747
3515 49 396
3516 19 59
3517 62 777
3518 35 430
3519 20 141
3520 99 334
3521 2 823
3522 35 577
3523 27 454
3524 21 436
3525 14 4
3526 46 415
3527 74 861
3528 72 214
3529 93 43
3530 59 443
3531 16 865
3532 51 933
3533 7 114
3534 100 552
3535 83 712
3536 91 436
3537 86 381
3538 92 534
3539 45 958
3540 20 793
3541 66 157
3542 38 65
3543 90 287
3544 29 765
3545 43 475
3546 17 193
3547 30 668
3548 95 238
3549 57 279
3550 85 647
3551 89 972
3552 91 668
3553 100 179
3554 61 343
3555 3 504
3556 90 434
3557 83 920
3558 33 206
3559 75 383
3560 47 486
3561 41 77
3562 66 869
3563 96 169
3564 57 200
3565 12 542
3566 95 900
3567 86 601
3568 5 68
3569 14 428
3570 18 396
3571 30 403
3572 97 767
3573 52 287
3574 1 332
3575 95 618
3576 85 490
3577 35 862
3578 19 53
3579 75 486
3580 53 211
3581 19 554
3582 19 980
3583 42 196
3584 29 862
3585 84 382
3586 81 712
3587 16 470
3588 55 77
3589 27 986
3590 58 417
3591 18 924
3592 24 794
3593 85 97
3594 35 833
3595 93 115
3596 73 639
3597 25 415
3598 66 446
3599 85 344
3600 59 884
3601 14 725
3602 2 930
3603 96 983
3604 53 722
3605 81 546
3606 97 949
3607 19 408
3608 55 276
3609 75 679
3610 19 941
3611 23 827
3612 59 217
3613 50 234
3614 15 754
3615 16 163
3616 42 775
3617 81 265
3618 87 959
3619 76 815
3620 56 738
3621 73 233
3622 2 720
3623 26 436
3624 37 949
3625 14 336
3626 56 189
3627 3 972
3628 33 985
3629 69 489
3630 87 271
3631 37 720
3632 16 769
3633 88 525
3634 84 830
3635 52 222
3636 55 437
3637 69 673
3638 41 247
3639 77 891
3640 76 880
3641 44 591
3642 56 191
3643 15 828
3644 59 844
3645 48 650
3646 40 692
3647 75 370
3648 42 57
3649 88 772
3650 28 225
3651 53 179
3652 86 722
3653 81 335
3654 98 237
3655 34 683
3656 39 725
3657 44 541
3658 7 365
3659 26 937
3660 85 615
3661 11 948
3662 28 308
3663 82 105
3664 12 744
3665 90 563
3666 1 390
3667 43 185
3668 17 461
3669 33 727
3670 19 575
3671 72 662
3672 45 699
3673 79 122
3674 35 537
3675 7 387
3676 28 58
3677 54 878
3678 63 445
3679 42 850
3680 31 531
3681 51 917
3682 40 390
3683 12 111
3684 34 135
3685 5 718
3686 95 970
3687 22 243
3688 29 697
3689 82 214
3690 45 236
3691 53 655
3692 59 722
3693 61 358
3694 36 394
3695 67 724
3696 37 654
3697 6 493
3698 47 163
3699 45 508
3700 62 450
3701 55 555
3702 70 805
3703 22 137
3704 85 526
3705 81 977
3706 78 438
3707 77 616
3708 84 255
3709 88 172
3710 51 436
3711 10 450
3712 9 854
3713 5 465
3714 12 151
3715 98 346
3716 26 978
3717 34 213
3718 40 773
3719 84 37
3720 85 676
3721 80 614
3722 41 465
3723 26 612
3724 56 411
3725 87 282
3726 85 541
3727 54 284
3728 29 529
3729 83 109
3730 10 674
3731 64 503
3732 22 682
3733 35 458
3734 63 636
3735 8 643
3736 90 348
3737 56 276
3738 31 380
3739 99 130
3740 4 864
3741 11 140
3742 41 660
3743 94 214
3744 11 680
3745 91 950
3746 50 635
3747 65 172
3748 16 953
3749 14 732
3750 44 495
3751 22 625
3752 32 659
3753 53 938
3754 89 972
3755 91 918
3756 32 216
3757 54 928
3758 70 248
3759 100 695
3760 67 520
3761 86 617
3762 15 337
3763 10 144
3764 34 824
3765 63 990
3766 10 537
3767 84 349
3768 13 953
3769 31 725
3770 51 240
3771 62 832
3772 20 356
3773 81 457
3774 96 295
3775 74 610
3776 96 29
3777 77 486
3778 91 203
3779 100 497
3780 34 615
3781 76 758
3782 3 683
3783 64 472
3784 59 148
3785 63 613
3786 84 977
3787 61 4
3788 2 846
3789 46 334
3790 20 815
3791 93 694
3792 89 673
3793 36 228
3794 85 627
3795 84 387
3796 40 641
3797 89 62
3798 42 877
3799 65 923
3800 10 858
3801 53 950
3802 10 927
3803 51 344
3804 26 106
3805 28 485
3806 28 608
3807 29 900
3808 13 108
3809 66 460
3810 97 751
3811 46 801
3812 53 874
3813 10 195
3814 60 623
3815 29 587
3816 5 558
3817 21 512
3818 65 180
3819 67 265
3820 37 120
3821 22 566
3822 78 394
3823 48 855
3824 15 229
3825 44 503
3826 92 255
3827 28 227
3828 56 767
3829 94 421
3830 33 951
3831 25 469
3832 23 324
3833 22 613
3834 10 746
3835 27 663
3836 7 498
3837 46 677
3838 90 252
3839 50 846
3840 17 173
3841 86 762
3842 66 820
3843 20 765
3844 6 762
3845 98 645
3846 87 38
3847 51 800
3848 9 596
3849 19 492
3850 9 575
3851 43 743
3852 72 192
3853 55 553
3854 52 840
3855 41 123
3856 5 573
3857 45 859
3858 2 745
3859 44 540
3860 41 329
3861 79 779
3862 81 534
3863 40 231
3864 16 56
3865 62 534
3866 64 673
3867 19 507
3868 35 356
3869 30 877
3870 50 417
3871 47 612
3872 58 494
3873 40 142
3874 95 687
3875 97 799
3876 71 401
3877 59 941
3878 2 19
3879 40 905
3880 34 901
3881 47 817
3882 81 207
3883 55 145
3884 86 285
3885 77 742
3886 68 261
3887 5 791
3888 4 161
3889 72 112
3890 84 501
3891 85 48
3892 38 690
3893 96 959
3894 31 409
3895 56 904
3896 14 378
3897 91 280
3898 71 710
3899 77 370
3900 1 196
3901 77 614
3902 70 239
3903 43 929
3904 39 316
3905 79 631
3906 50 119
3907 23 515
3908 43 585
3909 53 502
3910 58 142
3911 56 818
3912 5 637
3913 95 829
3914 49 508
3915 64 439
3916 90 320
3917 45 673
3918 84 668
3919 77 52
3920 84 732
3921 16 838
3922 64 910
3923 44 761
3924 30 460
3925 17 158
3926 27 300
3927 60 227
3928 9 573
3929 21 208
3930 48 301
3931 35 282
3932 20 499
3933 22 529
3934 56 984
3935 60 240
3936 23 590
3937 46 597
3938 57 350
3939 73 34
3940 67 102
3941 70 722
3942 71 700
3943 46 925
3944 19 531
3945 18 848
3946 65 238
3947 88 427
3948 82 899
3949 72 998
3950 17 477
3951 96 384
3952 25 905
3953 42 155
3954 69 665
3955 84 802
3956 3 901
3957 72 595
3958 3 886
3959 28 488
3960 12 298
3961 93 609
3962 24 308
3963 13 619
3964 12 400
3965 59 403
3966 48 7
3967 55 313
3968 77 208
3969 82 552
3970 5 65
3971 92 206
3972 21 782
3973 43 601
3974 82 865
3975 92 863
3976 54 162
3977 99 103
3978 27 532
3979 22 497
3980 68 787
3981 76 291
3982 95 416
3983 69 203
3984 88 370
3985 7 389
3986 84 170
3987 86 577
3988 99 41
3989 75 142
3990 22 729
3991 67 262
3992 68 172
3993 6 557
3994 78 799
3995 30 58
3996 71 784
3997 41 737
3998 57 273
3999 94 441
4000 57 995
4001 5 551
4002 78 734
4003 21 240
4004 55 418
4005 23 943
4006 33 610
4007 22 788
4008 11 965
4009 80 733
4010 88 782
4011 67 326
4012 79 206
4013 54 830
4014 66 173
4015 60 430
4016 75 790
4017 79 160
4018 7 681
4019 87 855
4020 18 284
4021 55 935
4022 18 237
4023 6 361
4024 72 128
4025 37 726
4026 2 130
4027 8 772
4028 93 424
4029 9 635
4030 28 113
4031 33 430
4032 33 766
4033 19 118
4034 17 429
4035 32 294
4036 88 798
4037 79 374
4038 95 620
4039 16 412
4040 55 969
4041 49 389
4042 13 241
4043 7 874
4044 12 11
4045 78 906
4046 74 699
4047 44 334
4048 20 355
4049 60 761
4050 52 612
4051 49 716
4052 36 914
4053 29 840
4054 84 560
4055 43 430
4056 29 859
4057 35 926
4058 46 157
4059 69 875
4060 46 634
4061 26 566
4062 82 484
4063 51 106
4064 37 945
4065 76 150
4066 80 44
4067 8 935
4068 17 739
4069 39 895
4070 85 214
4071 62 786
4072 92 977
4073 44 840
4074 39 801
4075 87 84
4076 55 207
4077 32 493
4078 83 231
4079 11 357
4080 63 12
4081 97 975
4082 38 734
4083 86 823
4084 58 399
4085 34 836
4086 33 648
4087 85 581
4088 10 424
4089 41 537
4090 69 51
4091 55 543
4092 19 40
4093 88 827
4094 22 628
4095 81 242
4096 15 426
4097 31 929
4098 85 80
4099 56 693
4100 41 166
4101 23 675
4102 26 876
4103 83 252
4104 8 932
4105 49 799
4106 58 657
4107 76 376
4108 42 444
4109 36 936
4110 60 334
4111 59 674
4112 52 932
4113 24 583
4114 81 818
4115 29 989
4116 27 850
4117 88 356
4118 40 993
4119 61 90
4120 41 718
4121 24 690
4122 99 655
4123 54 114
4124 41 540
4125 97 337
4126 83 649
4127 62 817
4128 30 543
4129 88 69
4130 16 317
4131 21 927
4132 25 398
4133 13 787
4134 40 706
4135 100 994
4136 16 833
4137 19 398
4138 55 886
4139 50 627
4140 63 416
4141 44 829
4142 100 800
4143 99 87
4144 42 733
4145 64 754
4146 65 913
4147 93 966
4148 13 827
4149 12 219
4150 96 343
4151 24 108
4152 87 389
4153 16 45
4154 14 554
4155 67 711
4156 12 203
4157 73 829
4158 8 885
4159 69 643
4160 57 479
4161 11 479
4162 8 311
4163 22 800
4164 85 803
4165 75 877
4166 1 293
4167 5 5
4168 39 459
4169 47 620
4170 33 973
4171 22 385
4172 73 230
4173 70 326
4174 86 15
4175 19 664
4176 70 48
4177 24 754
4178 63 70
4179 24 981
4180 8 159
4181 56 114
4182 97 421
4183 93 903
4184 87 450
4185 2 945
4186 80 722
4187 83 50
4188 55 55
4189 63 592
4190 5 578
4191 92 630
4192 31 683
4193 91 847
4194 44 819
4195 46 102
4196 96 574
4197 37 206
4198 28 921
4199 82 116
4200 29 918
4201 18 305
4202 72 429
4203 14 430
4204 90 314
4205 97 437
4206 17 136
4207 63 606
4208 44 321
4209 97 930
4210 78 678
4211 80 401
4212 89 485
4213 60 492
4214 49 715
4215 100 245
4216 68 692
4217 10 614
4218 30 82
4219 11 121
4220 73 866
4221 48 171
4222 17 247
4223 100 123
4224 15 155
4225 58 724
4226 60 574
4227 45 822
4228 27 399
4229 2 982
4230 42 350
4231 61 518
4232 61 474
4233 45 294
4234 47 566
4235 88 146
4236 38 700
4237 97 623
4238 93 334
4239 51 592
4240 63 520
4241 70 173
4242 78 43
4243 40 844
4244 45 794
4245 82 744
4246 69 980
4247 100 827
4248 56 482
4249 91 949
4250 3 167
4251 83 228
4252 73 183
4253 37 362
4254 51 67
4255 50 493
4256 10 676
4257 1 839
4258 16 377
4259 44 11
4260 53 173
4261 93 23
4262 83 87
4263 6 348
4264 72 980
4265 62 259
4266 73 232
4267 50 510
4268 2 557
4269 31 972
4270 59 538
4271 89 522
4272 53 676
4273 63 170
4274 39 480
4275 71 27
4276 26 793
4277 65 720
4278 66 296
4279 88 918
4280 12 938
4281 68 228
4282 66 592
4283 42 998
4284 30 18
4285 74 996
4286 31 113
4287 93 847
4288 38 701
4289 19 699
4290 74 115
4291 6 149
4292 44 668
4293 96 853
4294 39 682
4295 79 882
4296 33 684
4297 74 874
4298 7 359
4299 68 904
4300 64 286
4301 19 318
4302 55 472
4303 48 954
4304 11 871
4305 62 417
4306 3 986
4307 19 203
4308 61 748
4309 29 172
4310 76 665
4311 99 496
4312 32 440
4313 82 509
4314 63 140
4315 40 424
4316 50 305
4317 97 36
4318 65 686
4319 62 686
4320 88 373
4321 93 468
4322 41 338
4323 73 390
4324 45 833
4325 97 582
4326 87 944
4327 51 130
4328 32 755
4329 63 281
4330 30 734
4331 4 69
4332 46 7
4333 54 564
4334 27 584
4335 63 645
4336 71 72
4337 35 396
4338 86 151
4339 83 663
4340 54 498
4341 41 798
4342 18 865
4343 49 295
4344 62 855
4345 94 639
4346 86 864
4347 100 598
4348 63 125
4349 29 495
4350 80 538
4351 15 667
4352 100 693
4353 40 959
4354 76 613
4355 4 642
4356 30 887
4357 8 894
4358 14 632
4359 83 577
4360 9 421
4361 86 800
4362 1 9
4363 60 132
4364 88 388
4365 1 962
4366 47 478
4367 2 854
4368 93 827
4369 90 428
4370 12 406
4371 79 889
4372 47 641
4373 90 481
4374 93 841
4375 15 602
4376 37 501
4377 25 697
4378 93 774
4379 53 401
4380 78 342
4381 89 54
4382 30 296
4383 83 880
4384 44 213
4385 28 179
4386 94 130
4387 44 728
4388 76 899
4389 64 115
4390 98 320
4391 54 939
4392 43 151
4393 55 172
4394 80 370
4395 42 532
4396 48 262
4397 52 593
4398 10 10
4399 49 788
4400 78 415
4401 13 228
4402 57 302
4403 94 764
4404 5 571
4405 67 31
4406 23 566
4407 96 69
4408 33 537
4409 73 227
4410 92 204
4411 86 129
4412 9 425
4413 45 352
4414 40 612
4415 10 417
4416 13 89
4417 57 733
4418 58 379
4419 13 511
4420 78 787
4421 74 376
4422 87 187
4423 28 802
4424 79 765
4425 84 313
4426 18 490
4427 3 427
4428 1 351
4429 1 23
4430 44 628
4431 55 80
4432 99 801
4433 17 595
4434 96 721
4435 51 605
4436 87 390
4437 74 411
4438 31 842
4439 39 852
4440 23 319
4441 62 397
4442 95 365
4443 43 599
4444 58 475
4445 5 313
4446 61 453
4447 1 810
4448 10 415
4449 52 108
4450 77 723
4451 7 584
4452 71 675
4453 6 934
4454 31 186
4455 66 218
4456 2 945
4457 83 701
4458 95 890
4459 87 31
4460 5 750
4461 70 779
4462 78 258
4463 25 921
4464 63 326
4465 70 910
4466 29 505
4467 35 746
4468 77 890
4469 79 50
4470 7 309
4471 83 668
4472 6 278
4473 2 424
4474 22 759
4475 1 461
4476 31 421
4477 65 28
4478 58 253
4479 38 319
4480 59 41
4481 6 479
4482 5 536
4483 32 657
4484 52 704
4485 64 930
4486 65 94
4487 52 844
4488 78 524
4489 89 55
4490 21 300
4491 14 642
4492 95 562
4493 37 648
4494 65 135
4495 3 706
4496 66 148
4497 64 156
4498 84 656
4499 2 335
4500 37 296
4501 42 724
4502 37 675
4503 34 343
4504 66 169
4505 1 854
4506 32 369
4507 2 956
4508 1 263
4509 67 546
4510 79 146
4511 38 402
4512 22 130
4513 43 892
4514 45 430
4515 40 787
4516 23 49
4517 12 420
4518 95 590
4519 27 920
4520 81 619
4521 34 31
4522 83 103
4523 59 155
4524 84 373
4525 3 445
4526 81 131
4527 1 544
4528 80 841
4529 20 863
4530 82 527
4531 45 991
4532 91 158
4533 75 466
4534 74 125
4535 80 406
4536 60 925
4537 94 322
4538 86 3
4539 23 931
4540 1 343
4541 30 31
4542 19 663
4543 27 353
4544 12 35
4545 53 253
4546 95 167
4547 26 632
4548 23 937
4549 87 735
4550 38 545
4551 91 245
4552 42 948
4553 52 360
4554 14 4
4555 63 55
4556 11 905
4557 56 290
4558 46 25
4559 61 400
4560 84 967
4561 91 19
4562 2 142
4563 84 177
4564 77 293
4565 11 237
4566 48 771
4567 86 87
4568 57 585
4569 73 264
4570 24 342
4571 96 897
4572 88 647
4573 33 13
4574 3 502
4575 24 482
4576 15 490
4577 98 435
4578 45 907
4579 43 636
4580 42 996
4581 100 935
4582 95 50
4583 16 848
4584 79 246
4585 38 522
4586 78 22
4587 65 716
4588 44 890
4589 28 978
4590 41 577
4591 7 533
4592 6 675
4593 95 849
4594 88 95
4595 48 568
4596 19 548
4597 16 333
4598 7 11
4599 9 572
4600 7 532
4601 1 737
4602 4 941
4603 22 617
4604 58 558
4605 96 944
4606 71 939
4607 94 441
4608 12 778
4609 54 773
4610 22 244
4611 7 238
4612 12 957
4613 4 988
4614 54 442
4615 38 311
4616 94 604
4617 34 53
4618 73 324
4619 75 532
4620 15 998
4621 30 904
4622 94 292
4623 30 651
4624 84 603
4625 57 254
4626 71 816
4627 74 845
4628 100 497
4629 50 612
4630 34 102
4631 3 546
4632 97 895
4633 9 606
4634 94 941
4635 74 190
4636 63 255
4637 13 502
4638 95 505
4639 24 541
4640 54 960
4641 15 589
4642 43 68
4643 73 506
4644 51 56
4645 72 963
4646 79 39
4647 25 964
4648 49 567
4649 30 337
4650 23 620
4651 13 743
4652 76 532
4653 85 301
4654 68 618
4655 100 182
4656 52 237
4657 6 271
4658 52 630
4659 37 574
4660 74 443
4661 61 159
4662 64 347
4663 95 97
4664 21 22
4665 95 327
4666 72 519
4667 87 116
4668 18 240
4669 72 454
4670 13 995
4671 80 664
4672 21 739
4673 63 763
4674 63 736
4675 8 935
4676 49 495
4677 64 975
4678 35 366
4679 51 868
4680 60 493
4681 7 993
4682 58 388
4683 56 227
4684 82 655
4685 2 148
4686 18 85
4687 8 276
4688 60 71
4689 4 90
4690 31 797
4691 33 503
4692 97 406
4693 88 107
4694 71 853
4695 42 777
4696 44 893
4697 16 70
4698 11 15
4699 27 937
4700 71 865
4701 3 599
4702 21 528
4703 2 262
4704 77 939
4705 9 835
4706 33 431
4707 89 275
4708 86 756
4709 20 786
4710 81 561
4711 36 135
4712 26 32
4713 61 931
4714 48 43
4715 21 344
4716 27 286
4717 36 35
4718 26 225
4719 40 695
4720 17 804
4721 98 105
4722 10 188
4723 68 318
4724 85 457
4725 44 964
4726 95 250
4727 4 790
4728 61 544
4729 28 425
4730 20 137
4731 18 114
4732 65 674
4733 55 307
4734 44 478
4735 42 596
4736 100 14
4737 6 127
4738 1 402
4739 78 980
4740 39 12
4741 2 930
4742 8 131
4743 1 228
4744 13 413
4745 77 373
4746 24 460
4747 11 78
4748 87 988
4749 20 903
4750 19 212
4751 71 660
4752 93 536
4753 53 802
4754 3 166
4755 56 110
4756 43 862
4757 6 56
4758 15 608
4759 29 607
4760 29 443
4761 35 421
4762 24 367
4763 9 327
4764 8 414
4765 59 213
4766 61 403
4767 28 821
4768 29 641
4769 84 18
4770 95 75
4771 40 328
4772 68 178
4773 75 639
4774 6 60
4775 98 497
4776 38 723
4777 88 641
4778 61 416
4779 19 6
4780 27 406
4781 61 41
4782 40 669
4783 96 11
4784 29 412
4785 24 950
4786 62 775
4787 86 755
4788 57 858
4789 63 377
4790 46 175
4791 44 121
4792 13 205
4793 1 290
4794 10 922
4795 67 294
4796 55 33
4797 25 764
4798 25 992
4799 49 293
4800 65 738
4801 8 121
4802 94 17
4803 72 710
4804 68 140
4805 61 625
4806 85 657
4807 48 845
4808 16 944
4809 36 667
4810 16 449
4811 35 133
4812 90 665
4813 56 779
4814 78 194
4815 85 558
4816 24 737
4817 36 466
4818 16 388
4819 94 95
4820 96 87
4821 38 741
4822 29 932
4823 23 45
4824 28 635
4825 85 256
4826 94 575
4827 25 478
4828 68 722
4829 81 842
4830 84 26
4831 5 3
4832 1 376
4833 69 174
4834 57 302
4835 39 562
4836 36 746
4837 35 276
4838 21 62
4839 60 33
4840 43 643
4841 86 496
4842 44 84
4843 56 15
4844 31 256
4845 82 694
4846 62 892
4847 85 449
4848 44 328
4849 47 250
4850 8 992
4851 2 271
4852 49 980
4853 44 62
4854 24 343
4855 2 765
4856 75 425
4857 93 343
4858 29 807
4859 97 170
4860 38 90
4861 91 793
4862 3 135
4863 90 350
4864 11 304
4865 30 860
4866 69 643
4867 89 891
4868 37 292
4869 85 374
4870 74 366
4871 41 115
4872 49 246
4873 53 673
4874 53 69
4875 34 919
4876 63 292
4877 20 242
4878 74 110
4879 64 74
4880 33 742
4881 72 431
4882 54 345
4883 51 812
4884 43 617
4885 99 349
4886 30 716
4887 37 428
4888 33 774
4889 78 813
4890 92 555
4891 96 718
4892 32 445
4893 59 184
4894 83 926
4895 100 896
4896 19 437
4897 23 47
4898 5 555
4899 24 271
4900 88 515
4901 89 669
4902 81 409
4903 91 473
4904 34 987
4905 22 369
4906 31 820
4907 95 885
4908 28 733
4909 36 739
4910 70 548
4911 18 837
4912 7 427
4913 28 911
4914 71 67
4915 69 311
4916 100 349
4917 75 96
4918 30 32
4919 97 787
4920 24 392
4921 17 351
4922 6 145
4923 54 359
4924 6 146
4925 64 955
4926 18 67
4927 88 499
4928 68 319
4929 47 527
4930 43 454
4931 53 396
4932 12 565
4933 84 891
4934 67 808
4935 91 257
4936 91 763
4937 29 568
4938 49 455
4939 59 72
4940 97 398
4941 40 698
4942 79 396
4943 64 771
4944 10 739
4945 39 276
4946 83 252
4947 37 837
4948 93 36
4949 4 683
4950 31 184
4951 2 320
4952 22 793
4953 6 502
4954 44 25
4955 42 69
4956 95 49
4957 36 565
4958 26 569
4959 54 50
4960 45 4
4961 19 961
4962 73 36
4963 21 100
4964 16 598
4965 59 31
4966 81 246
4967 43 872
4968 63 692
4969 30 98
4970 16 400
4971 70 148
4972 95 328
4973 15 575
4974 98 886
4975 35 661
4976 59 337
4977 91 687
4978 98 772
4979 12 836
4980 84 992
4981 41 420
4982 90 419
4983 1 385
4984 61 790
4985 86 467
4986 33 548
4987 32 302
4988 1 123
4989 72 971
4990 31 419
4991 49 472
4992 8 200
4993 98 792
4994 86 628
4995 58 622
4996 57 485
4997 88 267
4998 19 102
4999 72 380
5000 41 600
5001 30 543
5002 80 627
5003 48 771
5004 94 38
5005 98 215
5006 52 784
5007 58 347
5008 94 400
5009 84 693
5010 37 27
5011 56 669
5012 56 104
5013 55 584
5014 5 995
5015 14 717
5016 57 309
5017 11 382
5018 54 282
5019 50 621
5020 13 460
5021 31 354
5022 60 303
5023 19 3
5024 52 798
5025 69 968
5026 67 886
5027 55 15
5028 94 913
5029 40 685
5030 100 153
5031 20 816
5032 68 512
5033 47 312
5034 12 68
5035 46 760
5036 51 850
5037 52 277
5038 18 814
5039 27 491
5040 55 332
5041 79 315
5042 53 151
5043 54 543
5044 40 894
5045 85 12
5046 63 881
5047 91 579
5048 93 56
5049 7 909
5050 14 187
5051 68 55
5052 9 480
5053 90 143
5054 2 147
5055 67 744
5056 18 828
5057 54 498
5058 81 626
5059 81 507
5060 31 940
5061 41 964
5062 39 398
5063 56 513
5064 59 798
5065 23 588
5066 6 499
5067 25 512
5068 77 3
5069 65 873
5070 40 521
5071 35 945
5072 35 812
5073 45 856
5074 23 809
5075 7 149
5076 96 391
5077 25 664
5078 98 976
5079 26 125
5080 61 559
5081 33 40
5082 49 666
5083 75 997
5084 35 878
5085 82 589
5086 98 327
5087 92 124
5088 23 988
5089 20 712
5090 72 457
5091 31 808
5092 80 212
5093 11 261
5094 89 936
5095 97 220
5096 78 661
5097 70 529
5098 81 924
5099 5 307
5100 51 118
5101 94 362
5102 62 357
5103 42 957
5104 34 755
5105 8 134
5106 47 85
5107 11 961
5108 40 843
5109 30 316
5110 64 45
5111 28 188
5112 2 845
5113 32 40
5114 60 91
5115 71 610
5116 68 906
5117 89 746
5118 61 525
5119 52 886
5120 75 651
5121 71 387
5122 75 26
5123 59 416
5124 59 409
5125 93 184
5126 17 264
5127 70 197
5128 28 124
5129 82 691
5130 62 278
5131 86 191
5132 70 77
5133 68 614
5134 14 729
5135 19 149
5136 25 208
5137 42 70
5138 13 302
5139 51 994
5140 38 588
5141 3 956
5142 48 156
5143 67 685
5144 42 634
5145 65 157
5146 97 185
5147 62 220
5148 6 892
5149 55 703
5150 52 421
5151 23 168
5152 98 686
5153 6 707
5154 19 592
5155 59 410
5156 16 231
5157 91 483
5158 12 580
5159 6 108
5160 94 846
5161 100 893
5162 29 545
5163 18 157
5164 86 805
5165 68 854
5166 49 768
5167 58 860
5168 66 102
5169 55 178
5170 37 607
5171 67 453
5172 60 849
5173 35 958
5174 84 740
5175 17 597
5176 93 548
5177 89 293
5178 83 701
5179 10 164
5180 61 87
5181 29 533
5182 98 37
5183 64 956
5184 42 388
5185 85 55
5186 100 770
5187 75 315
5188 20 491
5189 10 926
5190 18 464
5191 96 602
5192 2 127
5193 34 744
5194 59 373
5195 34 572
5196 100 653
5197 55 336
5198 17 379
5199 80 296
5200 24 175
5201 21 556
5202 22 322
5203 95 524
5204 70 239
5205 67 659
5206 59 589
5207 40 360
5208 52 525
5209 8 852
5210 64 629
5211 9 764
5212 19 353
5213 61 21
5214 78 27
5215 60 875
5216 15 260
5217 93 800
5218 46 173
5219 68 151
5220 78 495
5221 85 209
5222 63 621
5223 93 384
5224 27 842
5225 48 251
5226 42 399
5227 27 829
5228 74 655
5229 76 895
5230 21 632
5231 74 223
5232 26 633
5233 6 378
5234 72 984
5235 37 210
5236 86 824
5237 42 763
5238 10 679
5239 95 520
5240 81 558
5241 69 632
5242 47 597
5243 32 179
5244 67 157
5245 30 441
5246 79 622
5247 38 587
5248 61 950
5249 37 74
5250 70 17
5251 43 575
5252 13 345
5253 71 263
5254 9 840
5255 66 565
5256 94 311
5257 80 499
5258 65 818
5259 91 663
5260 23 737
5261 62 756
5262 50 254
5263 17 930
5264 48 995
5265 84 16
5266 99 487
5267 85 284
5268 37 824
5269 74 769
5270 47 945
5271 81 860
5272 61 531
5273 44 882
5274 89 67
5275 60 509
5276 27 316
5277 52 366
5278 62 572
5279 90 110
5280 3 721
5281 15 747
5282 51 492
5283 90 351
5284 22 430
5285 5 208
5286 92 259
5287 27 672
5288 6 29
5289 59 825
5290 53 565
5291 19 134
5292 77 48
5293 48 457
5294 31 878
5295 88 731
5296 39 12
5297 85 537
5298 15 812
5299 67 668
5300 57 251
5301 6 946
5302 75 420
5303 35 400
5304 20 915
5305 81 339
5306 15 111
5307 77 413
5308 88 528
5309 87 931
5310 47 893
5311 10 681
5312 24 562
5313 28 138
5314 91 695
5315 20 770
5316 47 203
5317 70 779
5318 4 812
5319 76 816
5320 38 999
5321 73 940
5322 37 589
5323 23 969
5324 45 784
5325 86 988
5326 37 423
5327 51 177
5328 60 888
5329 27 922
5330 46 121
5331 38 971
5332 49 575
5333 82 720
5334 20 998
5335 87 282
5336 48 766
5337 88 345
5338 67 345
5339 52 906
5340 96 31
5341 68 523
5342 85 57
5343 81 891
5344 9 901
5345 89 61
5346 62 628
5347 43 893
5348 77 319
5349 99 495
5350 61 78
5351 97 223
5352 64 754
5353 85 395
5354 37 739
5355 54 351
5356 81 897
5357 89 937
5358 86 421
5359 73 231
5360 75 238
5361 55 978
5362 81 518
5363 32 598
5364 55 408
5365 69 496
5366 87 865
5367 9 121
5368 34 70
5369 52 230
5370 47 74
5371 97 468
5372 69 568
5373 19 712
5374 51 347
5375 49 478
5376 59 230
5377 83 936
5378 55 737
5379 23 916
5380 76 837
5381 88 448
5382 5 245
5383 53 257
5384 7 45
5385 69 271
5386 88 445
5387 96 868
5388 16 599
5389 25 772
5390 51 708
5391 51 804
5392 65 740
5393 55 699
5394 39 42
5395 45 17
5396 55 287
5397 79 776
5398 58 247
5399 26 348
5400 86 580
5401 47 241
5402 71 372
5403 15 904
5404 88 737
5405 37 357
5406 33 250
5407 21 850
5408 50 327
5409 28 355
5410 79 296
5411 7 55
5412 11 871
5413 97 569
5414 55 197
5415 3 932
5416 66 977
5417 11 50
5418 11 564
5419 9 490
5420 42 839
5421 60 903
5422 45 581
5423 64 682
5424 12 969
5425 36 69
5426 72 596
5427 19 563
5428 89 884
5429 20 540
5430 72 755
5431 1 914
5432 47 138
5433 31 313
5434 81 502
5435 74 907
5436 10 992
5437 36 62
5438 30 657
5439 83 261
5440 66 128
5441 44 392
5442 26 296
5443 40 715
5444 94 630
5445 82 272
5446 50 878
5447 8 909
5448 29 668
5449 15 228
5450 58 630
5451 73 774
5452 76 821
5453 78 603
5454 37 829
5455 49 216
5456 28 697
5457 37 594
5458 49 903
5459 24 506
5460 66 954
5461 81 411
5462 90 185
5463 4 194
5464 33 129
5465 68 18
5466 28 717
5467 61 841
5468 41 670
5469 2 449
5470 62 963
5471 61 10
5472 43 254
5473 44 824
5474 99 146
5475 94 712
5476 58 191
5477 83 512
5478 98 912
5479 33 924
5480 43 558
5481 46 251
5482 49 764
5483 98 151
5484 62 211
5485 8 947
5486 72 758
5487 21 783
5488 28 311
5489 7 956
5490 30 24
5491 32 901
5492 80 199
5493 19 465
5494 95 486
5495 56 240
5496 41 981
5497 51 36
5498 91 62
5499 14 742
5500 96 257
5501 29 579
5502 25 678
5503 99 770
5504 11 328
5505 31 511
5506 12 863
5507 59 271
5508 43 475
5509 27 610
5510 51 429
5511 70 762
5512 30 748
5513 96 937
5514 94 271
5515 65 839
5516 63 183
5517 91 100
5518 87 342
5519 60 279
5520 39 701
5521 86 713
5522 85 135
5523 51 925
5524 81 815
5525 1 262
5526 60 102
5527 38 793
5528 9 656
5529 60 839
5530 36 355
5531 84 668
5532 72 911
5533 75 215
5534 51 298
5535 41 721
5536 50 507
5537 82 694
5538 26 547
5539 58 928
5540 80 360
5541 72 421
5542 85 497
5543 88 103
5544 93 359
5545 60 144
5546 86 178
5547 50 13
5548 81 278
5549 83 750
5550 13 932
5551 28 275
5552 14 596
5553 56 755
5554 10 345
5555 16 760
5556 23 766
5557 77 302
5558 15 869
5559 62 70
5560 37 860
5561 3 922
5562 30 559
5563 43 445
5564 14 785
5565 17 819
5566 23 848
5567 55 507
5568 1 83
5569 27 677
5570 80 633
5571 41 510
5572 97 392
5573 98 962
5574 51 968
5575 44 71
5576 60 558
5577 13 900
5578 14 200
5579 69 120
5580 30 231
5581 4 579
5582 69 125
5583 100 538
5584 34 295
5585 88 402
5586 88 979
5587 92 184
5588 76 434
5589 56 639
5590 61 513
5591 42 218
5592 47 831
5593 69 571
5594 13 179
5595 61 41
5596 19 580
5597 4 336
5598 56 336
5599 45 993
5600 70 206
5601 33 828
5602 15 356
5603 31 757
5604 60 484
5605 44 685
5606 72 458
5607 9 33
5608 80 392
5609 11 803
5610 75 526
5611 46 916
5612 83 895
5613 99 787
5614 9 586
5615 66 227
5616 66 703
5617 26 34
5618 43 146
5619 51 64
5620 63 642
5621 13 42
5622 5 890
5623 92 532
5624 36 328
5625 56 267
5626 62 722
5627 48 46
5628 26 368
5629 87 692
5630 90 354
5631 16 734
5632 66 44
5633 49 127
5634 37 225
5635 26 926
5636 49 296
5637 11 761
5638 27 179
5639 52 734
5640 96 592
5641 14 329
5642 58 196
5643 88 425
5644 67 523
5645 37 719
5646 95 625
5647 18 167
5648 72 677
5649 17 677
5650 22 517
5651 18 435
5652 2 756
5653 65 291
5654 24 947
5655 10 402
5656 70 271
5657 5 22
5658 11 731
5659 60 829
5660 19 469
5661 49 108
5662 44 627
5663 51 804
5664 100 667
5665 75 374
5666 2 516
5667 27 884
5668 77 210
5669 40 614
5670 64 880
5671 48 518
5672 49 43
5673 26 161
5674 49 112
5675 59 779
5676 58 305
5677 88 660
5678 53 339
5679 85 666
5680 2 132
5681 26 112
5682 60 199
5683 85 259
5684 25 639
5685 89 880
5686 32 362
5687 59 526
5688 77 386
5689 43 767
5690 17 998
5691 2 96
5692 2 648
5693 95 718
5694 22 663
5695 88 679
5696 54 762
5697 91 123
5698 39 783
5699 22 209
5700 5 854
5701 92 253
5702 34 77
5703 46 13
5704 41 73
5705 1 330
5706 92 657
5707 85 545
5708 86 206
5709 67 976
5710 2 794
5711 8 440
5712 14 15
5713 68 989
5714 35 418
5715 97 799
5716 42 349
5717 91 855
5718 37 484
5719 74 512
5720 84 115
5721 46 514
5722 71 338
5723 97 811
5724 52 496
5725 82 121
5726 41 413
5727 60 609
5728 70 815
5729 86 57
5730 3 498
5731 15 824
5732 30 855
5733 67 34
5734 38 751
5735 80 575
5736 51 959
5737 51 974
5738 69 105
5739 66 428
5740 50 329
5741 79 782
5742 58 120
5743 37 162
5744 99 683
5745 29 962
5746 30 235
5747 26 641
5748 84 341
5749 65 909
5750 6 631
5751 73 699
5752 49 403
5753 39 413
5754 45 162
5755 1 413
5756 33 676
5757 2 72
5758 88 519
5759 5 240
5760 32 430
5761 65 632
5762 97 692
5763 51 288
5764 21 770
5765 61 770
5766 17 305
5767 55 909
5768 32 313
5769 60 751
5770 61 901
5771 25 229
5772 31 523
5773 40 283
5774 72 622
5775 57 982
5776 1 683
5777 60 295
5778 90 373
5779 38 698
5780 63 806
5781 19 55
5782 98 1000
5783 81 735
5784 16 723
5785 19 611
5786 58 576
5787 38 214
5788 69 914
5789 77 893
5790 37 894
5791 65 483
5792 48 423
5793 45 52
5794 41 769
5795 74 617
5796 16 782
5797 27 795
5798 19 165
5799 35 977
5800 65 292
5801 64 727
5802 75 179
5803 51 214
5804 25 107
5805 5 352
5806 35 264
5807 92 969
5808 82 106
5809 67 77
5810 63 150
5811 87 651
5812 62 421
5813 24 612
5814 48 76
5815 100 357
5816 29 350
5817 48 620
5818 30 812
5819 5 611
5820 69 220
5821 19 322
5822 24 683
5823 28 87
5824 90 723
5825 28 246
5826 78 155
5827 8 477
5828 62 116
5829 14 471
5830 8 632
5831 11 259
5832 32 186
5833 8 373
5834 37 597
5835 61 831
5836 59 610
5837 62 620
5838 48 400
5839 21 714
5840 61 403
5841 34 128
5842 98 221
5843 4 682
5844 18 28
5845 64 954
5846 54 993
5847 90 58
5848 13 258
5849 16 793
5850 76 184
5851 97 139
5852 8 702
5853 70 584
5854 22 944
5855 5 461
5856 54 488
5857 82 258
5858 14 866
5859 74 933
5860 24 563
5861 76 441
5862 3 777
5863 41 744
5864 82 953
5865 17 305
5866 45 559
5867 45 502
5868 61 327
5869 19 511
5870 28 168
5871 34 924
5872 9 178
5873 98 490
5874 84 174
5875 30 198
5876 46 826
5877 62 224
5878 42 362
5879 2 972
5880 14 756
5881 54 523
5882 18 618
5883 65 892
5884 83 677
5885 12 326
5886 21 480
5887 32 636
5888 50 688
5889 93 867
5890 85 41
5891 80 63
5892 62 746
5893 76 502
5894 62 275
5895 73 524
5896 57 861
5897 78 843
5898 49 428
5899 27 373
5900 93 757
5901 45 841
5902 18 635
5903 29 125
5904 23 853
5905 48 938
5906 5 306
5907 58 520
5908 8 651
5909 79 881
5910 3 536
5911 72 953
5912 63 717
5913 55 401
5914 66 10
5915 56 256
5916 36 442
5917 56 73
5918 20 213
5919 40 461
5920 40 357
5921 82 712
5922 61 159
5923 20 769
5924 26 194
5925 14 403
5926 23 536
5927 73 810
5928 17 107
5929 1 667
5930 65 40
5931 69 251
5932 27 738
5933 63 463
5934 59 233
5935 36 30
5936 6 316
5937 91 164
5938 31 848
5939 29 8
5940 76 551
5941 33 490
5942 41 486
5943 3 141
5944 81 407
5945 1 191
5946 23 712
5947 47 294
5948 95 500
5949 37 55
5950 10 841
5951 79 987
5952 14 351
5953 90 750
5954 77 515
5955 59 115
5956 94 897
5957 49 354
5958 13 114
5959 60 260
5960 62 182
5961 34 525
5962 75 517
5963 16 428
5964 12 622
5965 13 289
5966 98 64
5967 60 878
5968 56 445
5969 57 681
5970 25 132
5971 44 683
5972 41 371
5973 24 217
5974 21 489
5975 61 226
5976 1 581
5977 85 823
5978 98 540
5979 40 323
5980 78 522
5981 44 605
5982 73 410
5983 23 240
5984 70 839
5985 38 170
5986 70 995
5987 41 237
5988 73 275
5989 64 4
5990 98 106
5991 40 612
5992 100 248
5993 1 458
5994 25 418
5995 47 599
5996 26 152
5997 5 182
5998 44 308
5999 43 215
6000 38 802
6001 9 553
6002 16 836
6003 29 541
6004 6 606
6005 51 396
6006 68 901
6007 78 526
6008 5 935
6009 44 449
6010 79 281
6011 34 638
6012 77 332
6013 14 715
6014 67 633
6015 74 571
6016 59 678
6017 41 130
6018 72 18
6019 49 777
6020 67 49
6021 11 784
6022 83 60
6023 64 625
6024 5 696
6025 54 31
6026 88 258
6027 27 181
6028 93 636
6029 39 436
6030 32 547
6031 25 740
6032 90 758
6033 24 601
6034 1 726
6035 64 498
6036 58 863
6037 1 299
6038 98 739
6039 29 597
6040 69 695
6041 38 320
6042 97 596
6043 73 535
6044 77 863
6045 46 810
6046 52 862
6047 31 739
6048 54 282
6049 33 16
6050 3 298
6051 1 840
6052 8 229
6053 21 921
6054 39 489
6055 39 643
6056 68 662
6057 65 89
6058 1 274
6059 23 999
6060 73 607
6061 80 585
6062 9 874
6063 100 778
6064 20 561
6065 38 581
6066 20 858
6067 50 289
6068 32 237
6069 70 135
6070 14 121
6071 26 751
6072 20 334
6073 67 366
6074 53 921
6075 80 312
6076 68 338
6077 82 702
6078 18 365
6079 82 405
6080 70 219
6081 60 53
6082 99 431
6083 5 740
6084 22 773
6085 5 42
6086 43 550
6087 29 455
6088 76 200
6089 96 107
6090 55 418
6091 53 71
6092 26 14
6093 48 263
6094 7 822
6095 28 926
6096 57 746
6097 85 946
6098 85 454
6099 77 499
6100 66 256
6101 42 571
6102 69 782
6103 94 981
6104 24 808
6105 26 513
6106 62 442
6107 36 349
6108 57 673
6109 75 642
6110 8 219
6111 11 856
6112 48 552
6113 90 814
6114 17 344
6115 70 55
6116 78 143
6117 37 48
6118 84 718
6119 33 358
6120 24 274
6121 69 733
6122 38 151
6123 30 380
6124 3 851
6125 50 313
6126 68 501
6127 12 838
6128 68 804
6129 13 793
6130 14 606
6131 13 950
6132 51 642
6133 87 302
6134 50 433
6135 45 141
6136 64 474
6137 51 77
6138 96 568
6139 5 428
6140 85 719
6141 38 180
6142 49 188
6143 82 708
6144 60 811
6145 52 50
6146 20 366
6147 53 828
6148 84 988
6149 14 211
6150 24 424
6151 70 315
6152 8 533
6153 5 828
6154 8 463
6155 35 644
6156 10 571
6157 25 954
6158 67 547
6159 96 122
6160 56 158
6161 28 137
6162 35 241
6163 93 799
6164 83 447
6165 88 486
6166 22 308
6167 52 924
6168 3 835
6169 10 735
6170 17 651
6171 76 250
6172 84 567
6173 40 174
6174 76 548
6175 12 682
6176 97 883
6177 65 74
6178 35 632
6179 5 873
6180 2 547
6181 48 812
6182 47 64
6183 52 857
6184 58 118
6185 31 396
6186 25 641
6187 92 682
6188 57 949
6189 60 28
6190 1 608
6191 23 683
6192 45 244
6193 89 901
6194 26 412
6195 42 352
6196 9 131
6197 18 202
6198 30 503
6199 98 317
6200 4 244
6201 46 829
6202 63 806
6203 90 135
6204 3 308
6205 34 547
6206 58 458
6207 20 102
6208 87 664
6209 80 121
6210 67 795
6211 38 304
6212 31 433
6213 7 406
6214 82 851
6215 31 641
6216 79 893
6217 21 374
6218 93 715
6219 11 236
6220 63 360
6221 22 624
6222 52 134
6223 62 195
6224 7 535
6225 10 932
6226 41 452
6227 10 736
6228 93 770
6229 26 364
6230 12 182
6231 65 667
6232 48 345
6233 11 151
6234 41 829
6235 11 262
6236 13 153
6237 21 30
6238 8 519
6239 93 365
6240 93 538
6241 93 230
6242 71 305
6243 33 686
6244 8 605
6245 24 77
6246 34 212
6247 78 741
6248 6 525
6249 62 509
6250 62 656
6251 38 138
6252 47 659
6253 11 763
6254 76 326
6255 43 988
6256 56 495
6257 24 223
6258 31 192
6259 3 246
6260 68 421
6261 11 216
6262 64 146
6263 41 79
6264 57 242
6265 30 170
6266 37 102
6267 14 977
6268 19 919
6269 67 190
6270 93 228
6271 91 966
6272 51 613
6273 3 111
6274 88 558
6275 36 655
6276 75 358
6277 52 295
6278 17 570
6279 75 152
6280 62 597
6281 7 169
6282 84 587
6283 19 692
6284 24 638
6285 20 967
6286 14 932
6287 23 461
6288 53 233
6289 37 905
6290 19 879
6291 68 963
6292 63 847
6293 58 321
6294 48 565
6295 79 643
6296 79 200
6297 6 326
6298 68 751
6299 67 323
6300 37 215
6301 44 25
6302 42 321
6303 43 813
6304 77 178
6305 14 857
6306 24 564
6307 34 224
6308 100 827
6309 19 705
6310 48 53
6311 87 460
6312 98 130
6313 75 728
6314 93 235
6315 40 939
6316 35 346
6317 21 294
6318 10 294
6319 18 674
6320 35 891
6321 54 884
6322 26 705
6323 16 692
6324 34 758
6325 4 769
6326 95 645
6327 75 233
6328 15 414
6329 16 287
6330 96 346
6331 33 83
6332 46 566
6333 88 466
6334 34 376
6335 42 666
6336 3 517
6337 38 551
6338 39 412
6339 10 334
6340 85 986
6341 64 488
6342 73 431
6343 42 850
6344 52 727
6345 84 279
6346 90 295
6347 36 137
6348 48 337
6349 85 553
6350 49 800
6351 61 433
6352 87 449
6353 20 105
6354 59 497
6355 97 290
6356 83 385
6357 93 175
6358 21 816
6359 15 442
6360 56 688
6361 40 445
6362 66 973
6363 15 324
6364 30 960
6365 98 971
6366 76 825
6367 34 169
6368 97 901
6369 62 225
6370 41 763
6371 47 863
6372 58 234
6373 93 606
6374 61 813
6375 65 935
6376 32 624
6377 95 360
6378 71 970
6379 97 740
6380 99 504
6381 39 665
6382 82 678
6383 38 190
6384 5 686
6385 98 864
6386 66 423
6387 23 355
6388 63 399
6389 15 475
6390 98 855
6391 15 908
6392 37 834
6393 25 525
6394 60 177
6395 50 626
6396 15 909
6397 80 801
6398 85 688
6399 83 188
6400 70 504
6401 8 403
6402 66 277
6403 72 519
6404 9 453
6405 72 553
6406 26 266
6407 94 709
6408 90 565
6409 70 204
6410 30 607
6411 6 202
6412 48 534
6413 27 953
6414 90 769
6415 25 426
6416 83 929
6417 29 798
6418 19 513
6419 42 85
6420 45 694
6421 46 573
6422 41 463
6423 88 839
6424 51 342
6425 56 319
6426 23 813
6427 14 481
6428 21 185
6429 46 92
6430 72 968
6431 8 301
6432 59 186
6433 76 278
6434 7 442
6435 9 96
6436 52 997
6437 75 694
6438 48 951
6439 97 172
6440 56 518
6441 64 686
6442 15 681
6443 37 405
6444 48 253
6445 48 198
6446 7 318
6447 71 601
6448 41 661
6449 64 738
6450 86 18
6451 64 302
6452 84 590
6453 78 974
6454 18 333
6455 39 403
6456 92 333
6457 87 213
6458 48 708
6459 37 619
6460 11 167
6461 14 172
6462 33 412
6463 90 989
6464 12 381
6465 22 173
6466 11 646
6467 80 185
6468 89 502
6469 36 85
6470 58 631
6471 91 202
6472 23 519
6473 23 655
6474 15 751
6475 33 863
6476 10 421
6477 70 798
6478 77 824
6479 24 86
6480 36 739
6481 83 949
6482 19 786
6483 27 474
6484 82 411
6485 4 963
6486 13 335
6487 34 89
6488 3 468
6489 8 991
6490 64 643
6491 55 17
6492 53 125
6493 20 702
6494 58 403
6495 44 625
6496 88 972
6497 59 880
6498 28 740
6499 60 60
6500 25 176
6501 30 504
6502 54 751
6503 73 192
6504 73 446
6505 44 152
6506 95 498
6507 3 911
6508 61 222
6509 100 725
6510 53 541
6511 83 916
6512 19 354
6513 67 119
6514 9 190
6515 44 203
6516 36 345
6517 96 32
6518 49 747
6519 95 218
6520 71 786
6521 98 558
6522 11 483
6523 6 624
6524 57 253
6525 34 163
6526 94 623
6527 66 333
6528 52 332
6529 25 946
6530 20 957
6531 38 248
6532 23 204
6533 17 348
6534 39 399
6535 79 997
6536 99 814
6537 90 949
6538 54 976
6539 48 106
6540 51 785
6541 90 195
6542 95 202
6543 19 863
6544 37 495
6545 30 940
6546 48 584
6547 23 779
6548 85 445
6549 88 281
6550 28 433
6551 80 863
6552 37 309
6553 24 263
6554 43 569
6555 64 112
6556 83 385
6557 81 64
6558 94 241
6559 24 675
6560 30 22
6561 64 626
6562 65 155
6563 20 94
6564 17 478
6565 79 256
6566 100 28
6567 100 989
6568 49 125
6569 12 326
6570 12 631
6571 23 984
6572 28 900
6573 95 633
6574 40 982
6575 87 886
6576 33 951
6577 7 484
6578 51 767
6579 40 470
6580 60 823
6581 33 205
6582 75 600
6583 78 474
6584 61 130
6585 79 591
6586 54 780
6587 16 404
6588 39 909
6589 1 300
6590 87 739
6591 8 875
6592 62 618
6593 33 211
6594 2 140
6595 66 13
6596 2 735
6597 18 889
6598 66 633
6599 33 794
6600 49 948
6601 9 790
6602 85 327
6603 83 937
6604 47 639
6605 85 210
6606 55 666
6607 20 321
6608 18 907
6609 83 739
6610 56 203
6611 99 352
6612 21 200
6613 72 716
6614 10 304
6615 80 408
6616 69 268
6617 71 576
6618 71 487
6619 93 123
6620 31 495
6621 4 925
6622 29 180
6623 43 739
6624 28 825
6625 75 378
6626 63 802
6627 88 551
6628 51 350
6629 35 994
6630 73 481
6631 34 59
6632 73 190
6633 35 410
6634 45 739
6635 100 194
6636 69 771
6637 6 857
6638 95 239
6639 7 57
6640 4 825
6641 65 289
6642 71 388
6643 63 470
6644 90 397
6645 60 473
6646 81 313
6647 17 284
6648 99 782
6649 69 697
6650 45 384
6651 7 981
6652 56 404
6653 71 923
6654 18 554
6655 83 49
6656 84 477
6657 34 656
6658 13 608
6659 51 977
6660 98 260
6661 34 877
6662 46 173
6663 20 765
6664 14 430
6665 34 764
6666 50 478
6667 12 759
6668 35 944
6669 98 220
6670 8 768
6671 98 640
6672 24 169
6673 11 736
6674 50 717
6675 98 974
6676 93 652
6677 92 69
6678 14 945
6679 69 864
6680 31 394
6681 1 165
6682 96 747
6683 5 763
6684 53 262
6685 84 487
6686 85 966
6687 83 730
6688 47 773
6689 23 681
6690 21 589
6691 15 305
6692 18 945
6693 98 600
6694 91 354
6695 23 411
6696 30 190
6697 8 425
6698 97 131
6699 42 571
6700 55 995
6701 46 482
6702 64 134
6703 54 328
6704 15 355
6705 79 383
6706 74 9
6707 55 711
6708 10 539
6709 20 596
6710 73 602
6711 17 788
6712 25 782
6713 7 442
6714 84 687
6715 83 186
6716 68 564
6717 72 74
6718 93 375
6719 52 261
6720 97 760
6721 23 173
6722 16 890
6723 96 847
6724 68 823
6725 89 450
6726 13 319
6727 4 917
6728 80 971
6729 25 890
6730 63 964
6731 36 548
6732 84 636
6733 15 878
6734 58 437
6735 82 341
6736 27 149
6737 25 982
6738 40 496
6739 61 9
6740 19 575
6741 60 434
6742 74 874
6743 54 799
6744 51 744
6745 88 950
6746 66 679
6747 67 719
6748 100 448
6749 45 789
6750 64 515
6751 55 348
6752 91 22
6753 45 818
6754 52 400
6755 53 395
6756 39 418
6757 62 432
6758 64 602
6759 65 294
6760 32 961
6761 70 625
6762 57 854
6763 69 918
6764 40 705
6765 59 45
6766 69 935
6767 58 504
6768 93 413
6769 24 521
6770 5 251
6771 5 468
6772 90 872
6773 59 813
6774 29 635
6775 44 421
6776 56 289
6777 1 503
6778 43 877
6779 51 167
6780 82 723
6781 13 62
6782 94 184
6783 66 508
6784 23 555
6785 83 184
6786 81 630
6787 80 249
6788 31 533
6789 2 27
6790 46 177
6791 51 265
6792 11 626
6793 99 166
6794 90 942
6795 86 667
6796 81 725
6797 57 791
6798 81 426
6799 36 245
6800 31 815
6801 50 850
6802 20 47
6803 52 345
6804 83 936
6805 3 395
6806 97 783
6807 59 944
6808 48 9
6809 96 506
6810 76 820
6811 9 543
6812 16 457
6813 38 197
6814 6 49
6815 100 712
6816 77 155
6817 37 307
6818 58 629
6819 80 474
6820 99 31
6821 90 910
6822 73 29
6823 36 230
6824 13 715
6825 38 507
6826 11 7
6827 26 739
6828 41 376
6829 22 286
6830 22 138
6831 45 6
6832 22 348
6833 18 720
6834 60 463
6835 76 345
6836 51 843
6837 17 768
6838 4 559
6839 15 205
6840 44 119
6841 79 8
6842 30 457
6843 75 880
6844 63 531
6845 3 66
6846 19 634
6847 16 798
6848 62 353
6849 57 580
6850 35 397
6851 99 76
6852 26 229
6853 6 821
6854 62 100
6855 84 297
6856 96 364
6857 55 981
6858 4 518
6859 12 370
6860 65 447
6861 9 330
6862 99 469
6863 71 643
6864 3 44
6865 90 219
6866 86 213
6867 63 546
6868 30 252
6869 24 542
6870 36 630
6871 4 137
6872 43 383
6873 36 405
6874 7 114
6875 14 959
6876 83 393
6877 69 428
6878 91 798
6879 47 503
6880 26 598
6881 59 745
6882 44 143
6883 70 493
6884 12 59
6885 25 838
6886 21 915
6887 72 521
6888 13 344
6889 48 167
6890 78 961
6891 58 280
6892 14 783
6893 15 293
6894 40 315
6895 10 934
6896 9 713
6897 5 74
6898 20 313
6899 53 527
6900 47 985
6901 38 31
6902 96 468
6903 25 427
6904 97 522
6905 53 754
6906 55 719
6907 5 64
6908 93 241
6909 55 104
6910 5 580
6911 50 420
6912 77 303
6913 20 845
6914 4 991
6915 63 240
6916 6 537
6917 65 151
6918 45 969
6919 33 811
6920 69 113
6921 54 556
6922 65 474
6923 28 622
6924 99 369
6925 66 740
6926 91 403
6927 63 502
6928 98 989
6929 38 982
6930 48 427
6931 95 344
6932 3 454
6933 12 913
6934 24 173
6935 95 139
6936 21 84
6937 11 747
6938 87 956
6939 4 190
6940 62 865
6941 99 100
6942 49 418
6943 41 509
6944 93 242
6945 60 146
6946 62 68
6947 9 206
6948 45 895
6949 68 94
6950 4 423
6951 72 844
6952 79 908
6953 38 502
6954 69 845
6955 100 161
6956 17 205
6957 39 50
6958 63 507
6959 81 803
6960 80 285
6961 64 727
6962 82 178
6963 50 400
6964 43 984
6965 94 356
6966 74 604
6967 17 61
6968 75 855
6969 65 418
6970 48 205
6971 12 966
6972 85 409
6973 8 292
6974 1 126
6975 36 59
6976 2 185
6977 27 562
6978 18 224
6979 15 136
6980 100 640
6981 7 935
6982 66 432
6983 19 186
6984 76 164
6985 90 950
6986 15 865
6987 77 340
6988 73 401
6989 25 575
6990 99 806
6991 91 285
6992 58 386
6993 48 463
6994 54 698
6995 75 914
6996 25 327
6997 9 17
6998 11 720
6999 15 326
7000 93 280
7001 73 37
7002 70 840
7003 54 123
7004 19 188
7005 72 46
7006 78 651
7007 4 152
7008 91 58
7009 19 119
7010 43 508
7011 68 356
7012 73 23
7013 9 843
7014 18 729
7015 82 103
7016 25 288
7017 78 350
7018 46 727
7019 76 519
7020 38 918
7021 50 201
7022 53 414
7023 46 139
7024 74 178
7025 78 800
7026 74 202
7027 47 259
7028 77 548
7029 91 990
7030 23 48
7031 66 564
7032 69 242
7033 65 947
7034 74 453
7035 39 997
7036 83 244
7037 32 488
7038 62 997
7039 50 620
7040 86 528
7041 79 917
7042 8 937
7043 81 637
7044 90 296
7045 74 998
7046 36 794
7047 74 936
7048 61 701
7049 69 877
7050 48 719
7051 65 171
7052 67 578
7053 39 988
7054 5 446
7055 93 217
7056 17 202
7057 78 214
7058 13 318
7059 67 490
7060 44 325
7061 59 704
7062 41 203
7063 21 174
7064 70 107
7065 7 204
7066 49 376
7067 86 416
7068 81 91
7069 90 592
7070 11 606
7071 78 317
7072 3 213
7073 35 346
7074 62 266
7075 89 97
7076 4 772
7077 54 801
7078 40 487
7079 72 586
7080 88 244
7081 16 81
7082 2 162
7083 78 339
7084 1 319
7085 63 561
7086 66 604
7087 73 694
7088 46 401
7089 25 242
7090 83 41
7091 20 67
7092 50 160
7093 56 240
7094 77 579
7095 72 255
7096 99 449
7097 95 925
7098 98 767
7099 76 891
7100 98 962
7101 2 986
7102 3 596
7103 49 490
7104 22 84
7105 38 98
7106 65 816
7107 89 326
7108 99 489
7109 34 939
7110 72 623
7111 30 242
7112 59 715
7113 40 4
7114 50 5
7115 73 49
7116 6 628
7117 64 943
7118 62 543
7119 86 496
7120 85 134
7121 79 911
7122 10 294
7123 76 42
7124 26 686
7125 34 342
7126 24 323
7127 18 602
7128 37 259
7129 68 410
7130 94 277
7131 34 850
7132 67 639
7133 57 647
7134 78 823
7135 57 365
7136 100 132
7137 79 118
7138 18 343
7139 42 864
7140 53 442
7141 4 320
7142 20 957
7143 93 442
7144 12 530
7145 39 184
7146 24 71
7147 73 851
7148 14 221
7149 1 692
7150 71 115
7151 16 430
7152 12 946
7153 71 590
7154 2 885
7155 19 279
7156 61 475
7157 68 225
7158 28 81
7159 46 866
7160 81 208
7161 93 392
7162 3 377
7163 35 425
7164 84 16
7165 36 641
7166 19 12
7167 53 936
7168 70 311
7169 81 810
7170 20 688
7171 77 929
7172 28 374
7173 30 322
7174 43 866
7175 45 864
7176 34 602
7177 40 186
7178 5 558
7179 98 176
7180 68 132
7181 93 781
7182 28 120
7183 15 392
7184 60 882
7185 20 409
7186 14 694
7187 82 801
7188 71 439
7189 20 84
7190 74 958
7191 66 121
7192 98 389
7193 64 614
7194 48 686
7195 48 433
7196 7 95
7197 57 793
7198 53 836
7199 45 923
7200 51 273
7201 24 867
7202 92 116
7203 18 188
7204 11 927
7205 40 540
7206 81 666
7207 40 633
7208 14 658
7209 89 31
7210 11 942
7211 54 939
7212 44 692
7213 91 359
7214 91 619
7215 22 318
7216 53 517
7217 92 229
7218 56 484
7219 95 53
7220 71 993
7221 65 20
7222 80 234
7223 53 832
7224 80 289
7225 51 741
7226 15 140
7227 66 576
7228 54 221
7229 80 825
7230 28 685
7231 53 751
7232 64 543
7233 95 159
7234 77 857
7235 90 946
7236 91 327
7237 73 539
7238 72 819
7239 84 675
7240 17 68
7241 5 977
7242 89 41
7243 14 101
7244 47 464
7245 69 452
7246 22 355
7247 48 970
7248 19 151
7249 97 370
7250 42 123
7251 56 601
7252 61 862
7253 1 828
7254 81 793
7255 48 12
7256 11 463
7257 37 765
7258 95 107
7259 33 328
7260 52 142
7261 24 780
7262 88 203
7263 79 829
7264 26 559
7265 30 301
7266 14 318
7267 54 677
7268 87 460
7269 2 931
7270 16 408
7271 93 420
7272 32 578
7273 42 67
7274 80 339
7275 36 856
7276 42 235
7277 82 350
7278 3 922
7279 52 553
7280 93 255
7281 75 341
7282 73 733
7283 45 333
7284 79 212
7285 45 636
7286 46 129
7287 67 827
7288 99 609
7289 22 258
7290 8 48
7291 70 845
7292 48 260
7293 97 268
7294 42 79
7295 5 38
7296 91 350
7297 50 438
7298 2 503
7299 2 505
7300 30 482
7301 11 640
7302 61 700
7303 99 1000
7304 8 290
7305 5 922
7306 24 996
7307 58 764
7308 24 171
7309 99 725
7310 81 313
7311 93 351
7312 82 795
7313 78 75
7314 36 535
7315 74 434
7316 87 161
7317 43 372
7318 88 428
7319 48 850
7320 81 249
7321 81 390
7322 54 651
7323 21 118
7324 16 743
7325 16 318
7326 14 250
7327 6 511
7328 99 160
7329 11 429
7330 29 839
7331 54 937
7332 36 613
7333 41 328
7334 83 757
7335 30 704
7336 61 997
7337 44 618
7338 11 584
7339 58 359
7340 51 178
7341 28 623
7342 34 972
7343 7 98
7344 71 13
7345 29 323
7346 78 474
7347 72 925
7348 41 274
7349 81 276
7350 19 313
7351 19 65
7352 69 672
7353 39 804
7354 92 461
7355 53 379
7356 61 411
7357 22 851
7358 88 943
7359 69 268
7360 80 525
7361 16 416
7362 87 110
7363 28 141
7364 14 162
7365 97 388
7366 35 46
7367 19 92
7368 10 856
7369 26 441
7370 43 98
7371 13 627
7372 7 285
7373 14 648
7374 42 509
7375 98 354
7376 20 385
7377 83 91
7378 25 909
7379 2 341
7380 100 876
7381 29 188
7382 57 9
7383 85 680
7384 21 563
7385 9 744
7386 65 21
7387 73 51
7388 44 779
7389 30 781
7390 95 884
7391 4 157
7392 65 731
7393 74 952
7394 84 786
7395 87 784
7396 70 803
7397 98 750
7398 88 839
7399 15 499
7400 24 253
7401 46 663
7402 36 989
7403 29 557
7404 100 371
7405 86 461
7406 19 480
7407 42 542
7408 40 959
7409 85 414
7410 54 748
7411 94 710
7412 50 582
7413 74 562
7414 78 552
7415 91 347
7416 12 60
7417 47 967
7418 87 371
7419 2 759
7420 57 406
7421 94 684
7422 47 812
7423 15 518
7424 82 697
7425 71 773
7426 9 79
7427 79 607
7428 93 722
7429 70 421
7430 5 451
7431 22 751
7432 7 197
7433 25 473
7434 54 287
7435 26 612
7436 49 298
7437 80 289
7438 40 573
7439 44 295
7440 51 992
7441 81 948
7442 27 960
7443 59 822
7444 86 646
7445 35 401
7446 1 360
7447 9 642
7448 46 428
7449 46 260
7450 90 364
7451 78 780
7452 37 159
7453 32 178
7454 31 670
7455 90 341
7456 62 71
7457 7 187
7458 85 952
7459 47 681
7460 25 491
7461 13 981
7462 82 792
7463 49 45
7464 19 206
7465 11 647
7466 83 483
7467 4 426
7468 61 850
7469 22 478
7470 71 864
7471 26 823
7472 14 885
7473 50 924
7474 14 88
7475 100 21
7476 37 610
7477 63 950
7478 24 939
7479 52 27
7480 13 930
7481 18 542
7482 93 843
7483 96 163
7484 11 526
7485 82 950
7486 22 736
7487 1 345
7488 66 513
7489 25 209
7490 89 116
7491 21 819
7492 33 725
7493 97 531
7494 19 916
7495 41 772
7496 85 555
7497 56 496
7498 40 778
7499 35 626
7500 55 756
7501 78 726
7502 6 961
7503 88 381
7504 71 377
7505 48 302
7506 80 77
7507 40 295
7508 95 167
7509 34 397
7510 34 796
7511 21 229
7512 35 488
7513 45 504
7514 34 486
7515 95 383
7516 89 84
7517 54 440
7518 7 388
7519 11 163
7520 74 365
7521 75 744
7522 14 907
7523 94 639
7524 21 408
7525 31 115
7526 65 123
7527 62 317
7528 8 213
7529 43 17
7530 13 820
7531 87 579
7532 15 767
7533 7 800
7534 8 754
7535 78 877
7536 36 606
7537 52 471
7538 20 846
7539 91 377
7540 11 595
7541 75 302
7542 100 772
7543 82 152
7544 57 507
7545 7 439
7546 22 455
7547 11 43
7548 37 363
7549 29 906
7550 68 375
7551 70 745
7552 15 937
7553 66 755
7554 45 19
7555 63 555
7556 27 80
7557 43 708
7558 23 902
7559 6 455
7560 50 180
7561 56 404
7562 100 110
7563 9 813
7564 36 776
7565 46 404
7566 63 461
7567 10 652
7568 94 231
7569 14 916
7570 40 979
7571 27 332
7572 86 329
7573 82 684
7574 29 312
7575 57 494
7576 83 820
7577 94 933
7578 8 360
7579 95 681
7580 6 657
7581 42 318
7582 68 769
7583 76 656
7584 76 424
7585 18 7
7586 44 626
7587 58 94
7588 59 590
7589 16 332
7590 19 731
7591 35 941
7592 28 403
7593 33 345
7594 11 477
7595 41 466
7596 2 801
7597 25 516
7598 51 516
7599 37 461
7600 55 544
7601 80 190
7602 39 808
7603 38 871
7604 89 303
7605 14 267
7606 87 575
7607 89 199
7608 49 735
7609 80 134
7610 57 77
7611 83 959
7612 52 127
7613 39 711
7614 83 538
7615 68 100
7616 1 932
7617 34 660
7618 13 996
7619 19 349
7620 13 833
7621 63 85
7622 8 385
7623 46 544
7624 51 612
7625 2 64
7626 90 327
7627 77 713
7628 97 16
7629 47 751
7630 67 465
7631 6 860
7632 70 815
7633 57 924
7634 13 567
7635 49 602
7636 37 998
7637 2 34
7638 77 168
7639 43 587
7640 23 705
7641 2 208
7642 71 473
7643 52 937
7644 48 60
7645 66 145
7646 28 679
7647 100 119
7648 65 225
7649 42 267
7650 28 434
7651 1 278
7652 86 622
7653 73 892
7654 38 433
7655 28 504
7656 77 229
7657 97 474
7658 77 564
7659 21 136
7660 66 975
7661 72 436
7662 98 654
7663 48 664
7664 45 507
7665 18 368
7666 70 190
7667 71 23
7668 60 68
7669 63 767
7670 22 599
7671 76 163
7672 17 750
7673 58 987
7674 13 954
7675 66 606
7676 72 486
7677 41 422
7678 99 978
7679 54 788
7680 67 118
7681 6 810
7682 46 127
7683 84 584
7684 80 353
7685 59 596
7686 74 294
7687 45 678
7688 59 983
7689 77 5
7690 11 193
7691 46 219
7692 50 6
7693 67 999
7694 30 725
7695 87 845
7696 95 551
7697 12 91
7698 14 366
7699 15 954
7700 86 154
7701 28 777
7702 74 73
7703 7 469
7704 50 584
7705 79 407
7706 93 599
7707 55 716
7708 46 422
7709 10 392
7710 100 203
7711 39 193
7712 71 688
7713 82 915
7714 31 275
7715 59 834
7716 96 986
7717 18 309
7718 74 857
7719 66 849
7720 17 982
7721 61 293
7722 20 657
7723 24 111
7724 50 637
7725 45 719
7726 49 233
7727 73 515
7728 2 161
7729 50 273
7730 44 111
7731 52 860
7732 90 415
7733 10 861
7734 70 269
7735 63 531
7736 15 224
7737 81 510
7738 73 759
7739 18 809
7740 6 536
7741 97 417
7742 21 246
7743 28 126
7744 54 150
7745 43 934
7746 95 380
7747 33 635
7748 46 301
7749 30 547
7750 32 111
7751 46 667
7752 96 103
7753 15 865
7754 45 374
7755 70 757
7756 67 296
7757 64 703
7758 93 484
7759 17 526
7760 91 371
7761 99 399
7762 52 744
7763 29 340
7764 25 161
7765 69 721
7766 80 933
7767 35 871
7768 40 734
7769 30 288
7770 92 539
7771 74 496
7772 59 862
7773 62 719
7774 63 652
7775 24 65
7776 52 877
7777 10 744
7778 66 887
7779 34 652
7780 89 78
7781 12 277
7782 77 541
7783 95 900
7784 61 42
7785 36 316
7786 83 996
7787 97 551
7788 54 606
7789 30 106
7790 48 120
7791 71 823
7792 50 399
7793 10 374
7794 28 999
7795 68 113
7796 90 940
7797 46 827
7798 33 231
7799 78 875
7800 62 175
7801 79 961
7802 11 646
7803 40 613
7804 25 451
7805 13 503
7806 72 699
7807 4 493
7808 4 574
7809 25 534
7810 93 454
7811 77 992
7812 34 827
7813 69 125
7814 92 72
7815 98 517
7816 20 476
7817 29 778
7818 76 877
7819 84 576
7820 21 102
7821 66 252
7822 72 747
7823 33 690
7824 30 488
7825 6 61
7826 34 589
7827 19 650
7828 34 355
7829 79 410
7830 94 343
7831 14 167
7832 96 341
7833 67 710
7834 50 696
7835 4 669
7836 3 551
7837 80 758
7838 43 964
7839 69 289
7840 29 981
7841 53 422
7842 82 38
7843 68 224
7844 72 436
7845 73 498
7846 77 931
7847 99 208
7848 38 888
7849 26 575
7850 17 887
7851 51 463
7852 41 282
7853 58 113
7854 51 625
7855 67 402
7856 7 563
7857 77 842
7858 61 472
7859 66 376
7860 42 801
7861 47 45
7862 33 99
7863 55 588
7864 82 193
7865 26 50
7866 60 800
7867 39 523
7868 73 853
7869 28 363
7870 22 748
7871 51 902
7872 51 606
7873 56 960
7874 55 633
7875 62 425
7876 28 799
7877 66 425
7878 49 218
7879 4 168
7880 21 242
7881 90 834
7882 40 223
7883 24 58
7884 7 511
7885 3 434
7886 83 594
7887 64 312
7888 81 962
7889 66 700
7890 76 225
7891 99 341
7892 69 343
7893 64 897
7894 73 604
7895 71 512
7896 94 371
7897 14 503
7898 8 617
7899 90 872
7900 34 696
7901 46 69
7902 25 288
7903 9 727
7904 45 261
7905 12 291
7906 64 924
7907 18 601
7908 67 999
7909 60 220
7910 63 591
7911 64 72
7912 28 550
7913 28 261
7914 11 392
7915 40 455
7916 3 350
7917 12 458
7918 17 58
7919 99 523
7920 75 460
7921 100 363
7922 85 180
7923 27 359
7924 91 134
7925 6 332
7926 4 104
7927 58 913
7928 8 977
7929 94 487
7930 31 918
7931 73 891
7932 36 88
7933 6 542
7934 63 980
7935 10 779
7936 28 389
7937 13 405
7938 72 534
7939 46 666
7940 4 490
7941 94 193
7942 100 74
7943 54 85
7944 100 78
7945 66 135
7946 55 522
7947 22 902
7948 49 830
7949 43 649
7950 93 797
7951 33 255
7952 78 223
7953 2 406
7954 1 821
7955 72 59
7956 53 987
7957 35 401
7958 68 24
7959 67 739
7960 51 277
7961 55 94
7962 67 353
7963 39 559
7964 46 805
7965 96 494
7966 19 599
7967 30 669
7968 92 119
7969 65 267
7970 86 723
7971 52 191
7972 88 781
7973 21 187
7974 58 333
7975 90 71
7976 4 375
7977 35 915
7978 14 680
7979 99 742
7980 38 915
7981 35 13
7982 98 233
7983 23 317
7984 84 638
7985 8 911
7986 9 389
7987 61 175
7988 70 715
7989 71 948
7990 70 324
7991 98 87
7992 75 409
7993 46 821
7994 17 666
7995 20 308
7996 23 940
7997 90 948
7998 55 759
7999 92 678
8000 11 995
1002377.0
